0.0283134
0.109632
0.498155
0.516068
0.257251
0.313776
0.651385
0.975682
0.0352361
0.938584
0.432583
0.402172
0.765377
0.835804
0.643555
0.217413
0.538756
0.24009
0.401715
0.20901
0.993813
0.190867
0.446966
0.0468632
0.348306
0.0262237
0.472106
0.591053
0.472614
0.326968
0.269205
0.406823
0.382688
0.961716
0.822214
0.248363
0.467672
0.709844
0.251326
0.519602
0.352594
0.763504
0.854245
0.889568
0.542569
0.898779
0.661087
0.785697
0.412902
0.647763
0.447908
0.101291
0.34075
0.92133
0.0185543
0.772683
0.875952
0.779173
0.078156
0.415167
0.250123
0.656318
0.348216
0.107539
0.898636
0.701408
0.117245
0.0546463
0.138748
0.416079
0.341256
0.446516
0.138874
0.745006
0.887935
0.0743074
0.896707
0.21172
0.495517
0.378176
0.490598
0.522125
0.876891
0.128114
0.316564
0.31827
0.407495
0.439224
0.761762
0.32179
0.0601575
0.555069
0.643019
0.686029
0.91428
0.946682
0.289141
0.585635
0.901278
0.158183
0.283771
0.302008
0.174182
0.982399
0.764912
0.279756
0.642677
0.302303
0.546335
0.744377
0.0674202
0.374807
0.756551
0.383522
0.508195
0.732195
0.270747
0.502464
0.192238
0.54035
0.56668
0.326872
0.786145
0.565426
0.574617
0.5726
0.138775
0.521225
0.794539
0.408905
0.157271
0.22115
0.477639
0.696596
0.643235
0.876197
0.0600116
0.278598
0.812421
0.360875
0.6187
0.928883
0.844748
0.595944
0.698422
0.237167
0.555969
0.813298
0.961519
0.0677652
0.415563
0.0732633
0.443551
0.918877
0.169571
0.507734
0.462489
0.0530978
0.715937
0.0155236
0.153176
0.455962
0.440849
0.443884
0.736089
0.437165
0.0360796
0.392005
0.398874
0.139681
0.483214
0.577898
0.811317
0.750136
0.78861
0.465434
0.252544
0.659017
0.801679
0.816103
0.700314
0.0734093
0.676411
0.504447
0.974824
0.773078
0.558451
0.944473
0.232876
0.358749
0.854691
0.978713
0.568778
0.50468
0.727615
0.483208
0.627669
0.851711
0.184309
0.275847
0.629406
0.754314
0.320221
0.747055
0.264106
0.674408
0.324991
0.814868
0.964678
0.651877
0.500951
0.700453
0.259462
0.12791
0.0322168
0.885827
0.264976
0.02563
0.868178
0.927893
0.286218
0.146523
0.279579
0.567312
0.793846
0.82419
0.53318
0.542348
0.180322
0.805841
0.39558
0.761984
0.112612
0.561648
0.437865
0.187425
0.654585
0.684171
0.41988
0.0495813
0.7756
0.739002
0.432826
0.865088
0.939207
0.323204
0.0647989
0.669209
0.919451
0.335183
0.477549
0.00189416
0.555655
0.689173
0.127262
0.399804
0.0560412
0.172407
0.894157
0.309903
0.94988
0.635893
0.528364
0.59449
0.712501
0.409534
0.506577
0.687797
0.149048
0.206654
0.495816
0.0294625
0.162671
0.951938
0.841201
0.273777
0.543625
0.247314
0.872139
0.845003
0.0338914
0.847188
0.276559
0.278292
0.455734
0.693474
0.159407
0.605342
0.0770938
0.870161
0.292489
0.945142
0.968722
0.160581
0.859569
0.0286641
0.77009
0.764954
0.627643
0.590674
0.423527
0.233096
0.525647
0.104171
0.126703
0.803225
0.469941
0.337493
0.349975
0.979481
0.970148
0.959784
0.237205
0.234926
0.642526
0.245331
0.918177
0.371582
0.576601
0.796529
0.0871042
0.652884
0.75647
0.169329
0.761891
0.734764
0.278404
0.809535
0.143009
0.468473
0.481305
0.667286
0.657526
0.214212
0.953846
0.176553
0.129974
0.337138
0.640145
0.98967
0.1643
0.107228
0.49341
0.954102
0.631865
0.631199
0.470366
0.00214108
0.338966
0.408362
0.0209041
0.0703381
0.841029
0.817053
0.795897
0.117392
0.397901
0.215793
0.0564343
0.160176
0.203556
0.964083
0.147281
0.245507
0.496312
0.118737
0.721568
0.584592
0.177648
0.0861756
0.0590386
0.674533
0.280955
0.743504
0.994484
0.373067
0.79939
0.694614
0.152507
0.107762
0.63854
0.0535596
0.722195
0.0989182
0.5328
0.143988
0.408293
0.530108
0.435968
0.904325
0.0301355
0.874438
0.781514
0.139721
0.301006
0.135126
0.124726
0.432035
0.312351
0.248696
0.715926
0.0677819
0.0120328
0.314784
0.463977
0.454822
0.526875
0.18071
0.875966
0.571125
0.565287
0.59684
0.224161
0.00323092
0.39137
0.964102
0.930075
0.91745
0.133702
0.521385
0.87236
0.657157
0.521811
0.151977
0.257481
0.378357
0.0773251
0.629801
0.183168
0.0838133
0.61165
0.469221
0.753868
0.801326
0.249371
0.365348
0.0385211
0.35318
0.694411
0.860123
0.456793
0.933046
0.0938495
0.0665522
0.0523935
0.471983
0.219751
0.30681
0.223883
0.877245
0.944788
0.839842
0.278973
0.838964
0.373327
0.75488
0.468069
0.614782
0.0867298
0.548154
0.867747
0.553059
0.136241
0.189069
0.758624
0.329572
0.0183489
0.743099
0.785681
0.00308277
0.550122
0.456335
0.629727
0.908765
0.64431
0.533935
0.520237
0.194932
0.908464
0.226454
0.183823
0.346216
0.399152
0.653054
0.700885
0.256231
0.90361
0.939434
0.764575
0.25543
0.501206
0.221923
0.838378
0.821277
0.786693
0.748128
0.707116
0.179704
0.126849
0.889769
0.0135128
0.506309
0.701747
0.424158
0.0284897
0.16812
0.577391
0.58346
0.537391
0.366695
0.654223
0.360512
0.0155723
0.0905406
0.458218
0.598352
0.667069
0.264362
0.912974
0.440431
0.00315942
0.162284
0.931725
0.427702
0.265226
0.337199
0.0431534
0.010236
0.108904
0.367664
0.800198
0.730525
0.488002
0.479145
0.160299
0.768603
0.730254
0.83314
0.784045
0.277108
0.531142
0.714551
0.14104
0.834757
0.44869
0.371022
0.684973
0.932187
0.221134
0.680608
0.746207
0.50631
0.570762
0.768214
0.526342
0.469446
0.792157
0.0519649
0.840384
0.339651
0.897472
0.433323
0.818398
0.689529
0.524501
0.962284
0.575526
0.00108475
0.357486
0.606433
0.681185
0.171516
0.40968
0.452631
0.599819
0.259351
0.714226
0.96167
0.0554838
0.268396
0.922804
0.889604
0.220772
0.893346
0.282054
0.969359
0.924339
0.195029
0.626938
0.454407
0.623879
0.635354
0.591172
0.381885
0.427336
0.725123
0.899276
0.567677
0.956974
0.108589
0.00735196
0.607077
0.116324
0.294978
0.603716
0.264292
0.698922
0.763481
0.567168
0.170191
0.10344
0.853224
0.798545
0.680846
0.682421
0.836338
0.520029
0.182925
0.252781
0.875659
0.407073
0.512276
0.331302
0.236278
0.150828
0.773725
0.401619
0.255663
0.912022
0.392601
0.910949
0.569287
0.287709
0.470266
0.498021
0.231449
0.0195497
0.421779
0.64972
0.953867
0.21459
0.720261
0.819575
0.315144
0.40421
0.433058
0.910019
0.0890898
0.129626
0.275815
0.14852
0.342639
0.327141
0.680192
0.446248
0.0545404
0.056236
0.607183
0.992494
0.23167
0.362972
0.0431793
0.519232
0.398978
0.322072
0.401544
0.687973
0.0336739
0.085413
0.577185
0.161158
0.980705
0.379765
0.967465
0.72437
0.879883
0.776568
0.968948
0.273251
0.881009
0.482174
0.680334
0.75033
0.887682
0.0280315
0.915682
0.905412
0.428106
0.311157
0.410905
0.970732
0.0597282
0.543027
0.552713
0.345655
0.102205
0.679246
0.00972821
0.114282
0.274846
0.722218
0.995904
0.407955
0.42683
0.318641
0.617385
0.84127
0.228208
0.442632
0.628201
0.571476
0.958127
0.401582
0.267317
0.721435
0.323526
0.68877
0.67725
0.135261
0.249082
0.358794
0.244825
0.589945
0.684067
0.225518
0.56393
0.464707
0.642052
0.510578
0.439286
0.644006
0.997932
0.340172
0.368632
0.127349
0.442859
0.742226
0.996768
0.670754
0.515463
0.474296
0.256902
0.145591
0.603558
0.27043
0.496378
0.166426
0.964341
0.975116
0.957094
0.116888
0.846609
0.206309
0.59649
0.609665
0.54054
0.720887
0.148247
0.43677
0.561157
0.375594
0.395289
0.664689
0.750762
0.848949
0.920241
0.499943
0.639494
0.895224
0.835708
0.209407
0.431726
0.392741
0.196781
0.800352
0.527676
0.934111
0.218346
0.716771
0.611646
0.0768152
0.208849
0.271911
0.152886
0.335982
0.516565
0.324594
0.574334
0.836218
0.893708
0.350026
0.810809
0.415855
0.991909
0.0366057
0.610945
0.684608
0.358465
0.190714
0.122432
0.485271
0.458936
0.999205
0.166527
0.263024
0.267998
0.874644
0.996505
0.728751
0.839643
0.51957
0.586433
0.621065
0.382708
0.586309
0.513628
0.725164
0.529263
0.452723
0.188637
0.842854
0.885401
0.782887
0.913215
0.210429
0.879012
0.195611
0.153651
0.742701
0.888191
0.452021
0.541397
0.766345
0.609714
0.0172108
0.410426
0.598012
0.833748
0.172758
0.71945
0.544736
0.278907
0.230196
0.687787
0.799097
0.956734
0.458234
0.774116
0.830281
0.643693
0.264781
0.367676
0.539074
0.729875
0.804042
0.850932
0.871609
0.221564
0.992704
0.396948
0.460265
0.241117
0.950338
0.993381
0.483184
0.59279
0.816134
0.353432
0.470107
0.728368
0.059467
0.999158
0.727475
0.932345
0.965025
0.227931
0.286432
0.907462
0.881002
0.314258
0.658974
0.410974
0.544727
0.495115
0.205505
0.514703
0.990429
0.12509
0.0208918
0.659206
0.825664
0.924314
0.756749
0.63037
0.89797
0.121712
0.801374
0.163143
0.383309
0.650967
0.406808
0.278925
0.325878
0.53525
0.117991
0.71422
0.362789
0.00688963
0.235696
0.677311
0.289386
0.0623244
0.688611
0.874861
0.525697
0.530733
0.658476
0.803476
0.419023
0.74757
0.734976
0.361798
0.567922
0.784028
0.0452605
0.76812
0.996048
0.0433597
0.515941
0.595226
0.239714
0.526229
0.438046
0.340247
0.28647
0.583034
0.0651503
0.0114461
0.555961
0.34766
0.340028
0.240902
0.617163
0.301081
0.90439
0.504896
0.998948
0.881656
0.186464
0.715966
0.640397
0.18681
0.670507
0.975263
0.628057
0.547906
0.231137
0.882182
0.425143
0.34556
0.831548
0.693824
0.380907
0.616547
0.151369
0.238442
0.795336
0.909501
0.460243
0.704098
0.193089
0.0590373
0.73108
0.0567443
0.34156
0.957791
0.752483
0.360507
0.202541
0.505751
0.554527
0.813822
0.736448
0.466414
0.863605
0.651416
0.879951
0.277435
0.749433
0.657843
0.907879
0.194565
0.494397
0.705081
0.343081
0.137383
0.537667
0.829338
0.166976
0.752376
