-1,1,1,1,1,1,1,1,1,1,1,1,1,1,1,-1,1,1,1,1,1,1,1,1,1,1,-1,1,1,1,1,1,1,1,1,1,1,1,1,1,1,1,1,1,1,1,1,1,1,1,1.0915,1,17.846,1,5.4965,1,29.803,1,78.112,1,0,1,0,0,0,0,0,0,0,0,0,0,0,0,0,0,0,1,0,0,0,0,0,0,0,0,0,0,0,1,3.7622,1,12.7972,1,9.283,1,4.9655,1,4.9034,1,4.2182,1,4.2935,1,0,0,0,0,4.3097,1,0,0,0,0,0,0,0,0,0,0,5.6543,1,13.118,1,14.942,1,0,0,0,0,0,0,0,0,19.4048,1,21.5468,1,21.0644,1,0,0,0,0,0,0,25.0856,1,0,0,0,0,0,0,0,0,0,0,0,0,0,0,23.834,1,21.8156,1,18.6344,1,0,0,0,0,0,0,17.1632,1,sum,383.145,-77.9274
-1,1,1,1,1,1,1,1,1,1,-1,-1,1,1,1,1,1,1,1,1,1,1,1,1,1,1,1,-1,1,1,1,1,1,1,1,1,1,1,1,1,1,1,1,1,-1,1,1,1,1,1,1.19656,1,12.215,1,6.1517,1,23.2,1,77.488,1,0,1,0,0,0,0,0,0,0,0,0,0,0,0,0,0,0,1,0,0,0,0,0,0,0,0,0,0,0,1,4.4549,1,7.2412,1,12.7336,1,3.8555,1,6.0524,1,5.6978,1,4.9178,1,0,0,0,0,6.4361,1,0,0,0,0,0,0,0,0,0,0,4.1003,1,15.096,1,19.51,1,0,0,0,0,0,0,0,0,25.2416,1,19.8548,1,18.4424,1,0,0,0,0,0,0,16.0772,1,0,0,0,0,0,0,0,0,0,0,0,0,0,0,22.2356,1,16.6004,1,20.5916,1,0,0,0,0,0,0,18.0908,1,max,367.481,-77.4968
-1,1,1,1,1,1,1,1,1,1,-1,-1,1,1,1,1,1,1,1,1,1,1,1,1,1,-1,1,1,1,1,1,1,1,1,1,1,1,1,1,1,1,1,1,1,1,-1,1,1,1,1,1.03456,1,11.79,1,5.7065,1,27.79,1,92.956,1,0,1,0,0,0,0,0,0,0,0,0,0,0,0,0,0,0,1,0,0,0,0,0,0,0,0,0,0,0,1,5.6753,1,7.7662,1,8.4388,1,5.7707,1,4.5725,1,6.2537,1,6.2777,1,0,0,0,0,5.9999,1,0,0,0,0,0,0,0,0,0,0,4.6298,1,12.949,1,17.44,1,0,0,0,0,0,0,0,0,15.9704,1,20.3096,1,21.5948,1,0,0,0,0,0,0,18.7148,1,0,0,0,0,0,0,0,0,0,0,0,0,0,0,22.292,1,20.0132,1,20.7836,1,0,0,0,0,0,0,20.7584,1,max,385.487,-84.7058
-1,1,1,1,1,1,1,1,1,1,1,-1,1,1,1,1,1,1,1,1,1,1,1,1,1,1,1,1,1,1,1,1,1,1,1,1,1,1,1,1,1,1,1,1,-1,1,1,1,1,1,1.00912,1,19.364,1,4.3472,1,21.739,1,101.488,1,0,1,0,0,0,0,0,0,0,0,0,0,0,0,0,0,0,1,0,0,0,0,0,0,0,0,0,0,0,1,4.9694,1,8.527,1,11.4016,1,3.7199,1,5.1599,1,6.4625,1,5.1164,1,0,0,0,0,5.3774,1,0,0,0,0,0,0,0,0,0,0,5.1656,1,18.171,1,16.386,1,0,0,0,0,0,0,0,0,16.016,1,19.1864,1,21.0956,1,0,0,0,0,0,0,19.7648,1,0,0,0,0,0,0,0,0,0,0,0,0,0,0,24.5984,1,19.6892,1,16.274,1,0,0,0,0,0,0,15.2084,1,sum,390.237,-67.0906
-1,1,1,1,1,1,1,1,1,1,1,1,-1,1,1,1,1,1,1,1,1,1,1,1,1,-1,-1,1,1,1,1,1,1,1,1,1,1,1,1,1,1,1,1,1,1,1,1,1,1,1,0.86164,1,14.266,1,5.4974,1,21.37,1,101.92,1,0,1,0,0,0,0,0,0,0,0,0,0,0,0,0,0,0,1,0,0,0,0,0,0,0,0,0,0,0,1,4.0766,1,11.68,1,12.3808,1,4.9283,1,6.386,1,5.4527,1,6.0806,1,0,0,0,0,3.6827,1,0,0,0,0,0,0,0,0,0,0,6.1442,1,17.502,1,12.643,1,0,0,0,0,0,0,0,0,14.9516,1,16.0316,1,21.6416,1,0,0,0,0,0,0,24.4532,1,0,0,0,0,0,0,0,0,0,0,0,0,0,0,19.976,1,20.8988,1,15.0944,1,0,0,0,0,0,0,18.4664,1,max,386.386,-82.4022
-1,1,1,1,1,1,1,1,1,1,-1,-1,-1,1,1,1,1,1,1,1,1,1,1,1,1,-1,1,1,1,1,1,1,1,1,1,1,1,1,1,1,1,1,1,1,1,1,1,1,1,1,1.19464,1,13.781,1,4.9169,1,23.023,1,110.92,1,0,1,0,0,0,0,0,0,0,0,0,0,0,0,0,0,0,1,0,0,0,0,0,0,0,0,0,0,0,1,5.8925,1,8.614,1,12.277,1,4.6226,1,3.668,1,5.3009,1,5.0183,1,0,0,0,0,3.7157,1,0,0,0,0,0,0,0,0,0,0,4.7831,1,12.66,1,19.015,1,0,0,0,0,0,0,0,0,17.462,1,22.5164,1,20.9564,1,0,0,0,0,0,0,18.4856,1,0,0,0,0,0,0,0,0,0,0,0,0,0,0,24.2288,1,14.108,1,21.6776,1,0,0,0,0,0,0,25.5488,1,max,404.386,-71.7892
-1,1,1,1,1,1,1,1,1,1,-1,-1,1,1,1,-1,1,1,1,1,1,1,1,1,1,-1,1,-1,1,1,1,1,1,1,1,1,1,1,1,1,1,1,1,1,1,1,1,1,1,1,1.13188,1,15.982,1,6.3551,1,27.104,1,95.698,1,0,1,0,0,0,0,0,0,0,0,0,0,0,0,0,0,0,1,0,0,0,0,0,0,0,0,0,0,0,1,3.7214,1,9.4174,1,9.6796,1,4.5023,1,5.0819,1,3.8843,1,4.0067,1,0,0,0,0,3.9335,1,0,0,0,0,0,0,0,0,0,0,6.4745,1,15.264,1,18.05,1,0,0,0,0,0,0,0,0,19.154,1,17.8592,1,21.506,1,0,0,0,0,0,0,16.8092,1,0,0,0,0,0,0,0,0,0,0,0,0,0,0,14.7392,1,22.1804,1,19.7492,1,0,0,0,0,0,0,14.5388,1,max,376.823,-81.7334
-1,1,1,1,1,1,1,1,1,1,1,-1,1,1,1,1,1,1,1,1,1,1,1,1,1,-1,-1,1,1,1,1,1,1,1,1,1,1,1,1,1,1,1,1,1,-1,1,1,1,1,1,1.066,1,13.561,1,3.9758,1,29.587,1,91.468,1,0,1,0,0,0,0,0,0,0,0,0,0,0,0,0,0,0,1,0,0,0,0,0,0,0,0,0,0,0,1,5.5844,1,11.9722,1,8.2288,1,6.1184,1,5.7344,1,5.915,1,6.3272,1,0,0,0,0,4.2203,1,0,0,0,0,0,0,0,0,0,0,5.9981,1,15.789,1,16.585,1,0,0,0,0,0,0,0,0,23.2676,1,20.6228,1,23.6936,1,0,0,0,0,0,0,24.2096,1,0,0,0,0,0,0,0,0,0,0,0,0,0,0,23.3336,1,17.144,1,25.0148,1,0,0,0,0,0,0,24.6872,1,sum,414.104,-80.2268
-1,1,1,1,1,1,1,1,1,1,-1,1,-1,1,1,1,1,1,1,1,1,1,1,1,1,1,1,1,1,1,1,1,1,1,1,1,1,1,1,1,1,1,1,1,-1,1,1,1,1,1,1.23376,1,16.412,1,6.3959,1,22.55,1,96.736,1,0,1,0,0,0,0,0,0,0,0,0,0,0,0,0,0,0,1,0,0,0,0,0,0,0,0,0,0,0,1,5.3582,1,8.6728,1,7.8856,1,4.562,1,6.3209,1,4.8089,1,5.855,1,0,0,0,0,6.1247,1,0,0,0,0,0,0,0,0,0,0,6.344,1,10.047,1,14.458,1,0,0,0,0,0,0,0,0,16.0784,1,24.8744,1,17.4464,1,0,0,0,0,0,0,25.658,1,0,0,0,0,0,0,0,0,0,0,0,0,0,0,21.9692,1,24.8552,1,19.6088,1,0,0,0,0,0,0,25.514,1,sum,399.769,-77.086
-1,1,1,1,1,1,1,1,1,1,1,-1,-1,1,1,-1,1,1,1,1,1,1,1,1,1,1,1,1,1,1,1,1,1,1,1,1,1,1,1,1,1,1,1,1,1,1,1,1,1,1,1.06186,1,11.172,1,4.9247,1,20.749,1,119.284,1,0,1,0,0,0,0,0,0,0,0,0,0,0,0,0,0,0,1,0,0,0,0,0,0,0,0,0,0,0,1,3.9566,1,9.6466,1,10.4518,1,4.3781,1,4.085,1,5.4836,1,3.7142,1,0,0,0,0,6.0974,1,0,0,0,0,0,0,0,0,0,0,6.4733,1,19.463,1,10.289,1,0,0,0,0,0,0,0,0,23.3732,1,14.5148,1,20.9504,1,0,0,0,0,0,0,22.5908,1,0,0,0,0,0,0,0,0,0,0,0,0,0,0,15.0968,1,22.8896,1,22.1504,1,0,0,0,0,0,0,24.3104,1,sum,407.107,-80.8474
-1,1,1,1,1,1,1,1,1,1,1,-1,-1,1,1,1,1,1,1,1,1,1,1,1,1,1,1,-1,1,1,1,1,1,1,1,1,1,1,1,1,1,1,1,1,-1,1,1,1,1,1,0.76138,1,15.733,1,4.0655,1,25.886,1,71.818,1,0,1,0,0,0,0,0,0,0,0,0,0,0,0,0,0,0,1,0,0,0,0,0,0,0,0,0,0,0,1,6.3101,1,8.4364,1,8.7106,1,4.5938,1,4.7564,1,4.6601,1,3.7733,1,0,0,0,0,5.0576,1,0,0,0,0,0,0,0,0,0,0,5.0069,1,13.797,1,12.578,1,0,0,0,0,0,0,0,0,20.0864,1,14.1512,1,16.886,1,0,0,0,0,0,0,25.5704,1,0,0,0,0,0,0,0,0,0,0,0,0,0,0,18.1856,1,15.0344,1,14.3948,1,0,0,0,0,0,0,18.2648,1,sum,338.518,-84.2562
-1,1,1,1,1,1,1,1,1,1,1,1,1,1,1,1,1,1,1,1,1,1,1,1,1,1,1,1,1,1,1,1,1,1,1,1,1,1,1,1,1,1,1,1,-1,1,1,1,1,1,1.27,1,10.596,1,3.7385,1,22.437,1,72.574,1,0,1,0,0,0,0,0,0,0,0,0,0,0,0,0,0,0,1,0,0,0,0,0,0,0,0,0,0,0,1,5.9891,1,7.4608,1,8.8156,1,4.8701,1,5.2742,1,4.8932,1,6.3488,1,0,0,0,0,6.1679,1,0,0,0,0,0,0,0,0,0,0,5.2658,1,15.575,1,15.603,1,0,0,0,0,0,0,0,0,20.948,1,20.75,1,15.4184,1,0,0,0,0,0,0,22.6784,1,0,0,0,0,0,0,0,0,0,0,0,0,0,0,15.41,1,22.4096,1,16.034,1,0,0,0,0,0,0,14.216,1,max,344.743,-83.3144
-1,1,1,1,1,1,1,1,1,1,1,-1,1,1,1,-1,1,1,1,1,1,1,1,1,1,-1,1,1,1,1,1,1,1,1,1,1,1,1,1,1,1,1,1,1,1,1,1,1,1,1,0.7525,1,19.95,1,4.9835,1,24.378,1,94.138,1,0,1,0,0,0,0,0,0,0,0,0,0,0,0,0,0,0,1,0,0,0,0,0,0,0,0,0,0,0,1,5.5079,1,12.8902,1,10.2412,1,5.5538,1,3.8699,1,5.5028,1,3.5147,1,0,0,0,0,5.633,1,0,0,0,0,0,0,0,0,0,0,4.1513,1,12.59,1,17.152,1,0,0,0,0,0,0,0,0,25.5944,1,25.0796,1,24.9824,1,0,0,0,0,0,0,17.5568,1,0,0,0,0,0,0,0,0,0,0,0,0,0,0,24.0896,1,16.8692,1,17.7512,1,0,0,0,0,0,0,18.4592,1,max,401.191,-90.8055
-1,1,1,1,1,1,1,1,1,1,-1,1,1,1,1,1,1,1,1,1,1,1,1,1,1,-1,1,1,1,1,1,1,1,1,1,1,1,1,1,1,1,1,1,1,1,1,1,1,1,1,1.00888,1,10.628,1,3.6359,1,23.533,1,121.738,1,0,1,0,0,0,0,0,0,0,0,0,0,0,0,0,0,0,1,0,0,0,0,0,0,0,0,0,0,0,1,3.8543,1,10.3168,1,11.9224,1,4.1609,1,4.5728,1,4.4747,1,3.8918,1,0,0,0,0,6.3329,1,0,0,0,0,0,0,0,0,0,0,4.085,1,15.8,1,13.23,1,0,0,0,0,0,0,0,0,24.128,1,17.3492,1,22.0556,1,0,0,0,0,0,0,17.0756,1,0,0,0,0,0,0,0,0,0,0,0,0,0,0,19.7312,1,15.6524,1,25.4972,1,0,0,0,0,0,0,21.0488,1,max,405.723,-77.2453
-1,1,1,1,1,1,1,1,1,1,-1,-1,1,1,1,1,1,1,1,1,1,1,1,1,1,1,-1,1,1,1,1,1,1,1,1,1,1,1,1,1,1,1,1,1,1,1,1,1,1,1,1.08052,1,10.34,1,4.9424,1,20.407,1,90.766,1,0,1,0,0,0,0,0,0,0,0,0,0,0,0,0,0,0,1,0,0,0,0,0,0,0,0,0,0,0,1,5.9069,1,12.3244,1,8.6422,1,5.6666,1,6.386,1,4.6187,1,4.5527,1,0,0,0,0,6.4244,1,0,0,0,0,0,0,0,0,0,0,4.3832,1,12.751,1,19.461,1,0,0,0,0,0,0,0,0,19.5104,1,20.8304,1,18.8624,1,0,0,0,0,0,0,19.2896,1,0,0,0,0,0,0,0,0,0,0,0,0,0,0,15.7364,1,23.9324,1,18.7328,1,0,0,0,0,0,0,15.3764,1,max,370.924,-90.0032
-1,1,1,1,1,1,1,1,1,1,1,1,1,1,1,-1,1,1,1,1,1,1,1,1,1,-1,1,1,1,1,1,1,1,1,1,1,1,1,1,1,1,1,1,1,-1,1,1,1,1,1,1.21588,1,14.253,1,4.9529,1,25.521,1,96.22,1,0,1,0,0,0,0,0,0,0,0,0,0,0,0,0,0,0,1,0,0,0,0,0,0,0,0,0,0,0,1,5.264,1,9.4108,1,10.5892,1,5.9396,1,5.6378,1,5.4416,1,4.5029,1,0,0,0,0,5.5391,1,0,0,0,0,0,0,0,0,0,0,3.9749,1,18.161,1,18.967,1,0,0,0,0,0,0,0,0,16.7252,1,14.6048,1,18.4136,1,0,0,0,0,0,0,15.7916,1,0,0,0,0,0,0,0,0,0,0,0,0,0,0,24.6944,1,20.6996,1,15.854,1,0,0,0,0,0,0,23.8928,1,sum,386.267,-94.4467
-1,1,1,1,1,1,1,1,1,1,1,1,1,1,1,-1,1,1,1,1,1,1,1,1,1,-1,1,-1,1,1,1,1,1,1,1,1,1,1,1,1,1,1,1,1,1,1,1,1,1,1,1.08376,1,19.068,1,4.5344,1,20.852,1,96.586,1,0,1,0,0,0,0,0,0,0,0,0,0,0,0,0,0,0,1,0,0,0,0,0,0,0,0,0,0,0,1,6.0533,1,8.0152,1,10.3714,1,4.7729,1,5.042,1,4.2323,1,6.335,1,0,0,0,0,4.8164,1,0,0,0,0,0,0,0,0,0,0,5.8754,1,11.532,1,18.303,1,0,0,0,0,0,0,0,0,19.2512,1,16.502,1,21.3896,1,0,0,0,0,0,0,25.8956,1,0,0,0,0,0,0,0,0,0,0,0,0,0,0,23.8868,1,22.5272,1,16.1804,1,0,0,0,0,0,0,25.0028,1,sum,398.109,-89.689
-1,1,1,1,1,1,1,1,1,1,-1,-1,1,1,1,1,1,1,1,1,1,1,1,1,1,1,1,-1,1,1,1,1,1,1,1,1,1,1,1,1,1,1,1,1,-1,1,1,1,1,1,0.96868,1,15.75,1,3.7238,1,22.062,1,84.244,1,0,1,0,0,0,0,0,0,0,0,0,0,0,0,0,0,0,1,0,0,0,0,0,0,0,0,0,0,0,1,6.2465,1,9.61,1,7.0108,1,6.1019,1,5.8886,1,3.6329,1,4.1249,1,0,0,0,0,6.194,1,0,0,0,0,0,0,0,0,0,0,4.016,1,14.698,1,12.669,1,0,0,0,0,0,0,0,0,17.228,1,16.1288,1,19.1456,1,0,0,0,0,0,0,19.6256,1,0,0,0,0,0,0,0,0,0,0,0,0,0,0,19.5152,1,24.8912,1,21.0656,1,0,0,0,0,0,0,20.1128,1,sum,364.654,-88.5788
-1,1,1,1,1,1,1,1,1,1,1,1,1,1,1,-1,1,1,1,1,1,1,1,1,1,-1,1,-1,1,1,1,1,1,1,1,1,1,1,1,1,1,1,1,1,-1,1,1,1,1,1,1.0372,1,18.038,1,3.7745,1,27.431,1,93.328,1,0,1,0,0,0,0,0,0,0,0,0,0,0,0,0,0,0,1,0,0,0,0,0,0,0,0,0,0,0,1,4.8197,1,10.2388,1,9.2476,1,6.4595,1,5.4599,1,5.2061,1,4.6775,1,0,0,0,0,3.662,1,0,0,0,0,0,0,0,0,0,0,4.6499,1,15.999,1,18.516,1,0,0,0,0,0,0,0,0,16.8776,1,22.2032,1,22.0664,1,0,0,0,0,0,0,14.7308,1,0,0,0,0,0,0,0,0,0,0,0,0,0,0,21.3644,1,15.806,1,19.3712,1,0,0,0,0,0,0,24.14,1,max,389.104,-99.3716
-1,1,1,1,1,1,1,1,1,1,1,1,1,1,1,1,1,1,1,1,1,1,1,1,1,1,1,-1,1,1,1,1,1,1,1,1,1,1,1,1,1,1,1,1,-1,1,1,1,1,1,1.2745,1,18.592,1,3.872,1,23.738,1,114.31,1,0,1,0,0,0,0,0,0,0,0,0,0,0,0,0,0,0,1,0,0,0,0,0,0,0,0,0,0,0,1,3.9122,1,9.4672,1,12.6364,1,3.9197,1,6.2534,1,5.3744,1,3.5819,1,0,0,0,0,4.8884,1,0,0,0,0,0,0,0,0,0,0,4.2191,1,18.056,1,11.739,1,0,0,0,0,0,0,0,0,21.6344,1,16.2488,1,19.9964,1,0,0,0,0,0,0,18.0776,1,0,0,0,0,0,0,0,0,0,0,0,0,0,0,14.5892,1,22.8116,1,22.2188,1,0,0,0,0,0,0,22.5776,1,sum,403.989,-83.447
-1,1,1,1,1,1,1,1,1,1,1,1,1,1,1,-1,1,1,1,1,1,1,1,1,1,-1,-1,1,1,1,1,1,1,1,1,1,1,1,1,1,1,1,1,1,1,-1,1,1,1,1,0.71926,1,14.746,1,4.3175,1,21.416,1,121.702,1,0,1,0,0,0,0,0,0,0,0,0,0,0,0,0,0,0,1,0,0,0,0,0,0,0,0,0,0,0,1,3.7829,1,8.8762,1,7.7284,1,5.3702,1,5.6897,1,4.4252,1,5.2751,1,0,0,0,0,4.1807,1,0,0,0,0,0,0,0,0,0,0,5.2466,1,16.452,1,10.399,1,0,0,0,0,0,0,0,0,17.5832,1,21.1964,1,23.0228,1,0,0,0,0,0,0,25.0928,1,0,0,0,0,0,0,0,0,0,0,0,0,0,0,21.8924,1,21.5972,1,15.1664,1,0,0,0,0,0,0,25.3256,1,max,411.204,-98.1932
-1,1,1,1,1,1,1,1,1,1,-1,-1,-1,1,1,1,1,1,1,1,1,1,1,1,1,1,1,1,1,1,1,1,1,1,1,1,1,1,1,1,1,1,1,1,-1,1,1,1,1,1,0.93016,1,17.623,1,4.5965,1,25.561,1,125.77,1,0,1,0,0,0,0,0,0,0,0,0,0,0,0,0,0,0,1,0,0,0,0,0,0,0,0,0,0,0,1,3.7907,1,12.8398,1,10.096,1,3.578,1,5.5358,1,4.2506,1,3.6464,1,0,0,0,0,3.7484,1,0,0,0,0,0,0,0,0,0,0,5.4854,1,18.416,1,16.85,1,0,0,0,0,0,0,0,0,16.6496,1,17.1404,1,22.682,1,0,0,0,0,0,0,21.56,1,0,0,0,0,0,0,0,0,0,0,0,0,0,0,20.6012,1,23.5016,1,18.9848,1,0,0,0,0,0,0,24.3548,1,max,428.192,-105.754
-1,1,1,1,1,1,1,1,1,1,-1,-1,-1,1,1,1,1,1,1,1,1,1,1,1,1,-1,1,1,1,1,1,1,1,1,1,1,1,1,1,1,1,1,1,1,1,1,1,1,1,1,0.76348,1,18.368,1,6.1505,1,28.294,1,71.47,1,0,1,0,0,0,0,0,0,0,0,0,0,0,0,0,0,0,1,0,0,0,0,0,0,0,0,0,0,0,1,6.2798,1,8.9122,1,7.3396,1,4.148,1,4.169,1,4.2749,1,6.2678,1,0,0,0,0,3.7112,1,0,0,0,0,0,0,0,0,0,0,4.3511,1,11.826,1,12.849,1,0,0,0,0,0,0,0,0,25.2584,1,21.8396,1,20.1296,1,0,0,0,0,0,0,19.7048,1,0,0,0,0,0,0,0,0,0,0,0,0,0,0,23.1104,1,22.7156,1,23.8436,1,0,0,0,0,0,0,16.0112,1,max,371.788,-72.8069
-1,1,1,1,1,1,1,1,1,1,1,1,-1,1,1,1,1,1,1,1,1,1,1,1,1,1,-1,1,1,1,1,1,1,1,1,1,1,1,1,1,1,1,1,1,1,-1,1,1,1,1,0.98182,1,17.459,1,6.3905,1,21.084,1,74.584,1,0,1,0,0,0,0,0,0,0,0,0,0,0,0,0,0,0,1,0,0,0,0,0,0,0,0,0,0,0,1,4.3034,1,7.4182,1,7.174,1,5.3519,1,4.3064,1,3.6044,1,5.2271,1,0,0,0,0,4.7414,1,0,0,0,0,0,0,0,0,0,0,5.5397,1,17.86,1,13.996,1,0,0,0,0,0,0,0,0,14.0192,1,15.6128,1,16.9364,1,0,0,0,0,0,0,18.6716,1,0,0,0,0,0,0,0,0,0,0,0,0,0,0,18.206,1,25.0112,1,14.2076,1,0,0,0,0,0,0,15.7724,1,sum,338.459,-98.2689
-1,1,1,1,1,1,1,1,1,1,1,1,1,1,1,1,1,1,1,1,1,1,1,1,1,-1,1,1,1,1,1,1,1,1,1,1,1,1,1,1,1,1,1,1,1,1,1,1,1,1,0.7117,1,19.863,1,5.0234,1,25.034,1,126.544,1,0,1,0,0,0,0,0,0,0,0,0,0,0,0,0,0,0,1,0,0,0,0,0,0,0,0,0,0,0,1,6.3029,1,12.3262,1,12.406,1,4.7573,1,4.331,1,4.9826,1,5.8952,1,0,0,0,0,3.7217,1,0,0,0,0,0,0,0,0,0,0,5.4209,1,12.635,1,18.53,1,0,0,0,0,0,0,0,0,25.808,1,19.7144,1,23.7956,1,0,0,0,0,0,0,23.7164,1,0,0,0,0,0,0,0,0,0,0,0,0,0,0,20.8064,1,15.218,1,20.6792,1,0,0,0,0,0,0,14.804,1,max,433.027,-69.2108
-1,1,1,1,1,1,1,1,1,1,1,-1,1,1,1,-1,1,1,1,1,1,1,1,1,1,1,1,1,1,1,1,1,1,1,1,1,1,1,1,1,1,1,1,1,1,1,1,1,1,1,1.03048,1,18.394,1,6.0761,1,23.755,1,102.814,1,0,1,0,0,0,0,0,0,0,0,0,0,0,0,0,0,0,1,0,0,0,0,0,0,0,0,0,0,0,1,5.2694,1,8.4544,1,7.8424,1,5.4158,1,4.2512,1,4.1786,1,4.1495,1,0,0,0,0,4.6709,1,0,0,0,0,0,0,0,0,0,0,4.0553,1,14.687,1,16.984,1,0,0,0,0,0,0,0,0,24.764,1,15.7148,1,23.2556,1,0,0,0,0,0,0,17.732,1,0,0,0,0,0,0,0,0,0,0,0,0,0,0,16.1636,1,15.122,1,16.7096,1,0,0,0,0,0,0,14.5376,1,max,376.027,-74.3184
-1,1,1,1,1,1,1,1,1,1,1,1,-1,1,1,1,1,1,1,1,1,1,1,1,1,-1,1,-1,1,1,1,1,1,1,1,1,1,1,1,1,1,1,1,1,1,-1,1,1,1,1,0.91648,1,12.373,1,4.925,1,25.705,1,121.366,1,0,1,0,0,0,0,0,0,0,0,0,0,0,0,0,0,0,1,0,0,0,0,0,0,0,0,0,0,0,1,3.8594,1,8.5036,1,8.3092,1,6.173,1,5.4383,1,5.5454,1,5.6126,1,0,0,0,0,4.7339,1,0,0,0,0,0,0,0,0,0,0,5.6666,1,10.177,1,19.806,1,0,0,0,0,0,0,0,0,22.9124,1,16.3712,1,23.6672,1,0,0,0,0,0,0,16.9076,1,0,0,0,0,0,0,0,0,0,0,0,0,0,0,19.9448,1,15.8696,1,23.4356,1,0,0,0,0,0,0,22.6004,1,max,410.819,-92.8659
-1,1,1,1,1,1,1,1,1,1,1,1,1,1,1,1,1,1,1,1,1,1,1,1,1,1,-1,1,1,1,1,1,1,1,1,1,1,1,1,1,1,1,1,1,1,1,1,1,1,1,1.22368,1,16.278,1,5.1716,1,21.316,1,102.19,1,0,1,0,0,0,0,0,0,0,0,0,0,0,0,0,0,0,1,0,0,0,0,0,0,0,0,0,0,0,1,3.6596,1,11.188,1,10.3186,1,4.2311,1,5.2583,1,5.5592,1,4.1402,1,0,0,0,0,3.6818,1,0,0,0,0,0,0,0,0,0,0,3.9185,1,14.509,1,12.407,1,0,0,0,0,0,0,0,0,22.526,1,23.9216,1,14.708,1,0,0,0,0,0,0,22.8212,1,0,0,0,0,0,0,0,0,0,0,0,0,0,0,19.8788,1,19.1816,1,18.1496,1,0,0,0,0,0,0,20.576,1,max,386.813,-83.17
-1,1,1,1,1,1,1,1,1,1,1,1,1,1,1,1,1,1,1,1,1,1,1,1,1,1,1,1,1,1,1,1,1,1,1,1,1,1,1,1,1,1,1,1,1,1,1,1,1,1,1.0375,1,19.277,1,4.0916,1,27.716,1,80.638,1,0,1,0,0,0,0,0,0,0,0,0,0,0,0,0,0,0,1,0,0,0,0,0,0,0,0,0,0,0,1,5.6192,1,8.4958,1,12.5122,1,3.9458,1,5.5136,1,4.1102,1,4.3961,1,0,0,0,0,3.6602,1,0,0,0,0,0,0,0,0,0,0,3.7661,1,10.478,1,10.486,1,0,0,0,0,0,0,0,0,15.5924,1,18.3572,1,16.8764,1,0,0,0,0,0,0,17.888,1,0,0,0,0,0,0,0,0,0,0,0,0,0,0,23.3084,1,21.146,1,15.7892,1,0,0,0,0,0,0,15.6308,1,sum,350.332,-73.5346
-1,1,1,1,1,1,1,1,1,1,1,1,1,1,1,1,1,1,1,1,1,1,1,1,1,1,1,1,1,1,1,1,1,1,1,1,1,1,1,1,1,1,1,1,-1,1,1,1,1,1,1.17802,1,16.878,1,4.1318,1,25.832,1,107.722,1,0,1,0,0,0,0,0,0,0,0,0,0,0,0,0,0,0,1,0,0,0,0,0,0,0,0,0,0,0,1,4.9181,1,10.7368,1,12.3724,1,4.5095,1,4.7999,1,5.675,1,3.7802,1,0,0,0,0,4.652,1,0,0,0,0,0,0,0,0,0,0,5.0633,1,16.968,1,17.973,1,0,0,0,0,0,0,0,0,16.5704,1,14.63,1,23.8652,1,0,0,0,0,0,0,15.0296,1,0,0,0,0,0,0,0,0,0,0,0,0,0,0,14.2376,1,15.5264,1,18.1184,1,0,0,0,0,0,0,25.1168,1,sum,390.284,-81.1568
-1,1,1,1,1,1,1,1,1,1,1,1,1,1,1,1,1,1,1,1,1,1,1,1,1,1,1,-1,1,1,1,1,1,1,1,1,1,1,1,1,1,1,1,1,1,1,1,1,1,1,0.75178,1,13.857,1,5.7056,1,21.745,1,79.078,1,0,1,0,0,0,0,0,0,0,0,0,0,0,0,0,0,0,1,0,0,0,0,0,0,0,0,0,0,0,1,4.4981,1,9.7798,1,11.4232,1,4.7735,1,4.7675,1,3.8351,1,4.2947,1,0,0,0,0,5.3702,1,0,0,0,0,0,0,0,0,0,0,6.0737,1,15.444,1,12.687,1,0,0,0,0,0,0,0,0,15.938,1,23.984,1,15.1244,1,0,0,0,0,0,0,24.0248,1,0,0,0,0,0,0,0,0,0,0,0,0,0,0,15.788,1,23.786,1,15.6896,1,0,0,0,0,0,0,16.4924,1,max,354.911,-65.718
-1,1,1,1,1,1,1,1,1,1,-1,1,-1,1,1,1,1,1,1,1,1,1,1,1,1,1,-1,-1,1,1,1,1,1,1,1,1,1,1,1,1,1,1,1,1,1,1,1,1,1,1,1.20862,1,19.519,1,5.393,1,27.957,1,94.18,1,0,1,0,0,0,0,0,0,0,0,0,0,0,0,0,0,0,1,0,0,0,0,0,0,0,0,0,0,0,1,5.4746,1,9.6406,1,7.7608,1,6.4247,1,5.882,1,4.9424,1,5.5688,1,0,0,0,0,5.2565,1,0,0,0,0,0,0,0,0,0,0,6.4808,1,10.426,1,19.144,1,0,0,0,0,0,0,0,0,24.7844,1,17.072,1,21.8828,1,0,0,0,0,0,0,24.5108,1,0,0,0,0,0,0,0,0,0,0,0,0,0,0,20.3924,1,16.5272,1,24.7724,1,0,0,0,0,0,0,21.0164,1,max,406.217,-85.9852
-1,1,1,1,1,1,1,1,1,1,1,-1,1,1,1,-1,1,1,1,1,1,1,1,1,1,1,1,-1,1,1,1,1,1,1,1,1,1,1,1,1,1,1,1,1,1,1,1,1,1,1,1.24924,1,19.323,1,6.4529,1,29.044,1,105.556,1,0,1,0,0,0,0,0,0,0,0,0,0,0,0,0,0,0,1,0,0,0,0,0,0,0,0,0,0,0,1,5.6015,1,7.2202,1,9.5596,1,6.482,1,6.0605,1,3.8021,1,6.4715,1,0,0,0,0,6.3185,1,0,0,0,0,0,0,0,0,0,0,6.452,1,19.169,1,13.336,1,0,0,0,0,0,0,0,0,21.434,1,18.1592,1,18.212,1,0,0,0,0,0,0,21.1916,1,0,0,0,0,0,0,0,0,0,0,0,0,0,0,16.9148,1,16.1936,1,15.8612,1,0,0,0,0,0,0,22.4564,1,max,402.521,-83.6598
-1,1,1,1,1,1,1,1,1,1,1,-1,1,1,1,1,1,1,1,1,1,1,1,1,1,-1,1,-1,1,1,1,1,1,1,1,1,1,1,1,1,1,1,1,1,-1,1,1,1,1,1,1.0969,1,10.94,1,4.0457,1,29.912,1,88.414,1,0,1,0,0,0,0,0,0,0,0,0,0,0,0,0,0,0,1,0,0,0,0,0,0,0,0,0,0,0,1,5.2547,1,12.4582,1,12.6334,1,5.135,1,3.9317,1,5.9948,1,3.515,1,0,0,0,0,5.3429,1,0,0,0,0,0,0,0,0,0,0,5.0771,1,18.555,1,14.481,1,0,0,0,0,0,0,0,0,20.5988,1,23.7092,1,22.8116,1,0,0,0,0,0,0,20.5556,1,0,0,0,0,0,0,0,0,0,0,0,0,0,0,19.7036,1,19.8632,1,25.1936,1,0,0,0,0,0,0,20.366,1,max,399.589,-108.417
-1,1,1,1,1,1,1,1,1,1,-1,1,1,1,1,1,1,1,1,1,1,1,1,1,1,1,1,-1,1,1,1,1,1,1,1,1,1,1,1,1,1,1,1,1,1,1,1,1,1,1,1.2523,1,15.351,1,6.335,1,22.818,1,76.396,1,0,1,0,0,0,0,0,0,0,0,0,0,0,0,0,0,0,1,0,0,0,0,0,0,0,0,0,0,0,1,6.041,1,12.7528,1,11.494,1,4.439,1,3.7265,1,6.3155,1,4.6553,1,0,0,0,0,3.5264,1,0,0,0,0,0,0,0,0,0,0,6.2366,1,15.721,1,12.453,1,0,0,0,0,0,0,0,0,22.4468,1,18.7436,1,14.5196,1,0,0,0,0,0,0,24.4064,1,0,0,0,0,0,0,0,0,0,0,0,0,0,0,25.8848,1,21.3056,1,21.518,1,0,0,0,0,0,0,24.4376,1,sum,382.776,-76.0586
-1,1,1,1,1,1,1,1,1,1,1,1,-1,1,1,-1,1,1,1,1,1,1,1,1,1,1,-1,-1,1,1,1,1,1,1,1,1,1,1,1,1,1,1,1,1,1,1,1,1,1,1,0.78418,1,16.13,1,4.2806,1,22.756,1,122.302,1,0,1,0,0,0,0,0,0,0,0,0,0,0,0,0,0,0,1,0,0,0,0,0,0,0,0,0,0,0,1,5.7674,1,8.8666,1,11.9584,1,5.7989,1,4.6841,1,4.9241,1,5.2427,1,0,0,0,0,4.2359,1,0,0,0,0,0,0,0,0,0,0,6.428,1,17.339,1,10.927,1,0,0,0,0,0,0,0,0,22.148,1,21.7268,1,24.0092,1,0,0,0,0,0,0,22.9388,1,0,0,0,0,0,0,0,0,0,0,0,0,0,0,14.6852,1,18.5624,1,18.2456,1,0,0,0,0,0,0,16.6388,1,sum,411.38,-104.869
-1,1,1,1,1,1,1,1,1,1,1,1,1,1,1,1,1,1,1,1,1,1,1,1,1,1,1,1,1,1,1,1,1,1,1,1,1,1,1,1,1,1,1,1,1,-1,1,1,1,1,1.24078,1,17.525,1,4.4567,1,21.456,1,89.284,1,0,1,0,0,0,0,0,0,0,0,0,0,0,0,0,0,0,1,0,0,0,0,0,0,0,0,0,0,0,1,3.7994,1,7.3546,1,7.7656,1,5.6369,1,5.9126,1,4.4096,1,3.9809,1,0,0,0,0,3.9995,1,0,0,0,0,0,0,0,0,0,0,5.6297,1,18.241,1,15.461,1,0,0,0,0,0,0,0,0,22.7876,1,16.136,1,17.486,1,0,0,0,0,0,0,15.0032,1,0,0,0,0,0,0,0,0,0,0,0,0,0,0,19.3628,1,14.6804,1,20.9,1,0,0,0,0,0,0,16.6016,1,max,359.111,-78.5391
-1,1,1,1,1,1,1,1,1,1,1,1,1,1,1,1,1,1,1,1,1,1,1,1,1,1,1,1,1,1,1,1,1,1,1,1,1,1,1,1,1,1,1,1,-1,1,1,1,1,1,1.08844,1,14.577,1,6.0824,1,25.839,1,71.074,1,0,1,0,0,0,0,0,0,0,0,0,0,0,0,0,0,0,1,0,0,0,0,0,0,0,0,0,0,0,1,6.0812,1,11.137,1,11.8678,1,6.1898,1,4.0694,1,4.7993,1,3.8783,1,0,0,0,0,4.4918,1,0,0,0,0,0,0,0,0,0,0,5.1671,1,12.012,1,18.656,1,0,0,0,0,0,0,0,0,19.766,1,21.6968,1,24.4448,1,0,0,0,0,0,0,17.5064,1,0,0,0,0,0,0,0,0,0,0,0,0,0,0,22.076,1,16.0664,1,21.1916,1,0,0,0,0,0,0,24.8768,1,sum,374.635,-82.1525
-1,1,1,1,1,1,1,1,1,1,1,1,1,1,1,1,1,1,1,1,1,1,1,1,1,1,1,-1,1,1,1,1,1,1,1,1,1,1,1,1,1,1,1,1,1,-1,1,1,1,1,1.07584,1,12.221,1,4.2527,1,23.995,1,80.422,1,0,1,0,0,0,0,0,0,0,0,0,0,0,0,0,0,0,1,0,0,0,0,0,0,0,0,0,0,0,1,6.1802,1,12.1648,1,9.577,1,6.29,1,5.027,1,6.1982,1,5.5058,1,0,0,0,0,4.9199,1,0,0,0,0,0,0,0,0,0,0,4.8989,1,10.562,1,18.585,1,0,0,0,0,0,0,0,0,24.5744,1,14.6528,1,19.3316,1,0,0,0,0,0,0,20.288,1,0,0,0,0,0,0,0,0,0,0,0,0,0,0,21.7676,1,25.1696,1,25.8572,1,0,0,0,0,0,0,14.4572,1,max,377.974,-75.197
-1,1,1,1,1,1,1,1,1,1,-1,-1,1,1,1,1,1,1,1,1,1,1,1,1,1,1,1,-1,1,1,1,1,1,1,1,1,1,1,1,1,1,1,1,1,1,-1,1,1,1,1,0.80974,1,12.224,1,6.4796,1,25.459,1,104.26,1,0,1,0,0,0,0,0,0,0,0,0,0,0,0,0,0,0,1,0,0,0,0,0,0,0,0,0,0,0,1,6.2486,1,7.5826,1,8.9068,1,5.1137,1,5.8808,1,5.153,1,4.2722,1,0,0,0,0,4.0274,1,0,0,0,0,0,0,0,0,0,0,4.0772,1,17.988,1,19.645,1,0,0,0,0,0,0,0,0,20.5616,1,17.3096,1,17.7668,1,0,0,0,0,0,0,21.344,1,0,0,0,0,0,0,0,0,0,0,0,0,0,0,21.4448,1,14.9996,1,19.7228,1,0,0,0,0,0,0,23.2172,1,max,394.494,-75.1243
-1,1,1,1,1,1,1,1,1,1,-1,1,1,1,1,-1,1,1,1,1,1,1,1,1,1,1,1,1,1,1,1,1,1,1,1,1,1,1,1,1,1,1,1,1,1,1,1,1,1,1,0.72238,1,14.368,1,4.0253,1,21.009,1,87.586,1,0,1,0,0,0,0,0,0,0,0,0,0,0,0,0,0,0,1,0,0,0,0,0,0,0,0,0,0,0,1,4.724,1,11.7646,1,8.8282,1,5.564,1,4.6961,1,6.3887,1,6.0779,1,0,0,0,0,4.1957,1,0,0,0,0,0,0,0,0,0,0,4.5215,1,15.913,1,13.201,1,0,0,0,0,0,0,0,0,25.1828,1,23.432,1,18.824,1,0,0,0,0,0,0,22.2116,1,0,0,0,0,0,0,0,0,0,0,0,0,0,0,18.4592,1,17.2028,1,25.9112,1,0,0,0,0,0,0,16.7492,1,max,381.558,-97.0872
-1,1,1,1,1,1,1,1,1,1,1,1,-1,1,1,1,1,1,1,1,1,1,1,1,1,1,1,-1,1,1,1,1,1,1,1,1,1,1,1,1,1,1,1,1,1,-1,1,1,1,1,0.97342,1,17.352,1,4.7897,1,25.328,1,101.68,1,0,1,0,0,0,0,0,0,0,0,0,0,0,0,0,0,0,1,0,0,0,0,0,0,0,0,0,0,0,1,4.457,1,7.0768,1,9.0538,1,5.8676,1,3.7184,1,4.9115,1,3.9104,1,0,0,0,0,4.7276,1,0,0,0,0,0,0,0,0,0,0,4.1969,1,17.281,1,17.755,1,0,0,0,0,0,0,0,0,18.9176,1,24.9044,1,20.2664,1,0,0,0,0,0,0,15.5792,1,0,0,0,0,0,0,0,0,0,0,0,0,0,0,22.6136,1,21.0116,1,18.0668,1,0,0,0,0,0,0,18.0872,1,sum,392.526,-78.3039
-1,1,1,1,1,1,1,1,1,1,1,1,-1,1,1,1,1,1,1,1,1,1,1,1,1,1,1,-1,1,1,1,1,1,1,1,1,1,1,1,1,1,1,1,1,-1,1,1,1,1,1,0.98056,1,13.024,1,5.27,1,21.251,1,87.664,1,0,1,0,0,0,0,0,0,0,0,0,0,0,0,0,0,0,1,0,0,0,0,0,0,0,0,0,0,0,1,5.0696,1,12.1666,1,7.4122,1,6.3527,1,4.5374,1,6.0773,1,4.3355,1,0,0,0,0,5.1077,1,0,0,0,0,0,0,0,0,0,0,3.9323,1,16.939,1,12.225,1,0,0,0,0,0,0,0,0,15.5804,1,24.5636,1,14.882,1,0,0,0,0,0,0,20.5964,1,0,0,0,0,0,0,0,0,0,0,0,0,0,0,20.936,1,25.5092,1,15.08,1,0,0,0,0,0,0,15.7532,1,max,365.246,-86.2363
-1,1,1,1,1,1,1,1,1,1,1,-1,-1,1,1,1,1,1,1,1,1,1,1,1,1,1,1,-1,1,1,1,1,1,1,1,1,1,1,1,1,1,1,1,1,1,-1,1,1,1,1,1.26796,1,17.786,1,6.116,1,27.095,1,99.706,1,0,1,0,0,0,0,0,0,0,0,0,0,0,0,0,0,0,1,0,0,0,0,0,0,0,0,0,0,0,1,5.6108,1,11.1742,1,12.4654,1,5.783,1,5.7827,1,5.9777,1,5.9984,1,0,0,0,0,3.6023,1,0,0,0,0,0,0,0,0,0,0,3.8468,1,10.078,1,16.815,1,0,0,0,0,0,0,0,0,19.3832,1,22.6928,1,18.6392,1,0,0,0,0,0,0,18.3392,1,0,0,0,0,0,0,0,0,0,0,0,0,0,0,16.6136,1,25.2824,1,18.9548,1,0,0,0,0,0,0,23.1152,1,sum,402.126,-106.541
-1,1,1,1,1,1,1,1,1,1,-1,1,1,1,1,-1,1,1,1,1,1,1,1,1,1,-1,1,1,1,1,1,1,1,1,1,1,1,1,1,1,1,1,1,1,1,-1,1,1,1,1,1.05322,1,10.945,1,6.38,1,29.114,1,78.874,1,0,1,0,0,0,0,0,0,0,0,0,0,0,0,0,0,0,1,0,0,0,0,0,0,0,0,0,0,0,1,5.8967,1,11.2288,1,11.4112,1,4.2545,1,6.4586,1,4.0556,1,4.6175,1,0,0,0,0,4.1528,1,0,0,0,0,0,0,0,0,0,0,5.2052,1,11.114,1,11.212,1,0,0,0,0,0,0,0,0,19.556,1,19.52,1,20.492,1,0,0,0,0,0,0,23.2592,1,0,0,0,0,0,0,0,0,0,0,0,0,0,0,14.2052,1,20.6696,1,23.5004,1,0,0,0,0,0,0,18.8324,1,sum,366.008,-69.9344
-1,1,1,1,1,1,1,1,1,1,1,-1,1,1,1,1,1,1,1,1,1,1,1,1,1,1,-1,-1,1,1,1,1,1,1,1,1,1,1,1,1,1,1,1,1,-1,1,1,1,1,1,1.17658,1,18.411,1,4.4516,1,25.844,1,123.58,1,0,1,0,0,0,0,0,0,0,0,0,0,0,0,0,0,0,1,0,0,0,0,0,0,0,0,0,0,0,1,6.3578,1,7.0048,1,11.3992,1,5.3708,1,5.8721,1,5.7926,1,5.027,1,0,0,0,0,4.4489,1,0,0,0,0,0,0,0,0,0,0,3.782,1,16.469,1,10.255,1,0,0,0,0,0,0,0,0,16.3796,1,18.9548,1,23.168,1,0,0,0,0,0,0,20.1764,1,0,0,0,0,0,0,0,0,0,0,0,0,0,0,18.7052,1,16.8656,1,22.3436,1,0,0,0,0,0,0,14.1944,1,sum,406.03,-72.2658
-1,1,1,1,1,1,1,1,1,1,1,1,-1,1,1,1,1,1,1,1,1,1,1,1,1,1,1,-1,1,1,1,1,1,1,1,1,1,1,1,1,1,1,1,1,-1,1,1,1,1,1,1.02586,1,15.47,1,4.5842,1,28.932,1,114.1,1,0,1,0,0,0,0,0,0,0,0,0,0,0,0,0,0,0,1,0,0,0,0,0,0,0,0,0,0,0,1,5.1221,1,7.7488,1,8.3062,1,6.3752,1,5.0483,1,6.2705,1,5.0495,1,0,0,0,0,4.1381,1,0,0,0,0,0,0,0,0,0,0,4.3589,1,10.294,1,10.955,1,0,0,0,0,0,0,0,0,25.7204,1,25.964,1,17.2232,1,0,0,0,0,0,0,14.33,1,0,0,0,0,0,0,0,0,0,0,0,0,0,0,14.696,1,17.2772,1,18.2036,1,0,0,0,0,0,0,15.7256,1,sum,386.919,-89.6527
-1,1,1,1,1,1,1,1,1,1,1,1,1,1,1,-1,1,1,1,1,1,1,1,1,1,1,-1,1,1,1,1,1,1,1,1,1,1,1,1,1,1,1,1,1,-1,1,1,1,1,1,1.25644,1,18.243,1,5.2328,1,27.339,1,118.426,1,0,1,0,0,0,0,0,0,0,0,0,0,0,0,0,0,0,1,0,0,0,0,0,0,0,0,0,0,0,1,5.0045,1,8.3416,1,8.971,1,4.0817,1,5.9534,1,5.7101,1,3.506,1,0,0,0,0,3.7352,1,0,0,0,0,0,0,0,0,0,0,5.9282,1,14.844,1,19.717,1,0,0,0,0,0,0,0,0,23.2628,1,21.4496,1,23.9444,1,0,0,0,0,0,0,20.8364,1,0,0,0,0,0,0,0,0,0,0,0,0,0,0,24.5648,1,15.404,1,20.9288,1,0,0,0,0,0,0,15.6356,1,max,422.316,-77.4071
-1,1,1,1,1,1,1,1,1,1,-1,-1,1,1,1,1,1,1,1,1,1,1,1,1,1,1,1,-1,1,1,1,1,1,1,1,1,1,1,1,1,1,1,1,1,1,1,1,1,1,1,1.18426,1,11.304,1,3.5057,1,25.453,1,123.028,1,0,1,0,0,0,0,0,0,0,0,0,0,0,0,0,0,0,1,0,0,0,0,0,0,0,0,0,0,0,1,4.7087,1,9.838,1,11.5042,1,4.9553,1,4.5608,1,6.3944,1,4.6526,1,0,0,0,0,5.219,1,0,0,0,0,0,0,0,0,0,0,3.9188,1,11.014,1,15.158,1,0,0,0,0,0,0,0,0,23.8256,1,14.108,1,15.6896,1,0,0,0,0,0,0,15.4832,1,0,0,0,0,0,0,0,0,0,0,0,0,0,0,15.2588,1,23.6912,1,25.7336,1,0,0,0,0,0,0,16.2296,1,sum,396.418,-71.6194
-1,1,1,1,1,1,1,1,1,1,1,-1,1,1,1,1,1,1,1,1,1,1,1,1,1,1,1,1,1,1,1,1,1,1,1,1,1,1,1,1,1,1,1,1,1,1,1,1,1,1,1.0918,1,15.986,1,4.256,1,25.784,1,85.786,1,0,1,0,0,0,0,0,0,0,0,0,0,0,0,0,0,0,1,0,0,0,0,0,0,0,0,0,0,0,1,5.3942,1,10.4278,1,7.3402,1,3.6827,1,6.4964,1,5.2199,1,5.4908,1,0,0,0,0,4.8665,1,0,0,0,0,0,0,0,0,0,0,6.0401,1,14.7,1,13.728,1,0,0,0,0,0,0,0,0,17.9756,1,20.9024,1,25.886,1,0,0,0,0,0,0,14.7908,1,0,0,0,0,0,0,0,0,0,0,0,0,0,0,18.6392,1,17.222,1,18.1136,1,0,0,0,0,0,0,21.254,1,sum,371.074,-83.1484
-1,1,1,1,1,1,1,1,1,1,1,1,-1,1,1,-1,1,1,1,1,1,1,1,1,1,1,1,1,1,1,1,1,1,1,1,1,1,1,1,1,1,1,1,1,1,-1,1,1,1,1,0.72562,1,16.734,1,5.2307,1,27.842,1,76.15,1,0,1,0,0,0,0,0,0,0,0,0,0,0,0,0,0,0,1,0,0,0,0,0,0,0,0,0,0,0,1,4.334,1,9.0748,1,9.7282,1,5.4785,1,4.5983,1,3.7409,1,5.8244,1,0,0,0,0,3.7766,1,0,0,0,0,0,0,0,0,0,0,3.8951,1,14.316,1,16.612,1,0,0,0,0,0,0,0,0,21.5552,1,15.3656,1,21.8108,1,0,0,0,0,0,0,16.8404,1,0,0,0,0,0,0,0,0,0,0,0,0,0,0,17.7092,1,17.4296,1,16.9496,1,0,0,0,0,0,0,15.0056,1,sum,350.727,-97.1446
-1,1,1,1,1,1,1,1,1,1,1,-1,1,1,1,1,1,1,1,1,1,1,1,1,1,-1,1,1,1,1,1,1,1,1,1,1,1,1,1,1,1,1,1,1,1,-1,1,1,1,1,0.7015,1,12.686,1,4.6733,1,20.634,1,70.744,1,0,1,0,0,0,0,0,0,0,0,0,0,0,0,0,0,0,1,0,0,0,0,0,0,0,0,0,0,0,1,3.5075,1,7.2892,1,12.031,1,4.0097,1,6.0368,1,3.5276,1,4.2164,1,0,0,0,0,4.0859,1,0,0,0,0,0,0,0,0,0,0,3.5816,1,14.207,1,17.729,1,0,0,0,0,0,0,0,0,16.2152,1,17.8196,1,22.1096,1,0,0,0,0,0,0,19.1,1,0,0,0,0,0,0,0,0,0,0,0,0,0,0,15.56,1,17.0588,1,16.262,1,0,0,0,0,0,0,19.9376,1,sum,333.723,-77.66
-1,1,1,1,1,1,1,1,1,1,1,1,1,1,1,1,1,1,1,1,1,1,1,1,1,1,-1,1,1,1,1,1,1,1,1,1,1,1,1,1,1,1,1,1,1,1,1,1,1,1,1.29064,1,14.182,1,5.5073,1,23.494,1,91.57,1,0,1,0,0,0,0,0,0,0,0,0,0,0,0,0,0,0,1,0,0,0,0,0,0,0,0,0,0,0,1,5.8118,1,7.417,1,12.391,1,5.0735,1,4.4954,1,4.0052,1,5.9813,1,0,0,0,0,4.1603,1,0,0,0,0,0,0,0,0,0,0,4.6292,1,18.584,1,15.539,1,0,0,0,0,0,0,0,0,15.788,1,23.1176,1,24.1376,1,0,0,0,0,0,0,22.5128,1,0,0,0,0,0,0,0,0,0,0,0,0,0,0,21.056,1,21.5036,1,18.1196,1,0,0,0,0,0,0,18.2996,1,sum,388.666,-78.1455
-1,1,1,1,1,1,1,1,1,1,1,-1,1,1,1,1,1,1,1,1,1,1,1,1,1,1,1,1,1,1,1,1,1,1,1,1,1,1,1,1,1,1,1,1,1,1,1,1,1,1,1.21684,1,18.363,1,4.3352,1,24.724,1,121.558,1,0,1,0,0,0,0,0,0,0,0,0,0,0,0,0,0,0,1,0,0,0,0,0,0,0,0,0,0,0,1,3.6125,1,12.0376,1,7.519,1,4.5353,1,6.251,1,4.6196,1,5.2352,1,0,0,0,0,5.1068,1,0,0,0,0,0,0,0,0,0,0,4.1702,1,11.317,1,17.419,1,0,0,0,0,0,0,0,0,14.8904,1,23.8004,1,24.4148,1,0,0,0,0,0,0,19.2188,1,0,0,0,0,0,0,0,0,0,0,0,0,0,0,19.3124,1,14.336,1,19.0556,1,0,0,0,0,0,0,22.2896,1,sum,409.338,-83.4327
-1,1,1,1,1,1,1,1,1,1,1,1,1,1,1,1,1,1,1,1,1,1,1,1,1,1,-1,1,1,1,1,1,1,1,1,1,1,1,1,1,1,1,1,1,-1,1,1,1,1,1,1.08148,1,12.867,1,5.7581,1,24.332,1,89.71,1,0,1,0,0,0,0,0,0,0,0,0,0,0,0,0,0,0,1,0,0,0,0,0,0,0,0,0,0,0,1,4.5347,1,11.9266,1,12.292,1,5.5385,1,6.4973,1,5.0315,1,4.211,1,0,0,0,0,4.721,1,0,0,0,0,0,0,0,0,0,0,5.4917,1,13.683,1,13.128,1,0,0,0,0,0,0,0,0,17.9456,1,23.144,1,20.2916,1,0,0,0,0,0,0,16.328,1,0,0,0,0,0,0,0,0,0,0,0,0,0,0,16.928,1,23.8172,1,21.164,1,0,0,0,0,0,0,22.2416,1,sum,382.664,-77.0355
-1,1,1,1,1,1,1,1,1,1,1,1,-1,1,1,1,1,1,1,1,1,1,1,1,1,1,1,-1,1,1,1,1,1,1,1,1,1,1,1,1,1,1,1,1,1,1,1,1,1,1,1.08376,1,18.644,1,5.453,1,20.034,1,103.708,1,0,1,0,0,0,0,0,0,0,0,0,0,0,0,0,0,0,1,0,0,0,0,0,0,0,0,0,0,0,1,5.4671,1,10.9384,1,8.5252,1,5.0777,1,4.9157,1,6.3026,1,3.7877,1,0,0,0,0,4.5311,1,0,0,0,0,0,0,0,0,0,0,5.4812,1,17.37,1,18.958,1,0,0,0,0,0,0,0,0,15.1496,1,23.9384,1,16.9868,1,0,0,0,0,0,0,23.9204,1,0,0,0,0,0,0,0,0,0,0,0,0,0,0,16.3328,1,16.2284,1,17.6936,1,0,0,0,0,0,0,23.492,1,max,394.019,-104.988
-1,1,1,1,1,1,1,1,1,1,1,1,-1,1,1,-1,1,1,1,1,1,1,1,1,1,1,1,1,1,1,1,1,1,1,1,1,1,1,1,1,1,1,1,1,1,1,1,1,1,1,1.24336,1,13.088,1,4.3604,1,20.168,1,113.416,1,0,1,0,0,0,0,0,0,0,0,0,0,0,0,0,0,0,1,0,0,0,0,0,0,0,0,0,0,0,1,3.6866,1,9.5842,1,11.9032,1,5.1407,1,5.7827,1,5.4506,1,3.6938,1,0,0,0,0,4.1753,1,0,0,0,0,0,0,0,0,0,0,5.7941,1,19.066,1,13.212,1,0,0,0,0,0,0,0,0,22.9436,1,17.7332,1,19.0028,1,0,0,0,0,0,0,23.4716,1,0,0,0,0,0,0,0,0,0,0,0,0,0,0,24.338,1,18.6212,1,15.824,1,0,0,0,0,0,0,14.4332,1,sum,396.133,-85.2019
-1,1,1,1,1,1,1,1,1,1,1,-1,-1,1,1,1,1,1,1,1,1,1,1,1,1,1,-1,-1,1,1,1,1,1,1,1,1,1,1,1,1,1,1,1,1,-1,1,1,1,1,1,0.83218,1,11.313,1,5.8709,1,27.533,1,112.246,1,0,1,0,0,0,0,0,0,0,0,0,0,0,0,0,0,0,1,0,0,0,0,0,0,0,0,0,0,0,1,6.1982,1,9.211,1,7.8934,1,4.1483,1,3.7139,1,6.2174,1,5.1074,1,0,0,0,0,4.0376,1,0,0,0,0,0,0,0,0,0,0,5.9159,1,12.392,1,15.478,1,0,0,0,0,0,0,0,0,18.3536,1,14.6072,1,17.5388,1,0,0,0,0,0,0,14.3948,1,0,0,0,0,0,0,0,0,0,0,0,0,0,0,19.142,1,23.924,1,23.5124,1,0,0,0,0,0,0,25.706,1,sum,395.287,-92.6092
-1,1,1,1,1,1,1,1,1,1,1,-1,1,1,1,-1,1,1,1,1,1,1,1,1,1,-1,1,1,1,1,1,1,1,1,1,1,1,1,1,1,1,1,1,1,1,-1,1,1,1,1,0.7969,1,13.337,1,4.0067,1,26.033,1,86.818,1,0,1,0,0,0,0,0,0,0,0,0,0,0,0,0,0,0,1,0,0,0,0,0,0,0,0,0,0,0,1,6.1256,1,11.4952,1,12.5968,1,4.2245,1,5.2694,1,3.9875,1,3.9533,1,0,0,0,0,3.5567,1,0,0,0,0,0,0,0,0,0,0,4.7054,1,10.622,1,11.357,1,0,0,0,0,0,0,0,0,23.0204,1,18.7988,1,25.2488,1,0,0,0,0,0,0,24.2876,1,0,0,0,0,0,0,0,0,0,0,0,0,0,0,22.9508,1,16.6448,1,14.006,1,0,0,0,0,0,0,20.4812,1,max,374.323,-92.4569
-1,1,1,1,1,1,1,1,1,1,-1,1,1,1,1,-1,1,1,1,1,1,1,1,1,1,1,-1,-1,1,1,1,1,1,1,1,1,1,1,1,1,1,1,1,1,-1,1,1,1,1,1,1.04404,1,19.545,1,3.9197,1,24.601,1,97.894,1,0,1,0,0,0,0,0,0,0,0,0,0,0,0,0,0,0,1,0,0,0,0,0,0,0,0,0,0,0,1,4.2557,1,12.358,1,11.4238,1,4.7291,1,3.9392,1,5.7128,1,4.0208,1,0,0,0,0,3.7445,1,0,0,0,0,0,0,0,0,0,0,5.5955,1,14.048,1,19.867,1,0,0,0,0,0,0,0,0,17.2064,1,20.9144,1,25.3232,1,0,0,0,0,0,0,14.7332,1,0,0,0,0,0,0,0,0,0,0,0,0,0,0,14.3792,1,19.9472,1,23.1584,1,0,0,0,0,0,0,21.728,1,sum,394.088,-68.2191
-1,1,1,1,1,1,1,1,1,1,-1,-1,-1,1,1,1,1,1,1,1,1,1,1,1,1,1,-1,1,1,1,1,1,1,1,1,1,1,1,1,1,1,1,1,1,1,-1,1,1,1,1,1.03018,1,15.15,1,4.7579,1,23.972,1,107.602,1,0,1,0,0,0,0,0,0,0,0,0,0,0,0,0,0,0,1,0,0,0,0,0,0,0,0,0,0,0,1,5.1281,1,11.9308,1,10.882,1,3.8279,1,5.9825,1,5.0153,1,5.195,1,0,0,0,0,5.3804,1,0,0,0,0,0,0,0,0,0,0,5.4161,1,18.529,1,10.198,1,0,0,0,0,0,0,0,0,22.3112,1,19.1852,1,14.912,1,0,0,0,0,0,0,18.0872,1,0,0,0,0,0,0,0,0,0,0,0,0,0,0,19.6268,1,24.1916,1,15.3152,1,0,0,0,0,0,0,15.2084,1,max,388.835,-107.851
-1,1,1,1,1,1,1,1,1,1,-1,1,1,1,1,1,1,1,1,1,1,1,1,1,1,1,1,1,1,1,1,1,1,1,1,1,1,1,1,1,1,1,1,1,1,1,1,1,1,1,0.9745,1,15.952,1,3.5417,1,29.406,1,127.414,1,0,1,0,0,0,0,0,0,0,0,0,0,0,0,0,0,0,1,0,0,0,0,0,0,0,0,0,0,0,1,5.7329,1,9.7168,1,7.5382,1,5.6795,1,6.254,1,3.5846,1,4.0928,1,0,0,0,0,3.5312,1,0,0,0,0,0,0,0,0,0,0,3.8321,1,19.943,1,12.686,1,0,0,0,0,0,0,0,0,16.8056,1,15.8648,1,20.7332,1,0,0,0,0,0,0,24.0872,1,0,0,0,0,0,0,0,0,0,0,0,0,0,0,15.6164,1,24.242,1,18.8048,1,0,0,0,0,0,0,14.2892,1,max,410.322,-80.8891
-1,1,1,1,1,1,1,1,1,1,1,-1,1,1,1,1,1,1,1,1,1,1,1,1,1,-1,1,1,1,1,1,1,1,1,1,1,1,1,1,1,1,1,1,1,-1,1,1,1,1,1,1.26832,1,19.486,1,5.153,1,26.315,1,110.182,1,0,1,0,0,0,0,0,0,0,0,0,0,0,0,0,0,0,1,0,0,0,0,0,0,0,0,0,0,0,1,5.7908,1,11.5306,1,9.6172,1,5.3984,1,4.2974,1,5.0729,1,4.9388,1,0,0,0,0,3.6725,1,0,0,0,0,0,0,0,0,0,0,4.3382,1,19,1,13.114,1,0,0,0,0,0,0,0,0,25.9184,1,14.4776,1,24.0284,1,0,0,0,0,0,0,25.5632,1,0,0,0,0,0,0,0,0,0,0,0,0,0,0,20.8052,1,19.1924,1,16.1396,1,0,0,0,0,0,0,19.364,1,sum,414.664,-82.5298
-1,1,1,1,1,1,1,1,1,1,-1,-1,1,1,1,1,1,1,1,1,1,1,1,1,1,-1,1,1,1,1,1,1,1,1,1,1,1,1,1,1,1,1,1,1,-1,1,1,1,1,1,1.20874,1,13.836,1,3.6881,1,21.253,1,126.586,1,0,1,0,0,0,0,0,0,0,0,0,0,0,0,0,0,0,1,0,0,0,0,0,0,0,0,0,0,0,1,6.1832,1,10.798,1,8.2564,1,3.9788,1,4.3592,1,4.3814,1,5.4059,1,0,0,0,0,6.1952,1,0,0,0,0,0,0,0,0,0,0,6.2552,1,13.859,1,17.43,1,0,0,0,0,0,0,0,0,19.8788,1,22.5896,1,24.4124,1,0,0,0,0,0,0,25.2512,1,0,0,0,0,0,0,0,0,0,0,0,0,0,0,16.346,1,21.23,1,14.7044,1,0,0,0,0,0,0,24.116,1,max,422.203,-103.671
-1,1,1,1,1,1,1,1,1,1,1,-1,-1,1,1,1,1,1,1,1,1,1,1,1,1,1,-1,1,1,1,1,1,1,1,1,1,1,1,1,1,1,1,1,1,1,1,1,1,1,1,1.2289,1,10.215,1,4.3337,1,29.537,1,72.82,1,0,1,0,0,0,0,0,0,0,0,0,0,0,0,0,0,0,1,0,0,0,0,0,0,0,0,0,0,0,1,4.4396,1,11.9512,1,11.9188,1,4.9688,1,4.568,1,6.4124,1,4.3709,1,0,0,0,0,5.741,1,0,0,0,0,0,0,0,0,0,0,6.1703,1,17.162,1,19.035,1,0,0,0,0,0,0,0,0,17.9036,1,22.424,1,20.7224,1,0,0,0,0,0,0,25.1888,1,0,0,0,0,0,0,0,0,0,0,0,0,0,0,20.8868,1,21.4856,1,20.7692,1,0,0,0,0,0,0,20.6948,1,max,384.948,-81.9498
-1,1,1,1,1,1,1,1,1,1,-1,1,-1,1,1,-1,1,1,1,1,1,1,1,1,1,-1,-1,1,1,1,1,1,1,1,1,1,1,1,1,1,1,1,1,1,1,1,1,1,1,1,1.20532,1,12.751,1,4.0877,1,24.034,1,111.502,1,0,1,0,0,0,0,0,0,0,0,0,0,0,0,0,0,0,1,0,0,0,0,0,0,0,0,0,0,0,1,5.4251,1,11.5234,1,11.038,1,4.8608,1,5.5559,1,4.2548,1,5.2754,1,0,0,0,0,3.7847,1,0,0,0,0,0,0,0,0,0,0,3.8894,1,12.025,1,11.072,1,0,0,0,0,0,0,0,0,19.2128,1,24.5252,1,22.8056,1,0,0,0,0,0,0,25.6592,1,0,0,0,0,0,0,0,0,0,0,0,0,0,0,24.9824,1,20.9012,1,14.1536,1,0,0,0,0,0,0,15.8312,1,max,400.356,-83.085
-1,1,1,1,1,1,1,1,1,1,1,1,-1,1,1,1,1,1,1,1,1,1,1,1,1,-1,1,-1,1,1,1,1,1,1,1,1,1,1,1,1,1,1,1,1,1,-1,1,1,1,1,1.08778,1,16.573,1,3.6668,1,29.46,1,71.29,1,0,1,0,0,0,0,0,0,0,0,0,0,0,0,0,0,0,1,0,0,0,0,0,0,0,0,0,0,0,1,4.4249,1,9.5968,1,11.125,1,3.9377,1,5.4248,1,5.9231,1,3.9926,1,0,0,0,0,5.9969,1,0,0,0,0,0,0,0,0,0,0,5.2631,1,18.033,1,11.38,1,0,0,0,0,0,0,0,0,19.9004,1,18.488,1,21.5792,1,0,0,0,0,0,0,25.49,1,0,0,0,0,0,0,0,0,0,0,0,0,0,0,25.9868,1,24.2816,1,24.9536,1,0,0,0,0,0,0,24.0356,1,max,391.891,-80.4992
-1,1,1,1,1,1,1,1,1,1,-1,1,1,1,1,-1,1,1,1,1,1,1,1,1,1,1,1,-1,1,1,1,1,1,1,1,1,1,1,1,1,1,1,1,1,1,-1,1,1,1,1,1.25374,1,19.62,1,4.0496,1,21.03,1,74.104,1,0,1,0,0,0,0,0,0,0,0,0,0,0,0,0,0,0,1,0,0,0,0,0,0,0,0,0,0,0,1,6.0926,1,11.3692,1,10.6696,1,5.2241,1,6.3206,1,5.8139,1,5.3936,1,0,0,0,0,4.5782,1,0,0,0,0,0,0,0,0,0,0,4.3283,1,10.484,1,11.911,1,0,0,0,0,0,0,0,0,15.908,1,19.2332,1,14.9564,1,0,0,0,0,0,0,14.0228,1,0,0,0,0,0,0,0,0,0,0,0,0,0,0,22.1048,1,14.3924,1,14.3504,1,0,0,0,0,0,0,17.3924,1,sum,334.603,-91.9083
-1,1,1,1,1,1,1,1,1,1,1,1,-1,1,1,1,1,1,1,1,1,1,1,1,1,1,1,1,1,1,1,1,1,1,1,1,1,1,1,1,1,1,1,1,1,-1,1,1,1,1,0.89542,1,10.679,1,4.1141,1,25.805,1,95.326,1,0,1,0,0,0,0,0,0,0,0,0,0,0,0,0,0,0,1,0,0,0,0,0,0,0,0,0,0,0,1,5.7011,1,7.939,1,9.8914,1,4.2164,1,3.6938,1,6.0686,1,5.8148,1,0,0,0,0,4.31,1,0,0,0,0,0,0,0,0,0,0,5.3417,1,13.671,1,19.466,1,0,0,0,0,0,0,0,0,24.4004,1,17.8256,1,14.816,1,0,0,0,0,0,0,25.0664,1,0,0,0,0,0,0,0,0,0,0,0,0,0,0,25.0124,1,16.4684,1,22.7792,1,0,0,0,0,0,0,20.0768,1,max,389.379,-76.337
-1,1,1,1,1,1,1,1,1,1,1,-1,-1,1,1,-1,1,1,1,1,1,1,1,1,1,1,1,1,1,1,1,1,1,1,1,1,1,1,1,1,1,1,1,1,1,1,1,1,1,1,1.08454,1,15.51,1,6.1463,1,22.666,1,115.384,1,0,1,0,0,0,0,0,0,0,0,0,0,0,0,0,0,0,1,0,0,0,0,0,0,0,0,0,0,0,1,3.8075,1,9.6388,1,8.4046,1,6.2714,1,5.0789,1,5.039,1,6.4955,1,0,0,0,0,5.7062,1,0,0,0,0,0,0,0,0,0,0,4.0748,1,10.496,1,18.633,1,0,0,0,0,0,0,0,0,20.8148,1,23.1488,1,19.6544,1,0,0,0,0,0,0,24.8192,1,0,0,0,0,0,0,0,0,0,0,0,0,0,0,16.3784,1,20.3408,1,15.7244,1,0,0,0,0,0,0,21.7508,1,max,407.068,-81.4836
-1,1,1,1,1,1,1,1,1,1,-1,1,1,1,1,1,1,1,1,1,1,1,1,1,1,-1,1,1,1,1,1,1,1,1,1,1,1,1,1,1,1,1,1,1,1,1,1,1,1,1,1.07578,1,10.843,1,5.1356,1,28.168,1,74.944,1,0,1,0,0,0,0,0,0,0,0,0,0,0,0,0,0,0,1,0,0,0,0,0,0,0,0,0,0,0,1,6.4889,1,12.5806,1,10.438,1,6.326,1,5.5484,1,6.2249,1,6.4682,1,0,0,0,0,5.3891,1,0,0,0,0,0,0,0,0,0,0,5.2148,1,17.531,1,15.618,1,0,0,0,0,0,0,0,0,25.1912,1,24.8552,1,15.35,1,0,0,0,0,0,0,15.0548,1,0,0,0,0,0,0,0,0,0,0,0,0,0,0,15.1628,1,25.2476,1,24.6932,1,0,0,0,0,0,0,20.9192,1,max,384.468,-81.4752
-1,1,1,1,1,1,1,1,1,1,1,-1,-1,1,1,1,1,1,1,1,1,1,1,1,1,1,1,1,1,1,1,1,1,1,1,1,1,1,1,1,1,1,1,1,1,-1,1,1,1,1,1.00696,1,14.209,1,6.2633,1,29.593,1,96.664,1,0,1,0,0,0,0,0,0,0,0,0,0,0,0,0,0,0,1,0,0,0,0,0,0,0,0,0,0,0,1,3.6668,1,11.8558,1,8.6974,1,4.3166,1,5.0435,1,3.9287,1,5.1689,1,0,0,0,0,4.787,1,0,0,0,0,0,0,0,0,0,0,5.2688,1,10.446,1,19.64,1,0,0,0,0,0,0,0,0,14.3468,1,15.548,1,20.198,1,0,0,0,0,0,0,16.9796,1,0,0,0,0,0,0,0,0,0,0,0,0,0,0,21.0368,1,15.3368,1,18.0272,1,0,0,0,0,0,0,25.6844,1,sum,377.713,-88.7433
-1,1,1,1,1,1,1,1,1,1,1,1,1,1,1,-1,1,1,1,1,1,1,1,1,1,1,-1,1,1,1,1,1,1,1,1,1,1,1,1,1,1,1,1,1,1,1,1,1,1,1,0.71104,1,14.232,1,3.7838,1,26.641,1,119.764,1,0,1,0,0,0,0,0,0,0,0,0,0,0,0,0,0,0,1,0,0,0,0,0,0,0,0,0,0,0,1,4.6565,1,9.7936,1,8.2792,1,5.2013,1,6.2075,1,4.3535,1,6.2303,1,0,0,0,0,4.2125,1,0,0,0,0,0,0,0,0,0,0,3.5192,1,15.075,1,11.258,1,0,0,0,0,0,0,0,0,25.2116,1,16.5512,1,15.8972,1,0,0,0,0,0,0,19.6292,1,0,0,0,0,0,0,0,0,0,0,0,0,0,0,22.1516,1,17.888,1,20.204,1,0,0,0,0,0,0,17.942,1,sum,399.393,-80.1541
-1,1,1,1,1,1,1,1,1,1,1,1,-1,1,1,1,1,1,1,1,1,1,1,1,1,1,1,1,1,1,1,1,1,1,1,1,1,1,1,1,1,1,1,1,1,1,1,1,1,1,0.77668,1,15.471,1,5.2556,1,24.605,1,91.63,1,0,1,0,0,0,0,0,0,0,0,0,0,0,0,0,0,0,1,0,0,0,0,0,0,0,0,0,0,0,1,3.9206,1,8.5492,1,12.205,1,4.8809,1,3.5645,1,5.8703,1,5.0384,1,0,0,0,0,3.8045,1,0,0,0,0,0,0,0,0,0,0,4.9694,1,12.094,1,13.343,1,0,0,0,0,0,0,0,0,20.8952,1,14.3852,1,21.0056,1,0,0,0,0,0,0,18.6284,1,0,0,0,0,0,0,0,0,0,0,0,0,0,0,24.7136,1,18.5876,1,14.0792,1,0,0,0,0,0,0,24.8924,1,max,373.165,-109.292
-1,1,1,1,1,1,1,1,1,1,-1,-1,1,1,1,1,1,1,1,1,1,1,1,1,1,1,1,-1,1,1,1,1,1,1,1,1,1,1,1,1,1,1,1,1,-1,1,1,1,1,1,0.81868,1,14.632,1,5.7446,1,26.35,1,87.88,1,0,1,0,0,0,0,0,0,0,0,0,0,0,0,0,0,0,1,0,0,0,0,0,0,0,0,0,0,0,1,4.784,1,12.8038,1,11.665,1,4.8818,1,4.7357,1,5.9855,1,3.8567,1,0,0,0,0,5.474,1,0,0,0,0,0,0,0,0,0,0,6.3152,1,17.576,1,18.125,1,0,0,0,0,0,0,0,0,25.6364,1,20.2892,1,16.382,1,0,0,0,0,0,0,18.4676,1,0,0,0,0,0,0,0,0,0,0,0,0,0,0,20.972,1,17.7296,1,17.0684,1,0,0,0,0,0,0,14.3156,1,max,382.489,-89.9299
-1,1,1,1,1,1,1,1,1,1,1,1,-1,1,1,1,1,1,1,1,1,1,1,1,1,-1,1,1,1,1,1,1,1,1,1,1,1,1,1,1,1,1,1,1,1,-1,1,1,1,1,0.92854,1,11.466,1,3.5252,1,23.452,1,99.952,1,0,1,0,0,0,0,0,0,0,0,0,0,0,0,0,0,0,1,0,0,0,0,0,0,0,0,0,0,0,1,4.7786,1,12.5794,1,11.851,1,4.6385,1,3.6395,1,3.8471,1,6.245,1,0,0,0,0,4.8581,1,0,0,0,0,0,0,0,0,0,0,4.7567,1,19.259,1,11.574,1,0,0,0,0,0,0,0,0,24.836,1,16.3028,1,17.7404,1,0,0,0,0,0,0,14.4332,1,0,0,0,0,0,0,0,0,0,0,0,0,0,0,19.5056,1,17.2856,1,25.3076,1,0,0,0,0,0,0,16.2428,1,max,379.005,-104.218
-1,1,1,1,1,1,1,1,1,1,-1,1,1,1,1,-1,1,1,1,1,1,1,1,1,1,1,-1,1,1,1,1,1,1,1,1,1,1,1,1,1,1,1,1,1,1,1,1,1,1,1,1.27276,1,18.814,1,5.8433,1,20.391,1,89.86,1,0,1,0,0,0,0,0,0,0,0,0,0,0,0,0,0,0,1,0,0,0,0,0,0,0,0,0,0,0,1,5.8088,1,11.6344,1,11.896,1,5.2268,1,5.654,1,4.6334,1,3.7481,1,0,0,0,0,4.9145,1,0,0,0,0,0,0,0,0,0,0,4.3421,1,14.184,1,11.327,1,0,0,0,0,0,0,0,0,21.5372,1,14.8376,1,22.0136,1,0,0,0,0,0,0,15.4256,1,0,0,0,0,0,0,0,0,0,0,0,0,0,0,17.3768,1,24.3392,1,14.9348,1,0,0,0,0,0,0,25.1732,1,max,375.188,-81.3157
-1,1,1,1,1,1,1,1,1,1,1,-1,1,1,1,-1,1,1,1,1,1,1,1,1,1,-1,1,1,1,1,1,1,1,1,1,1,1,1,1,1,1,1,1,1,1,-1,1,1,1,1,1.19212,1,12.83,1,4.0139,1,22.012,1,105.526,1,0,1,0,0,0,0,0,0,0,0,0,0,0,0,0,0,0,1,0,0,0,0,0,0,0,0,0,0,0,1,3.7949,1,12.829,1,12.6838,1,3.911,1,5.5265,1,5.3957,1,6.0074,1,0,0,0,0,4.3601,1,0,0,0,0,0,0,0,0,0,0,4.7108,1,12.428,1,11.408,1,0,0,0,0,0,0,0,0,16.4576,1,24.3716,1,25.844,1,0,0,0,0,0,0,21.6896,1,0,0,0,0,0,0,0,0,0,0,0,0,0,0,18.1796,1,22.922,1,23.954,1,0,0,0,0,0,0,25.9568,1,sum,408.004,-88.2331
-1,1,1,1,1,1,1,1,1,1,1,1,-1,1,1,-1,1,1,1,1,1,1,1,1,1,1,1,-1,1,1,1,1,1,1,1,1,1,1,1,1,1,1,1,1,1,1,1,1,1,1,0.9265,1,10.663,1,5.4311,1,23.364,1,99.178,1,0,1,0,0,0,0,0,0,0,0,0,0,0,0,0,0,0,1,0,0,0,0,0,0,0,0,0,0,0,1,5.1353,1,12.1276,1,11.1736,1,6.1586,1,4.1042,1,5.0243,1,5.7566,1,0,0,0,0,5.3333,1,0,0,0,0,0,0,0,0,0,0,4.4843,1,10.619,1,14.674,1,0,0,0,0,0,0,0,0,18.7988,1,14.8472,1,19.8092,1,0,0,0,0,0,0,17.2136,1,0,0,0,0,0,0,0,0,0,0,0,0,0,0,21.6596,1,17.8808,1,15.6812,1,0,0,0,0,0,0,16.5536,1,max,366.597,-82.4409
-1,1,1,1,1,1,1,1,1,1,-1,1,-1,1,1,1,1,1,1,1,1,1,1,1,1,1,-1,-1,1,1,1,1,1,1,1,1,1,1,1,1,1,1,1,1,1,1,1,1,1,1,0.832,1,19.701,1,3.9845,1,29.853,1,114.19,1,0,1,0,0,0,0,0,0,0,0,0,0,0,0,0,0,0,1,0,0,0,0,0,0,0,0,0,0,0,1,5.6498,1,11.3968,1,9.8026,1,4.7717,1,5.9177,1,4.5743,1,5,1,0,0,0,0,6.1097,1,0,0,0,0,0,0,0,0,0,0,5.4956,1,13.064,1,18.719,1,0,0,0,0,0,0,0,0,25.0484,1,17.4248,1,22.418,1,0,0,0,0,0,0,16.286,1,0,0,0,0,0,0,0,0,0,0,0,0,0,0,21.0692,1,19.7168,1,14.2892,1,0,0,0,0,0,0,22.4708,1,sum,417.785,-113.021
-1,1,1,1,1,1,1,1,1,1,1,-1,1,1,1,1,1,1,1,1,1,1,1,1,1,1,1,1,1,1,1,1,1,1,1,1,1,1,1,1,1,1,1,1,1,1,1,1,1,1,0.87058,1,10.365,1,5.4011,1,25.18,1,105.1,1,0,1,0,0,0,0,0,0,0,0,0,0,0,0,0,0,0,1,0,0,0,0,0,0,0,0,0,0,0,1,4.4786,1,12.169,1,10.3168,1,5.6321,1,5.3435,1,3.9497,1,6.3311,1,0,0,0,0,6.1574,1,0,0,0,0,0,0,0,0,0,0,4.9592,1,18.79,1,11.225,1,0,0,0,0,0,0,0,0,21.0032,1,25.6184,1,18.3212,1,0,0,0,0,0,0,21.8744,1,0,0,0,0,0,0,0,0,0,0,0,0,0,0,23.9864,1,15.7496,1,17.8916,1,0,0,0,0,0,0,24.9788,1,sum,405.693,-68.1638
-1,1,1,1,1,1,1,1,1,1,1,1,1,1,1,1,1,1,1,1,1,1,1,1,1,-1,1,1,1,1,1,1,1,1,1,1,1,1,1,1,1,1,1,1,1,1,1,1,1,1,0.74038,1,13.967,1,5.9393,1,24.381,1,102.01,1,0,1,0,0,0,0,0,0,0,0,0,0,0,0,0,0,0,1,0,0,0,0,0,0,0,0,0,0,0,1,5.7095,1,9.607,1,11.1124,1,6.0851,1,5.1326,1,5.9543,1,4.196,1,0,0,0,0,4.52,1,0,0,0,0,0,0,0,0,0,0,3.9599,1,18.143,1,13.584,1,0,0,0,0,0,0,0,0,19.844,1,21.5312,1,18.4868,1,0,0,0,0,0,0,24.3044,1,0,0,0,0,0,0,0,0,0,0,0,0,0,0,15.7508,1,17.168,1,23.4236,1,0,0,0,0,0,0,19.2176,1,sum,394.768,-80.5577
-1,1,1,1,1,1,1,1,1,1,1,-1,1,1,1,1,1,1,1,1,1,1,1,1,1,1,1,1,1,1,1,1,1,1,1,1,1,1,1,1,1,1,1,1,1,1,1,1,1,1,0.80542,1,11.784,1,5.738,1,20.607,1,113.686,1,0,1,0,0,0,0,0,0,0,0,0,0,0,0,0,0,0,1,0,0,0,0,0,0,0,0,0,0,0,1,3.5012,1,8.8378,1,10.4116,1,3.6392,1,3.9638,1,6.0206,1,5.0465,1,0,0,0,0,4.1093,1,0,0,0,0,0,0,0,0,0,0,4.2086,1,15.952,1,16.742,1,0,0,0,0,0,0,0,0,15.3584,1,23.7848,1,25.4912,1,0,0,0,0,0,0,23.636,1,0,0,0,0,0,0,0,0,0,0,0,0,0,0,15.6692,1,16.7084,1,20.2196,1,0,0,0,0,0,0,25.1684,1,sum,401.089,-87.6302
-1,1,1,1,1,1,1,1,1,1,1,-1,1,1,1,1,1,1,1,1,1,1,1,1,1,1,-1,-1,1,1,1,1,1,1,1,1,1,1,1,1,1,1,1,1,-1,1,1,1,1,1,1.051,1,13.61,1,5.1758,1,29.435,1,77.05,1,0,1,0,0,0,0,0,0,0,0,0,0,0,0,0,0,0,1,0,0,0,0,0,0,0,0,0,0,0,1,5.3555,1,9.2134,1,9.5314,1,4.8839,1,3.8561,1,5.9003,1,6.2726,1,0,0,0,0,4.7882,1,0,0,0,0,0,0,0,0,0,0,6.0644,1,11.46,1,14.678,1,0,0,0,0,0,0,0,0,18.806,1,15.0164,1,24.4772,1,0,0,0,0,0,0,16.2152,1,0,0,0,0,0,0,0,0,0,0,0,0,0,0,17.1704,1,17.5304,1,20.4056,1,0,0,0,0,0,0,20.7488,1,max,358.696,-85.9706
-1,1,1,1,1,1,1,1,1,1,-1,1,-1,1,1,1,1,1,1,1,1,1,1,1,1,1,1,-1,1,1,1,1,1,1,1,1,1,1,1,1,1,1,1,1,1,1,1,1,1,1,1.17652,1,13.557,1,6.176,1,22.677,1,109.888,1,0,1,0,0,0,0,0,0,0,0,0,0,0,0,0,0,0,1,0,0,0,0,0,0,0,0,0,0,0,1,4.4162,1,7.39,1,7.4284,1,5.2889,1,5.7458,1,6.3614,1,5.576,1,0,0,0,0,4.9484,1,0,0,0,0,0,0,0,0,0,0,4.9139,1,13.797,1,19.826,1,0,0,0,0,0,0,0,0,17.3852,1,23.4872,1,20.21,1,0,0,0,0,0,0,22.0532,1,0,0,0,0,0,0,0,0,0,0,0,0,0,0,14.5832,1,24.602,1,23.5196,1,0,0,0,0,0,0,16.7588,1,sum,401.766,-69.4192
-1,1,1,1,1,1,1,1,1,1,1,1,-1,1,1,1,1,1,1,1,1,1,1,1,1,1,-1,1,1,1,1,1,1,1,1,1,1,1,1,1,1,1,1,1,1,1,1,1,1,1,0.83716,1,14.249,1,3.9998,1,22.678,1,85.432,1,0,1,0,0,0,0,0,0,0,0,0,0,0,0,0,0,0,1,0,0,0,0,0,0,0,0,0,0,0,1,4.2782,1,11.551,1,12.6118,1,4.1699,1,5.6444,1,6.3542,1,6.3914,1,0,0,0,0,4.4666,1,0,0,0,0,0,0,0,0,0,0,4.5305,1,16.069,1,11.88,1,0,0,0,0,0,0,0,0,21.332,1,22.1516,1,23.1368,1,0,0,0,0,0,0,17.45,1,0,0,0,0,0,0,0,0,0,0,0,0,0,0,24.506,1,21.7448,1,22.7648,1,0,0,0,0,0,0,14.8568,1,max,383.086,-73.2273
-1,1,1,1,1,1,1,1,1,1,-1,1,1,1,1,-1,1,1,1,1,1,1,1,1,1,1,1,1,1,1,1,1,1,1,1,1,1,1,1,1,1,1,1,1,1,1,1,1,1,1,0.91192,1,15.194,1,4.8848,1,22.241,1,105.286,1,0,1,0,0,0,0,0,0,0,0,0,0,0,0,0,0,0,1,0,0,0,0,0,0,0,0,0,0,0,1,5.0375,1,7.5778,1,10.882,1,5.6753,1,6.2924,1,4.7393,1,4.2872,1,0,0,0,0,3.7097,1,0,0,0,0,0,0,0,0,0,0,5.2745,1,12.688,1,15.73,1,0,0,0,0,0,0,0,0,25.1852,1,19.568,1,25.4888,1,0,0,0,0,0,0,17.3984,1,0,0,0,0,0,0,0,0,0,0,0,0,0,0,14.636,1,15.3404,1,14.702,1,0,0,0,0,0,0,23.534,1,max,386.264,-83.0869
-1,1,1,1,1,1,1,1,1,1,1,-1,-1,1,1,-1,1,1,1,1,1,1,1,1,1,-1,-1,1,1,1,1,1,1,1,1,1,1,1,1,1,1,1,1,1,1,-1,1,1,1,1,1.03108,1,13.922,1,6.2579,1,21.415,1,91.3,1,0,1,0,0,0,0,0,0,0,0,0,0,0,0,0,0,0,1,0,0,0,0,0,0,0,0,0,0,0,1,5.3288,1,7.9624,1,7.4182,1,4.7729,1,6.0959,1,5.2037,1,4.9655,1,0,0,0,0,4.6976,1,0,0,0,0,0,0,0,0,0,0,4.1393,1,11.072,1,14.952,1,0,0,0,0,0,0,0,0,22.796,1,17.942,1,25.988,1,0,0,0,0,0,0,23.1992,1,0,0,0,0,0,0,0,0,0,0,0,0,0,0,22.3532,1,23.4896,1,19.4552,1,0,0,0,0,0,0,21.5672,1,sum,387.325,-79.4211
-1,1,1,1,1,1,1,1,1,1,1,1,1,1,1,-1,1,1,1,1,1,1,1,1,1,-1,1,1,1,1,1,1,1,1,1,1,1,1,1,1,1,1,1,1,1,1,1,1,1,1,1.02064,1,11.846,1,6.2264,1,22.708,1,95.284,1,0,1,0,0,0,0,0,0,0,0,0,0,0,0,0,0,0,1,0,0,0,0,0,0,0,0,0,0,0,1,5.0453,1,9.847,1,9.2116,1,3.8954,1,6.3614,1,4.6463,1,4.8767,1,0,0,0,0,4.7069,1,0,0,0,0,0,0,0,0,0,0,3.7454,1,18.763,1,16.504,1,0,0,0,0,0,0,0,0,18.5444,1,24.35,1,23.096,1,0,0,0,0,0,0,23.9828,1,0,0,0,0,0,0,0,0,0,0,0,0,0,0,18.0956,1,25.238,1,15.6344,1,0,0,0,0,0,0,17.5364,1,sum,391.166,-86.4508
-1,1,1,1,1,1,1,1,1,1,1,1,1,1,1,1,1,1,1,1,1,1,1,1,1,1,-1,1,1,1,1,1,1,1,1,1,1,1,1,1,1,1,1,1,1,-1,1,1,1,1,1.09846,1,12.261,1,6.4601,1,21.375,1,114.34,1,0,1,0,0,0,0,0,0,0,0,0,0,0,0,0,0,0,1,0,0,0,0,0,0,0,0,0,0,0,1,4.9706,1,9.7072,1,9.7978,1,4.1267,1,5.333,1,5.0165,1,4.0358,1,0,0,0,0,5.15,1,0,0,0,0,0,0,0,0,0,0,4.4582,1,18.587,1,16.037,1,0,0,0,0,0,0,0,0,21.9608,1,25.8212,1,21.1208,1,0,0,0,0,0,0,18.278,1,0,0,0,0,0,0,0,0,0,0,0,0,0,0,24.794,1,21.71,1,22.0304,1,0,0,0,0,0,0,16.094,1,max,414.564,-72.0831
-1,1,1,1,1,1,1,1,1,1,1,-1,1,1,1,1,1,1,1,1,1,1,1,1,1,1,-1,-1,1,1,1,1,1,1,1,1,1,1,1,1,1,1,1,1,1,-1,1,1,1,1,0.99154,1,18.702,1,3.8966,1,29.777,1,103.468,1,0,1,0,0,0,0,0,0,0,0,0,0,0,0,0,0,0,1,0,0,0,0,0,0,0,0,0,0,0,1,5.5853,1,12.5242,1,10.6798,1,4.7165,1,3.7454,1,4.0712,1,3.8207,1,0,0,0,0,4.8167,1,0,0,0,0,0,0,0,0,0,0,5.672,1,12.819,1,12.95,1,0,0,0,0,0,0,0,0,16.628,1,15.9992,1,19.0436,1,0,0,0,0,0,0,21.2792,1,0,0,0,0,0,0,0,0,0,0,0,0,0,0,25.8056,1,20.1224,1,25.3412,1,0,0,0,0,0,0,17.0792,1,sum,399.534,-78.7927
-1,1,1,1,1,1,1,1,1,1,1,-1,-1,1,1,-1,1,1,1,1,1,1,1,1,1,1,1,1,1,1,1,1,1,1,1,1,1,1,1,1,1,1,1,1,1,1,1,1,1,1,0.74056,1,15.675,1,3.9734,1,24.067,1,119.254,1,0,1,0,0,0,0,0,0,0,0,0,0,0,0,0,0,0,1,0,0,0,0,0,0,0,0,0,0,0,1,5.1713,1,12.8434,1,10.8514,1,6.2306,1,4.601,1,4.3241,1,5.858,1,0,0,0,0,3.7397,1,0,0,0,0,0,0,0,0,0,0,5.6042,1,18.833,1,15.212,1,0,0,0,0,0,0,0,0,24.4568,1,24.0152,1,17.4356,1,0,0,0,0,0,0,23.6864,1,0,0,0,0,0,0,0,0,0,0,0,0,0,0,19.658,1,18.2372,1,25.2188,1,0,0,0,0,0,0,18.2744,1,sum,427.961,-79.4261
-1,1,1,1,1,1,1,1,1,1,1,1,1,1,1,1,1,1,1,1,1,1,1,1,1,1,1,1,1,1,1,1,1,1,1,1,1,1,1,1,1,1,1,1,1,1,1,1,1,1,1.24774,1,14.977,1,5.6477,1,28.338,1,117.928,1,0,1,0,0,0,0,0,0,0,0,0,0,0,0,0,0,0,1,0,0,0,0,0,0,0,0,0,0,0,1,6.0914,1,11.713,1,9.7138,1,5.2679,1,5.5406,1,3.9935,1,6.0962,1,0,0,0,0,5.3201,1,0,0,0,0,0,0,0,0,0,0,6.0992,1,16.679,1,15.714,1,0,0,0,0,0,0,0,0,25.3496,1,17.1944,1,16.6916,1,0,0,0,0,0,0,14.2532,1,0,0,0,0,0,0,0,0,0,0,0,0,0,0,21.3428,1,21.6824,1,21.974,1,0,0,0,0,0,0,22.7324,1,sum,421.588,-84.1651
-1,1,1,1,1,1,1,1,1,1,1,-1,1,1,1,1,1,1,1,1,1,1,1,1,1,1,1,1,1,1,1,1,1,1,1,1,1,1,1,1,1,1,1,1,-1,1,1,1,1,1,1.16848,1,13.65,1,4.163,1,25.504,1,73.162,1,0,1,0,0,0,0,0,0,0,0,0,0,0,0,0,0,0,1,0,0,0,0,0,0,0,0,0,0,0,1,5.6279,1,10.7704,1,11.8228,1,4.2092,1,3.6209,1,4.9721,1,4.0526,1,0,0,0,0,4.9571,1,0,0,0,0,0,0,0,0,0,0,5.54,1,19.749,1,10.014,1,0,0,0,0,0,0,0,0,25.1204,1,23.7884,1,25.7144,1,0,0,0,0,0,0,24.278,1,0,0,0,0,0,0,0,0,0,0,0,0,0,0,25.394,1,16.4084,1,22.6532,1,0,0,0,0,0,0,25.9568,1,max,392.297,-75.5093
-1,1,1,1,1,1,1,1,1,1,-1,-1,1,1,1,1,1,1,1,1,1,1,1,1,1,1,1,1,1,1,1,1,1,1,1,1,1,1,1,1,1,1,1,1,1,1,1,1,1,1,1.25386,1,14.967,1,6.4655,1,25.781,1,92.5,1,0,1,0,0,0,0,0,0,0,0,0,0,0,0,0,0,0,1,0,0,0,0,0,0,0,0,0,0,0,1,5.1911,1,12.6592,1,11.062,1,5.5109,1,5.9279,1,5.4203,1,4.2692,1,0,0,0,0,3.6527,1,0,0,0,0,0,0,0,0,0,0,4.3421,1,18.126,1,11.179,1,0,0,0,0,0,0,0,0,23.1272,1,20.0552,1,19.7492,1,0,0,0,0,0,0,20.9168,1,0,0,0,0,0,0,0,0,0,0,0,0,0,0,22.8128,1,16.6676,1,21.6608,1,0,0,0,0,0,0,22.5764,1,sum,395.874,-73.5835
-1,1,1,1,1,1,1,1,1,1,1,1,1,1,1,1,1,1,1,1,1,1,1,1,1,1,1,1,1,1,1,1,1,1,1,1,1,1,1,1,1,1,1,1,1,-1,1,1,1,1,0.91504,1,14.234,1,4.6748,1,26.583,1,81.862,1,0,1,0,0,0,0,0,0,0,0,0,0,0,0,0,0,0,1,0,0,0,0,0,0,0,0,0,0,0,1,4.8113,1,7.9648,1,7.174,1,5.5049,1,5.741,1,4.9553,1,4.2932,1,0,0,0,0,3.5393,1,0,0,0,0,0,0,0,0,0,0,4.4573,1,10.861,1,17.494,1,0,0,0,0,0,0,0,0,21.9596,1,15.2684,1,20.2316,1,0,0,0,0,0,0,22.9052,1,0,0,0,0,0,0,0,0,0,0,0,0,0,0,22.07,1,18.2048,1,16.334,1,0,0,0,0,0,0,22.886,1,sum,364.925,-93.8056
-1,1,1,1,1,1,1,1,1,1,1,-1,-1,1,1,-1,1,1,1,1,1,1,1,1,1,-1,-1,1,1,1,1,1,1,1,1,1,1,1,1,1,1,1,1,1,-1,1,1,1,1,1,0.93988,1,12.152,1,5.1176,1,27.449,1,87.58,1,0,1,0,0,0,0,0,0,0,0,0,0,0,0,0,0,0,1,0,0,0,0,0,0,0,0,0,0,0,1,3.8837,1,12.895,1,12.6466,1,4.1354,1,5.2118,1,4.6445,1,5.2244,1,0,0,0,0,5.8988,1,0,0,0,0,0,0,0,0,0,0,5.5283,1,12.532,1,13.078,1,0,0,0,0,0,0,0,0,21.2588,1,18.5672,1,21.9416,1,0,0,0,0,0,0,16.8128,1,0,0,0,0,0,0,0,0,0,0,0,0,0,0,22.6808,1,25.6124,1,14.4368,1,0,0,0,0,0,0,16.8752,1,max,377.103,-92.8712
-1,1,1,1,1,1,1,1,1,1,1,-1,1,1,1,-1,1,1,1,1,1,1,1,1,1,1,1,1,1,1,1,1,1,1,1,1,1,1,1,1,1,1,1,1,-1,1,1,1,1,1,1.01416,1,14.656,1,5.0399,1,29.935,1,120.028,1,0,1,0,0,0,0,0,0,0,0,0,0,0,0,0,0,0,1,0,0,0,0,0,0,0,0,0,0,0,1,5.135,1,10.2268,1,12.5284,1,4.199,1,6.0992,1,5.5277,1,5.8235,1,0,0,0,0,4.1432,1,0,0,0,0,0,0,0,0,0,0,6.3404,1,10.083,1,14.977,1,0,0,0,0,0,0,0,0,15.8252,1,24.9992,1,23.1872,1,0,0,0,0,0,0,18.158,1,0,0,0,0,0,0,0,0,0,0,0,0,0,0,14.2928,1,16.7708,1,25.2284,1,0,0,0,0,0,0,14.8328,1,max,409.051,-67.2458
-1,1,1,1,1,1,1,1,1,1,1,1,-1,1,1,1,1,1,1,1,1,1,1,1,1,1,1,1,1,1,1,1,1,1,1,1,1,1,1,1,1,1,1,1,1,1,1,1,1,1,1.23496,1,13.14,1,5.0945,1,22.743,1,126.904,1,0,1,0,0,0,0,0,0,0,0,0,0,0,0,0,0,0,1,0,0,0,0,0,0,0,0,0,0,0,1,6.2579,1,7.2814,1,12.9388,1,4.9766,1,5.4053,1,6.2045,1,6.1082,1,0,0,0,0,4.6499,1,0,0,0,0,0,0,0,0,0,0,4.4132,1,14.397,1,13.275,1,0,0,0,0,0,0,0,0,16.5116,1,19.7024,1,18.5876,1,0,0,0,0,0,0,17.3048,1,0,0,0,0,0,0,0,0,0,0,0,0,0,0,17.8916,1,15.7712,1,18.5576,1,0,0,0,0,0,0,19.1024,1,max,398.453,-78.7922
-1,1,1,1,1,1,1,1,1,1,1,1,-1,1,1,1,1,1,1,1,1,1,1,1,1,1,1,1,1,1,1,1,1,1,1,1,1,1,1,1,1,1,1,1,-1,1,1,1,1,1,1.01668,1,18.149,1,5.6735,1,28.04,1,129.388,1,0,1,0,0,0,0,0,0,0,0,0,0,0,0,0,0,0,1,0,0,0,0,0,0,0,0,0,0,0,1,5.0972,1,10.471,1,10.9714,1,4.9892,1,5.8352,1,5.1968,1,6.4448,1,0,0,0,0,6.3542,1,0,0,0,0,0,0,0,0,0,0,3.5015,1,11.758,1,12.712,1,0,0,0,0,0,0,0,0,20.0228,1,15.6272,1,18.3044,1,0,0,0,0,0,0,20.2916,1,0,0,0,0,0,0,0,0,0,0,0,0,0,0,16.586,1,21.8756,1,15.7232,1,0,0,0,0,0,0,18.326,1,sum,412.355,-83.0544
