-1,1,1,1,1,1,1,1,1,1,1,-1,1,1,1,1,1,1,1,1,1,1,1,1,1,-1,1,1,1,1,1,1,1,1,1,1,1,1,1,1,1,1,1,1,1,1,1,1,1,1,1.23718,1,14.432,1,5.1845,1,21.469,1,87.676,1,0,1,0,0,0,0,0,0,0,0,0,0,0,0,0,0,0,1,0,0,0,0,0,0,0,0,0,0,0,1,4.7027,1,9.6082,1,7.1164,1,5.1356,1,3.6854,1,4.2611,1,5.0477,1,0,0,0,0,4.6784,1,0,0,0,0,0,0,0,0,0,0,3.8204,1,11.644,1,17.833,1,0,0,0,0,0,0,0,0,25.4432,1,20.762,1,23.8676,1,0,0,0,0,0,0,14.7716,1,0,0,0,0,0,0,0,0,0,0,0,0,0,0,20.978,1,15.5096,1,19.6508,1,0,0,0,0,0,0,18.6176,1,max,367.132,-97.6737
-1,1,1,1,1,1,1,1,1,1,-1,-1,1,1,1,1,1,1,1,1,1,1,1,1,1,1,-1,1,1,1,1,1,1,1,1,1,1,1,1,1,1,1,1,1,1,1,1,1,1,1,1.1866,1,19.124,1,5.3285,1,22.421,1,78.982,1,0,1,0,0,0,0,0,0,0,0,0,0,0,0,0,0,0,1,0,0,0,0,0,0,0,0,0,0,0,1,3.7637,1,10.5094,1,12.6142,1,5.8118,1,5.0852,1,4.5014,1,3.575,1,0,0,0,0,4.0097,1,0,0,0,0,0,0,0,0,0,0,4.0331,1,13.316,1,13.354,1,0,0,0,0,0,0,0,0,19.442,1,14.324,1,18.2636,1,0,0,0,0,0,0,19.8104,1,0,0,0,0,0,0,0,0,0,0,0,0,0,0,18.2996,1,22.4288,1,24.9092,1,0,0,0,0,0,0,23.4788,1,sum,368.572,-94.4411
-1,1,1,1,1,1,1,1,1,1,1,1,1,1,1,1,1,1,1,1,1,1,1,1,1,-1,1,1,1,1,1,1,1,1,1,1,1,1,1,1,1,1,1,1,1,-1,1,1,1,1,1.12084,1,12.088,1,5.1233,1,20.418,1,105.916,1,0,1,0,0,0,0,0,0,0,0,0,0,0,0,0,0,0,1,0,0,0,0,0,0,0,0,0,0,0,1,4.5221,1,7.2502,1,10.0762,1,5.5922,1,5.7866,1,4.0169,1,6.3533,1,0,0,0,0,6.0731,1,0,0,0,0,0,0,0,0,0,0,5.1008,1,17.017,1,15.01,1,0,0,0,0,0,0,0,0,21.1016,1,14.6312,1,21.3716,1,0,0,0,0,0,0,25.9808,1,0,0,0,0,0,0,0,0,0,0,0,0,0,0,18.3524,1,21.1292,1,17.8196,1,0,0,0,0,0,0,25.4696,1,sum,397.321,-86.4692
-1,1,1,1,1,1,1,1,1,1,1,-1,1,1,1,-1,1,1,1,1,1,1,1,1,1,1,-1,1,1,1,1,1,1,1,1,1,1,1,1,1,1,1,1,1,1,-1,1,1,1,1,1.08346,1,18.303,1,4.5032,1,27.54,1,83.92,1,0,1,0,0,0,0,0,0,0,0,0,0,0,0,0,0,0,1,0,0,0,0,0,0,0,0,0,0,0,1,4.8566,1,7.5124,1,12.4552,1,4.9583,1,4.6925,1,5.2736,1,3.917,1,0,0,0,0,6.0371,1,0,0,0,0,0,0,0,0,0,0,5.8853,1,19.182,1,14.748,1,0,0,0,0,0,0,0,0,24.9224,1,19.46,1,18.818,1,0,0,0,0,0,0,21.8528,1,0,0,0,0,0,0,0,0,0,0,0,0,0,0,23.7788,1,22.2788,1,20.4944,1,0,0,0,0,0,0,22.6856,1,sum,399.158,-76.2107
-1,1,1,1,1,1,1,1,1,1,-1,1,1,1,1,-1,1,1,1,1,1,1,1,1,1,1,-1,1,1,1,1,1,1,1,1,1,1,1,1,1,1,1,1,1,1,-1,1,1,1,1,0.92242,1,13.623,1,4.1504,1,25.468,1,117.208,1,0,1,0,0,0,0,0,0,0,0,0,0,0,0,0,0,0,1,0,0,0,0,0,0,0,0,0,0,0,1,6.2081,1,8.1934,1,9.2992,1,6.2609,1,5.0465,1,4.1711,1,4.0832,1,0,0,0,0,5.9282,1,0,0,0,0,0,0,0,0,0,0,4.5179,1,19.253,1,16.871,1,0,0,0,0,0,0,0,0,25.9316,1,21.902,1,20.5568,1,0,0,0,0,0,0,25.0628,1,0,0,0,0,0,0,0,0,0,0,0,0,0,0,24.3932,1,16.6916,1,24.02,1,0,0,0,0,0,0,19.4972,1,max,429.26,-75.915
-1,1,1,1,1,1,1,1,1,1,1,1,1,1,1,1,1,1,1,1,1,1,1,1,1,-1,-1,1,1,1,1,1,1,1,1,1,1,1,1,1,1,1,1,1,1,1,1,1,1,1,0.71488,1,18.49,1,5.0267,1,21.646,1,111.094,1,0,1,0,0,0,0,0,0,0,0,0,0,0,0,0,0,0,1,0,0,0,0,0,0,0,0,0,0,0,1,4.6871,1,9.2866,1,10.4566,1,6.3587,1,5.6648,1,5.7962,1,3.6293,1,0,0,0,0,5.2973,1,0,0,0,0,0,0,0,0,0,0,3.7574,1,19.527,1,13.214,1,0,0,0,0,0,0,0,0,16.7264,1,25.2344,1,18.056,1,0,0,0,0,0,0,16.5176,1,0,0,0,0,0,0,0,0,0,0,0,0,0,0,23.9576,1,24.3716,1,17.9384,1,0,0,0,0,0,0,18.7472,1,sum,406.196,-78.6185
-1,1,1,1,1,1,1,1,1,1,-1,1,-1,1,1,1,1,1,1,1,1,1,1,1,1,-1,-1,1,1,1,1,1,1,1,1,1,1,1,1,1,1,1,1,1,-1,1,1,1,1,1,1.06804,1,17.635,1,6.1385,1,21.124,1,110.692,1,0,1,0,0,0,0,0,0,0,0,0,0,0,0,0,0,0,1,0,0,0,0,0,0,0,0,0,0,0,1,4.4234,1,10.6246,1,11.6134,1,4.6202,1,3.8156,1,5.4002,1,3.5318,1,0,0,0,0,6.0521,1,0,0,0,0,0,0,0,0,0,0,4.7927,1,19.112,1,10.06,1,0,0,0,0,0,0,0,0,24.17,1,20.7092,1,18.8912,1,0,0,0,0,0,0,23.5184,1,0,0,0,0,0,0,0,0,0,0,0,0,0,0,16.4912,1,25.0808,1,16.5272,1,0,0,0,0,0,0,21.4952,1,max,407.587,-80.1022
-1,1,1,1,1,1,1,1,1,1,-1,-1,1,1,1,1,1,1,1,1,1,1,1,1,1,1,-1,1,1,1,1,1,1,1,1,1,1,1,1,1,1,1,1,1,-1,1,1,1,1,1,1.15606,1,12.204,1,6.419,1,27.006,1,122.092,1,0,1,0,0,0,0,0,0,0,0,0,0,0,0,0,0,0,1,0,0,0,0,0,0,0,0,0,0,0,1,6.0599,1,7.1986,1,8.8876,1,4.9502,1,4.1015,1,5.2439,1,4.6175,1,0,0,0,0,6.0722,1,0,0,0,0,0,0,0,0,0,0,4.3316,1,16.373,1,10.796,1,0,0,0,0,0,0,0,0,15.4076,1,23.7824,1,17.8796,1,0,0,0,0,0,0,14.9096,1,0,0,0,0,0,0,0,0,0,0,0,0,0,0,14.3936,1,14.1692,1,23.2808,1,0,0,0,0,0,0,21.638,1,sum,392.97,-88.2009
-1,1,1,1,1,1,1,1,1,1,1,1,1,1,1,1,1,1,1,1,1,1,1,1,1,1,1,1,1,1,1,1,1,1,1,1,1,1,1,1,1,1,1,1,1,1,1,1,1,1,0.79558,1,10.633,1,4.7105,1,22.711,1,84.004,1,0,1,0,0,0,0,0,0,0,0,0,0,0,0,0,0,0,1,0,0,0,0,0,0,0,0,0,0,0,1,3.6314,1,12.6082,1,8.4874,1,4.9919,1,6.4358,1,6.2,1,5.108,1,0,0,0,0,4.3613,1,0,0,0,0,0,0,0,0,0,0,4.9763,1,19.45,1,16.75,1,0,0,0,0,0,0,0,0,24.6116,1,18.8912,1,20.7704,1,0,0,0,0,0,0,20.3516,1,0,0,0,0,0,0,0,0,0,0,0,0,0,0,24.674,1,22.472,1,19.778,1,0,0,0,0,0,0,15.9584,1,sum,383.362,-73.3725
-1,1,1,1,1,1,1,1,1,1,1,1,-1,1,1,-1,1,1,1,1,1,1,1,1,1,1,1,-1,1,1,1,1,1,1,1,1,1,1,1,1,1,1,1,1,1,1,1,1,1,1,1.2733,1,16.71,1,5.0375,1,26.479,1,115.81,1,0,1,0,0,0,0,0,0,0,0,0,0,0,0,0,0,0,1,0,0,0,0,0,0,0,0,0,0,0,1,5.1134,1,9.8212,1,11.8168,1,4.0331,1,6.0359,1,4.5401,1,4.1237,1,0,0,0,0,3.59,1,0,0,0,0,0,0,0,0,0,0,4.6268,1,12.242,1,16.822,1,0,0,0,0,0,0,0,0,24.7724,1,14.2448,1,22.8392,1,0,0,0,0,0,0,25.3436,1,0,0,0,0,0,0,0,0,0,0,0,0,0,0,14.48,1,14.5124,1,16.196,1,0,0,0,0,0,0,23.084,1,sum,403.547,-81.9851
-1,1,1,1,1,1,1,1,1,1,1,1,-1,1,1,1,1,1,1,1,1,1,1,1,1,-1,1,1,1,1,1,1,1,1,1,1,1,1,1,1,1,1,1,1,-1,1,1,1,1,1,1.03678,1,10.49,1,4.3994,1,25.533,1,103.84,1,0,1,0,0,0,0,0,0,0,0,0,0,0,0,0,0,0,1,0,0,0,0,0,0,0,0,0,0,0,1,6.0788,1,12.226,1,8.4346,1,3.5237,1,4.5863,1,5.8151,1,6.4637,1,0,0,0,0,5.0342,1,0,0,0,0,0,0,0,0,0,0,5.2355,1,12.313,1,10.101,1,0,0,0,0,0,0,0,0,25.4096,1,18.1196,1,24.6752,1,0,0,0,0,0,0,15.9428,1,0,0,0,0,0,0,0,0,0,0,0,0,0,0,22.0652,1,23.516,1,16.5008,1,0,0,0,0,0,0,24.146,1,max,395.486,-102.723
-1,1,1,1,1,1,1,1,1,1,1,-1,-1,1,1,-1,1,1,1,1,1,1,1,1,1,-1,1,-1,1,1,1,1,1,1,1,1,1,1,1,1,1,1,1,1,1,1,1,1,1,1,0.8704,1,13.656,1,5.7125,1,28.248,1,100.738,1,0,1,0,0,0,0,0,0,0,0,0,0,0,0,0,0,0,1,0,0,0,0,0,0,0,0,0,0,0,1,6.2507,1,8.0044,1,10.561,1,4.7558,1,3.6449,1,4.4492,1,5.462,1,0,0,0,0,5.588,1,0,0,0,0,0,0,0,0,0,0,5.3477,1,15.897,1,14.869,1,0,0,0,0,0,0,0,0,14.6588,1,18.7244,1,16.4156,1,0,0,0,0,0,0,20.1872,1,0,0,0,0,0,0,0,0,0,0,0,0,0,0,24.6668,1,20.8208,1,23.276,1,0,0,0,0,0,0,24.5972,1,sum,397.401,-75.1964
-1,1,1,1,1,1,1,1,1,1,1,-1,1,1,1,-1,1,1,1,1,1,1,1,1,1,1,1,1,1,1,1,1,1,1,1,1,1,1,1,1,1,1,1,1,-1,1,1,1,1,1,1.15576,1,10.815,1,4.5236,1,29.465,1,84.826,1,0,1,0,0,0,0,0,0,0,0,0,0,0,0,0,0,0,1,0,0,0,0,0,0,0,0,0,0,0,1,4.0985,1,11.7496,1,7.0786,1,4.4156,1,5.2766,1,5.2364,1,4.6793,1,0,0,0,0,5.6243,1,0,0,0,0,0,0,0,0,0,0,6.1931,1,19.638,1,10.539,1,0,0,0,0,0,0,0,0,21.4088,1,22.0016,1,24.7544,1,0,0,0,0,0,0,18.188,1,0,0,0,0,0,0,0,0,0,0,0,0,0,0,25.0412,1,17.3564,1,24.7592,1,0,0,0,0,0,0,21.062,1,sum,389.886,-86.2031
-1,1,1,1,1,1,1,1,1,1,-1,-1,1,1,1,-1,1,1,1,1,1,1,1,1,1,-1,1,1,1,1,1,1,1,1,1,1,1,1,1,1,1,1,1,1,1,1,1,1,1,1,1.04818,1,16.805,1,5.6141,1,27.051,1,124.354,1,0,1,0,0,0,0,0,0,0,0,0,0,0,0,0,0,0,1,0,0,0,0,0,0,0,0,0,0,0,1,5.3309,1,11.6272,1,8.3092,1,5.7317,1,4.3442,1,4.5848,1,5.4572,1,0,0,0,0,5.5736,1,0,0,0,0,0,0,0,0,0,0,4.3382,1,11.013,1,12.617,1,0,0,0,0,0,0,0,0,14.2328,1,23.0276,1,20.0264,1,0,0,0,0,0,0,16.31,1,0,0,0,0,0,0,0,0,0,0,0,0,0,0,15.3668,1,21.788,1,19.7072,1,0,0,0,0,0,0,16.1648,1,sum,400.423,-89.5992
-1,1,1,1,1,1,1,1,1,1,-1,1,1,1,1,1,1,1,1,1,1,1,1,1,1,-1,1,1,1,1,1,1,1,1,1,1,1,1,1,1,1,1,1,1,-1,1,1,1,1,1,0.82708,1,14.259,1,5.1554,1,26.44,1,120.244,1,0,1,0,0,0,0,0,0,0,0,0,0,0,0,0,0,0,1,0,0,0,0,0,0,0,0,0,0,0,1,6.089,1,11.7436,1,7.576,1,6.1991,1,3.9284,1,4.8107,1,5.3216,1,0,0,0,0,5.1902,1,0,0,0,0,0,0,0,0,0,0,5.0261,1,13.36,1,17.051,1,0,0,0,0,0,0,0,0,21.7904,1,15.3908,1,17.6924,1,0,0,0,0,0,0,25.9412,1,0,0,0,0,0,0,0,0,0,0,0,0,0,0,15.068,1,16.3964,1,19.7168,1,0,0,0,0,0,0,17.1368,1,sum,402.354,-70.9212
-1,1,1,1,1,1,1,1,1,1,1,-1,1,1,1,1,1,1,1,1,1,1,1,1,1,1,1,1,1,1,1,1,1,1,1,1,1,1,1,1,1,1,1,1,1,1,1,1,1,1,1.17022,1,11.011,1,5.3168,1,27.606,1,99.664,1,0,1,0,0,0,0,0,0,0,0,0,0,0,0,0,0,0,1,0,0,0,0,0,0,0,0,0,0,0,1,6.3227,1,7.6822,1,11.5828,1,3.5768,1,5.4743,1,4.9961,1,3.8807,1,0,0,0,0,4.9802,1,0,0,0,0,0,0,0,0,0,0,3.6974,1,11.687,1,16.127,1,0,0,0,0,0,0,0,0,21.338,1,18.3344,1,23.8676,1,0,0,0,0,0,0,23.0516,1,0,0,0,0,0,0,0,0,0,0,0,0,0,0,19.1744,1,14.4752,1,24.0668,1,0,0,0,0,0,0,15.8672,1,sum,384.95,-71.7296
-1,1,1,1,1,1,1,1,1,1,-1,1,1,1,1,-1,1,1,1,1,1,1,1,1,1,-1,1,1,1,1,1,1,1,1,1,1,1,1,1,1,1,1,1,1,-1,1,1,1,1,1,1.11826,1,18.53,1,6.2864,1,23.37,1,1,1,1,1,1,1,1,1,1,1,1,1,1,1,1,1,1,1,1,1,1,1,1,1,1,1,1,1,1,1,1,1,1,1,1,1,1,-1,1,1,1,1,1,0.97174,1,15.74,1,4.3946,1,21.68,1,94.456,1,0,1,0,0,0,0,0,0,0,0,0,0,0,0,0,0,0,1,0,0,0,0,0,0,0,0,0,0,0,1,6.3818,1,9.7906,1,9.0802,1,6.4511,1,4.2524,1,5.3546,1,3.6914,1,0,0,0,0,4.8347,1,0,0,0,0,0,0,0,0,0,0,6.1457,1,19.632,1,14.102,1,0,0,0,0,0,0,0,0,21.95,1,16.1636,1,22.8356,1,0,0,0,0,0,0,14.6096,1,0,0,0,0,0,0,0,0,0,0,0,0,0,0,18.512,1,22.1744,1,24.4364,1,0,0,0,0,0,0,25.466,1,sum,393.106,-73.9123).
data( -1,1,1,1,1,1,1,1,1,1,1,-1,1,1,1,-1,1,1,1,1,1,1,1,1,1,-1,-1,1,1,1,1,1,1,1,1,1,1,1,1,1,1,1,1,1,1,1,1,1,1,1,1.1923,1,13.124,1,5.4743,1,21.711,1,86.332,1,0,1,0,0,0,0,0,0,0,0,0,0,0,0,0,0,0,1,0,0,0,0,0,0,0,0,0,0,0,1,5.4014,1,10.885,1,9.427,1,5.7992,1,4.4195,1,5.036,1,4.3973,1,0,0,0,0,4.7342,1,0,0,0,0,0,0,0,0,0,0,5.2505,1,11.389,1,10.154,1,0,0,0,0,0,0,0,0,24.2168,1,17.024,1,25.0364,1,0,0,0,0,0,0,25.0952,1,0,0,0,0,0,0,0,0,0,0,0,0,0,0,22.6256,1,23.4476,1,23.6504,1,0,0,0,0,0,0,23.768,1,max,389.591,-97.9439).
data( -1,1,1,1,1,1,1,1,1,1,1,1,1,1,1,1,1,1,1,1,1,1,1,1,1,1,-1,1,1,1,1,1,1,1,1,1,1,1,1,1,1,1,1,1,-1,1,1,1,1,1,1.03534,1,18.685,1,3.6164,1,20.26,1,91.864,1,0,1,0,0,0,0,0,0,0,0,0,0,0,0,0,0,0,1,0,0,0,0,0,0,0,0,0,0,0,1,6.0845,1,7.2238,1,8.926,1,4.0442,1,4.0136,1,3.7265,1,6.2426,1,0,0,0,0,5.4662,1,0,0,0,0,0,0,0,0,0,0,4.9592,1,12.426,1,12.137,1,0,0,0,0,0,0,0,0,23.7164,1,24.7664,1,24.9692,1,0,0,0,0,0,0,17.7044,1,0,0,0,0,0,0,0,0,0,0,0,0,0,0,24.5192,1,24.974,1,25.19,1,0,0,0,0,0,0,25.4744,1,sum,402.024,-86.0815).
data( -1,1,1,1,1,1,1,1,1,1,-1,-1,1,1,1,-1,1,1,1,1,1,1,1,1,1,1,1,-1,1,1,1,1,1,1,1,1,1,1,1,1,1,1,1,1,-1,1,1,1,1,1,0.81886,1,13.421,1,4.0157,1,23.467,1,114.046,1,0,1,0,0,0,0,0,0,0,0,0,0,0,0,0,0,0,1,0,0,0,0,0,0,0,0,0,0,0,1,5.3828,1,8.7316,1,11.0356,1,4.4903,1,3.545,1,3.6935,1,6.0053,1,0,0,0,0,4.2194,1,0,0,0,0,0,0,0,0,0,0,5.4845,1,17.612,1,14.239,1,0,0,0,0,0,0,0,0,18.5828,1,14.1932,1,21.9428,1,0,0,0,0,0,0,24.044,1,0,0,0,0,0,0,0,0,0,0,0,0,0,0,24.1292,1,15.0752,1,18.9416,1,0,0,0,0,0,0,22.7564,1,max,399.873,-107.534).
data( -1,1,1,1,1,1,1,1,1,1,-1,-1,1,1,1,-1,1,1,1,1,1,1,1,1,1,1,-1,1,1,1,1,1,1,1,1,1,1,1,1,1,1,1,1,1,1,1,1,1,1,1,1.17172,1,18.833,1,4.937,1,26.242,1,113.83,1,0,1,0,0,0,0,0,0,0,0,0,0,0,0,0,0,0,1,0,0,0,0,0,0,0,0,0,0,0,1,5.5742,1,12.2206,1,9.0376,1,5.6909,1,5.9339,1,5.0888,1,4.7417,1,0,0,0,0,4.9166,1,0,0,0,0,0,0,0,0,0,0,5.9639,1,14.084,1,13.852,1,0,0,0,0,0,0,0,0,15.0824,1,19.6724,1,18.6764,1,0,0,0,0,0,0,23.2136,1,0,0,0,0,0,0,0,0,0,0,0,0,0,0,14.3816,1,18.932,1,25.0628,1,0,0,0,0,0,0,14.816,1,max,401.955,-86.7357).
data( -1,1,1,1,1,1,1,1,1,1,1,-1,-1,1,1,1,1,1,1,1,1,1,1,1,1,1,-1,1,1,1,1,1,1,1,1,1,1,1,1,1,1,1,1,1,1,1,1,1,1,1,0.97738,1,13.498,1,5.3336,1,20.161,1,99.46,1,0,1,0,0,0,0,0,0,0,0,0,0,0,0,0,0,0,1,0,0,0,0,0,0,0,0,0,0,0,1,6.2153,1,12.1378,1,12.1732,1,3.8225,1,4.9988,1,6.2855,1,5.6792,1,0,0,0,0,5.234,1,0,0,0,0,0,0,0,0,0,0,5.0291,1,15.916,1,11.563,1,0,0,0,0,0,0,0,0,14.1836,1,17.5196,1,21.7964,1,0,0,0,0,0,0,19.6616,1,0,0,0,0,0,0,0,0,0,0,0,0,0,0,22.5524,1,19.8752,1,16.0964,1,0,0,0,0,0,0,23.1872,1,max,383.357,-74.4221).
,0,0,0,0,0,0,0,0,0,0,1,0,0,0,0,0,0,0,0,0,0,0,1,5.6522,1,12.9478,1,7.0426,1,5.8496,1,5.7314,1,6.4124,1,5.3174,1,0,0,0,0,5.9261,1,0,0,0,0,0,0,0,0,0,0,5.4695,1,12.143,1,11.987,1,0,0,0,0,0,0,0,0,16.8944,1,14.4788,1,25.2584,1,0,0,0,0,0,0,24.1496,1,0,0,0,0,0,0,0,0,0,0,0,0,0,0,24.4184,1,17.7764,1,21.782,1,0,0,0,0,0,0,19.0232,1,sum,394.313,-73.0268
-1,1,1,1,1,1,1,1,1,1,-1,-1,1,1,1,1,1,1,1,1,1,1,1,1,1,-1,1,1,1,1,1,1,1,1,1,1,1,1,1,1,1,1,1,1,1,1,1,1,1,1,1.21672,1,10.99,1,4.9004,1,29.544,1,111.172,1,0,1,0,0,0,0,0,0,0,0,0,0,0,0,0,0,0,1,0,0,0,0,0,0,0,0,0,0,0,1,5.3387,1,10.9666,1,9.082,1,5.564,1,4.3571,1,5.1704,1,4.8395,1,0,0,0,0,4.7408,1,0,0,0,0,0,0,0,0,0,0,3.7313,1,10.481,1,11.775,1,0,0,0,0,0,0,0,0,22.0856,1,25.6988,1,21.4772,1,0,0,0,0,0,0,20.234,1,0,0,0,0,0,0,0,0,0,0,0,0,0,0,19.97,1,24.7532,1,17.1392,1,0,0,0,0,0,0,19.3316,1,sum,404.559,-79.1441
-1,1,1,1,1,1,1,1,1,1,1,-1,1,1,1,-1,1,1,1,1,1,1,1,1,1,-1,1,-1,1,1,1,1,1,1,1,1,1,1,1,1,1,1,1,1,-1,1,1,1,1,1,1.02124,1,17.667,1,5.8754,1,22.394,1,129.016,1,0,1,0,0,0,0,0,0,0,0,0,0,0,0,0,0,0,1,0,0,0,0,0,0,0,0,0,0,0,1,4.9505,1,9.9034,1,11.9644,1,3.7763,1,4.7564,1,3.8603,1,6.2471,1,0,0,0,0,4.8023,1,0,0,0,0,0,0,0,0,0,0,5.1161,1,15.663,1,11.022,1,0,0,0,0,0,0,0,0,23.864,1,22.9916,1,24.9716,1,0,0,0,0,0,0,22.4348,1,0,0,0,0,0,0,0,0,0,0,0,0,0,0,20.9276,1,19.2212,1,25.9952,1,0,0,0,0,0,0,23.3276,1,sum,441.769,-81.4218
-1,1,1,1,1,1,1,1,1,1,1,-1,1,1,1,1,1,1,1,1,1,1,1,1,1,1,-1,1,1,1,1,1,1,1,1,1,1,1,1,1,1,1,1,1,1,1,1,1,1,1,1.11832,1,11.614,1,4.2674,1,21.601,1,108.058,1,0,1,0,0,0,0,0,0,0,0,0,0,0,0,0,0,0,1,0,0,0,0,0,0,0,0,0,0,0,1,4.4879,1,10.3048,1,8.506,1,4.3544,1,5.5559,1,6.0974,1,3.8309,1,0,0,0,0,4.3799,1,0,0,0,0,0,0,0,0,0,0,4.217,1,15.611,1,15.14,1,0,0,0,0,0,0,0,0,21.62,1,16.1084,1,24.308,1,0,0,0,0,0,0,21.0152,1,0,0,0,0,0,0,0,0,0,0,0,0,0,0,24.4628,1,16.0832,1,22.274,1,0,0,0,0,0,0,19.7228,1,sum,394.738,-86.3456
-1,1,1,1,1,1,1,1,1,1,1,-1,1,1,1,1,1,1,1,1,1,1,1,1,1,-1,1,-1,1,1,1,1,1,1,1,1,1,1,1,1,1,1,1,1,1,1,1,1,1,1,0.84412,1,13.551,1,6.3743,1,25.533,1,102.136,1,0,1,0,0,0,0,0,0,0,0,0,0,0,0,0,0,0,1,0,0,0,0,0,0,0,0,0,0,0,1,6.2498,1,12.9664,1,9.1006,1,4.475,1,3.8171,1,5.0336,1,4.3625,1,0,0,0,0,3.6407,1,0,0,0,0,0,0,0,0,0,0,6.2099,1,14.407,1,16.681,1,0,0,0,0,0,0,0,0,20.3024,1,16.1444,1,17.954,1,0,0,0,0,0,0,18.446,1,0,0,0,0,0,0,0,0,0,0,0,0,0,0,16.7804,1,22.0088,1,20.7272,1,0,0,0,0,0,0,18.2072,1,sum,385.952,-82.2234
-1,1,1,1,1,1,1,1,1,1,1,1,1,1,1,1,1,1,1,1,1,1,1,1,1,1,1,1,1,1,1,1,1,1,1,1,1,1,1,1,1,1,1,1,1,1,1,1,1,1,1.11382,1,10.646,1,5.7833,1,26.309,1,118.564,1,0,1,0,0,0,0,0,0,0,0,0,0,0,0,0,0,0,1,0,0,0,0,0,0,0,0,0,0,0,1,4.4651,1,7.6972,1,11.5624,1,3.9542,1,5.9375,1,5.0441,1,4.496,1,0,0,0,0,3.7538,1,0,0,0,0,0,0,0,0,0,0,4.2194,1,16.74,1,14.393,1,0,0,0,0,0,0,0,0,23.4368,1,18.1748,1,14.5172,1,0,0,0,0,0,0,19.2968,1,0,0,0,0,0,0,0,0,0,0,0,0,0,0,23.1992,1,23.0192,1,16.328,1,0,0,0,0,0,0,24.5996,1,sum,407.25,-77.8108
-1,1,1,1,1,1,1,1,1,1,1,-1,1,1,1,1,1,1,1,1,1,1,1,1,1,1,1,1,1,1,1,1,1,1,1,1,1,1,1,1,1,1,1,1,1,1,1,1,1,1,0.7615,1,12.16,1,3.6974,1,29.046,1,92.962,1,0,1,0,0,0,0,0,0,0,0,0,0,0,0,0,0,0,1,0,0,0,0,0,0,0,0,0,0,0,1,5.1275,1,12.997,1,9.3082,1,3.7298,1,5.3585,1,5.4554,1,4.8254,1,0,0,0,0,5.0138,1,0,0,0,0,0,0,0,0,0,0,5.0642,1,15.777,1,18.501,1,0,0,0,0,0,0,0,0,18.3044,1,25.076,1,18.1388,1,0,0,0,0,0,0,14.2976,1,0,0,0,0,0,0,0,0,0,0,0,0,0,0,23.048,1,15.6848,1,19.8176,1,0,0,0,0,0,0,15.5084,1,sum,379.66,-84.675
-1,1,1,1,1,1,1,1,1,1,1,1,1,1,1,1,1,1,1,1,1,1,1,1,1,1,1,1,1,1,1,1,1,1,1,1,1,1,1,1,1,1,1,1,-1,1,1,1,1,1,1.06594,1,18.161,1,5.1611,1,20.483,1,121.858,1,0,1,0,0,0,0,0,0,0,0,0,0,0,0,0,0,0,1,0,0,0,0,0,0,0,0,0,0,0,1,4.6724,1,9.0436,1,10.2526,1,4.5989,1,6.3575,1,5.753,1,5.315,1,0,0,0,0,4.451,1,0,0,0,0,0,0,0,0,0,0,4.8032,1,18.363,1,11.798,1,0,0,0,0,0,0,0,0,17.3684,1,14.4056,1,16.7828,1,0,0,0,0,0,0,20.5052,1,0,0,0,0,0,0,0,0,0,0,0,0,0,0,18.7676,1,18.7736,1,17.63,1,0,0,0,0,0,0,18.4808,1,sum,394.851,-89.7885
-1,1,1,1,1,1,1,1,1,1,1,-1,-1,1,1,-1,1,1,1,1,1,1,1,1,1,1,1,-1,1,1,1,1,1,1,1,1,1,1,1,1,1,1,1,1,-1,1,1,1,1,1,1.26802,1,13.472,1,5.3735,1,23.307,1,111.64,1,0,1,0,0,0,0,0,0,0,0,0,0,0,0,0,0,0,1,0,0,0,0,0,0,0,0,0,0,0,1,6.0878,1,12.454,1,8.4766,1,6.3935,1,5.8553,1,4.9562,1,4.2905,1,0,0,0,0,4.0622,1,0,0,0,0,0,0,0,0,0,0,4.4678,1,14.964,1,17.233,1,0,0,0,0,0,0,0,0,15.0272,1,24.002,1,20.7764,1,0,0,0,0,0,0,21.2288,1,0,0,0,0,0,0,0,0,0,0,0,0,0,0,15.2252,1,14.6864,1,17.1812,1,0,0,0,0,0,0,23.4116,1,sum,395.84,-98.8356
-1,1,1,1,1,1,1,1,1,1,1,-1,1,1,1,-1,1,1,1,1,1,1,1,1,1,1,-1,1,1,1,1,1,1,1,1,1,1,1,1,1,1,1,1,1,1,-1,1,1,1,1,1.19758,1,12.333,1,3.6968,1,27.362,1,72.976,1,0,1,0,0,0,0,0,0,0,0,0,0,0,0,0,0,0,1,0,0,0,0,0,0,0,0,0,0,0,1,4.1132,1,11.935,1,8.7082,1,4.0871,1,4.7078,1,3.5831,1,4.1117,1,0,0,0,0,5.3429,1,0,0,0,0,0,0,0,0,0,0,5.5139,1,12.24,1,18.801,1,0,0,0,0,0,0,0,0,20.0348,1,23.2952,1,21.6284,1,0,0,0,0,0,0,25.6496,1,0,0,0,0,0,0,0,0,0,0,0,0,0,0,23.8676,1,14.618,1,18.3824,1,0,0,0,0,0,0,25.6304,1,sum,373.816,-90.476
-1,1,1,1,1,1,1,1,1,1,-1,1,1,1,1,-1,1,1,1,1,1,1,1,1,1,1,-1,1,1,1,1,1,1,1,1,1,1,1,1,1,1,1,1,1,1,1,1,1,1,1,1.16536,1,19.723,1,4.2368,1,23.454,1,123.91,1,0,1,0,0,0,0,0,0,0,0,0,0,0,0,0,0,0,1,0,0,0,0,0,0,0,0,0,0,0,1,3.8189,1,12.0238,1,11.845,1,5.6162,1,5.3201,1,4.9952,1,3.6167,1,0,0,0,0,5.2049,1,0,0,0,0,0,0,0,0,0,0,6.3098,1,10.898,1,18.775,1,0,0,0,0,0,0,0,0,20.4284,1,19.334,1,25.6916,1,0,0,0,0,0,0,16.6556,1,0,0,0,0,0,0,0,0,0,0,0,0,0,0,19.7948,1,23.9372,1,15.3944,1,0,0,0,0,0,0,14.7548,1,max,416.904,-95.1645
-1,1,1,1,1,1,1,1,1,1,1,1,1,1,1,1,1,1,1,1,1,1,1,1,1,-1,-1,1,1,1,1,1,1,1,1,1,1,1,1,1,1,1,1,1,1,1,1,1,1,1,1.1998,1,12.237,1,6.0938,1,29.115,1,104.5,1,0,1,0,0,0,0,0,0,0,0,0,0,0,0,0,0,0,1,0,0,0,0,0,0,0,0,0,0,0,1,5.7227,1,7.4134,1,7.306,1,5.162,1,5.4332,1,5.06,1,5.9348,1,0,0,0,0,3.8984,1,0,0,0,0,0,0,0,0,0,0,6.2927,1,10.773,1,19.119,1,0,0,0,0,0,0,0,0,21.65,1,16.2524,1,25.526,1,0,0,0,0,0,0,24.5696,1,0,0,0,0,0,0,0,0,0,0,0,0,0,0,18.6584,1,14.2652,1,18.7796,1,0,0,0,0,0,0,17.4872,1,max,392.449,-85.4686
-1,1,1,1,1,1,1,1,1,1,-1,1,1,1,1,-1,1,1,1,1,1,1,1,1,1,1,1,-1,1,1,1,1,1,1,1,1,1,1,1,1,1,1,1,1,1,1,1,1,1,1,1.0726,1,18.049,1,3.6284,1,23.951,1,81.664,1,0,1,0,0,0,0,0,0,0,0,0,0,0,0,0,0,0,1,0,0,0,0,0,0,0,0,0,0,0,1,4.1672,1,7.8754,1,11.6698,1,5.4209,1,4.3031,1,3.959,1,5.525,1,0,0,0,0,4.691,1,0,0,0,0,0,0,0,0,0,0,4.2527,1,16.375,1,15.962,1,0,0,0,0,0,0,0,0,24.6404,1,19.1084,1,24.3428,1,0,0,0,0,0,0,14.2544,1,0,0,0,0,0,0,0,0,0,0,0,0,0,0,17.1956,1,15.9584,1,14.9204,1,0,0,0,0,0,0,18.86,1,max,361.846,-73.5584
-1,1,1,1,1,1,1,1,1,1,1,1,1,1,1,-1,1,1,1,1,1,1,1,1,1,1,1,1,1,1,1,1,1,1,1,1,1,1,1,1,1,1,1,1,-1,1,1,1,1,1,0.73642,1,17.869,1,3.6941,1,26.696,1,117.46,1,0,1,0,0,0,0,0,0,0,0,0,0,0,0,0,0,0,1,0,0,0,0,0,0,0,0,0,0,0,1,4.5098,1,12.244,1,10.639,1,5.7044,1,5.3099,1,4.0472,1,4.9604,1,0,0,0,0,5.7065,1,0,0,0,0,0,0,0,0,0,0,4.2401,1,17.437,1,14.684,1,0,0,0,0,0,0,0,0,23.87,1,23.5196,1,21.6872,1,0,0,0,0,0,0,21.3896,1,0,0,0,0,0,0,0,0,0,0,0,0,0,0,19.5284,1,17.21,1,21.4376,1,0,0,0,0,0,0,16.094,1,max,420.674,-89.4901
-1,1,1,1,1,1,1,1,1,1,-1,-1,-1,1,1,1,1,1,1,1,1,1,1,1,1,1,1,1,1,1,1,1,1,1,1,1,1,1,1,1,1,1,1,1,1,1,1,1,1,1,1.0999,1,11.49,1,4.3103,1,25.891,1,108.046,1,0,1,0,0,0,0,0,0,0,0,0,0,0,0,0,0,0,1,0,0,0,0,0,0,0,0,0,0,0,1,5.7866,1,11.7154,1,11.1814,1,3.524,1,4.3526,1,4.3805,1,6.3278,1,0,0,0,0,4.1138,1,0,0,0,0,0,0,0,0,0,0,3.8363,1,10.717,1,16.262,1,0,0,0,0,0,0,0,0,16.8404,1,20.99,1,22.1288,1,0,0,0,0,0,0,22.1684,1,0,0,0,0,0,0,0,0,0,0,0,0,0,0,19.5404,1,14.0192,1,17.666,1,0,0,0,0,0,0,17.4992,1,max,383.887,-81.8885
-1,1,1,1,1,1,1,1,1,1,-1,1,-1,1,1,-1,1,1,1,1,1,1,1,1,1,1,1,-1,1,1,1,1,1,1,1,1,1,1,1,1,1,1,1,1,1,1,1,1,1,1,1.10932,1,17.17,1,5.0615,1,28.015,1,112.372,1,0,1,0,0,0,0,0,0,0,0,0,0,0,0,0,0,0,1,0,0,0,0,0,0,0,0,0,0,0,1,4.6013,1,9.112,1,12.4546,1,6.0659,1,4.3445,1,6.221,1,5.0642,1,0,0,0,0,4.0727,1,0,0,0,0,0,0,0,0,0,0,3.7625,1,13.425,1,10.074,1,0,0,0,0,0,0,0,0,14.0156,1,19.4864,1,22.1996,1,0,0,0,0,0,0,14.3336,1,0,0,0,0,0,0,0,0,0,0,0,0,0,0,23.444,1,15.7184,1,20.6528,1,0,0,0,0,0,0,17.4116,1,max,390.188,-96.0983
-1,1,1,1,1,1,1,1,1,1,-1,-1,1,1,1,1,1,1,1,1,1,1,1,1,1,1,1,1,1,1,1,1,1,1,1,1,1,1,1,1,1,1,1,1,-1,1,1,1,1,1,1.08046,1,16.646,1,4.5233,1,24.61,1,106.168,1,0,1,0,0,0,0,0,0,0,0,0,0,0,0,0,0,0,1,0,0,0,0,0,0,0,0,0,0,0,1,6.2216,1,8.1778,1,12.9508,1,6.1454,1,3.8495,1,5.7806,1,4.0616,1,0,0,0,0,5.3153,1,0,0,0,0,0,0,0,0,0,0,3.6914,1,17.272,1,12.693,1,0,0,0,0,0,0,0,0,15.1748,1,15.7124,1,15.344,1,0,0,0,0,0,0,14.9132,1,0,0,0,0,0,0,0,0,0,0,0,0,0,0,14.5124,1,15.314,1,24.4316,1,0,0,0,0,0,0,20.0204,1,max,374.61,-99.7468
-1,1,1,1,1,1,1,1,1,1,1,1,1,1,1,1,1,1,1,1,1,1,1,1,1,-1,1,-1,1,1,1,1,1,1,1,1,1,1,1,1,1,1,1,1,1,-1,1,1,1,1,1.2037,1,12.2,1,4.397,1,24.84,1,78.028,1,0,1,0,0,0,0,0,0,0,0,0,0,0,0,0,0,0,1,0,0,0,0,0,0,0,0,0,0,0,1,5.1518,1,10.147,1,12.9898,1,3.9125,1,5.8802,1,5.6465,1,4.3922,1,0,0,0,0,5.45,1,0,0,0,0,0,0,0,0,0,0,3.8651,1,10.285,1,15.378,1,0,0,0,0,0,0,0,0,22.8092,1,25.5548,1,25.2176,1,0,0,0,0,0,0,23.6516,1,0,0,0,0,0,0,0,0,0,0,0,0,0,0,16.6088,1,24.4592,1,16.0736,1,0,0,0,0,0,0,24.44,1,max,382.582,-79.9433
-1,1,1,1,1,1,1,1,1,1,-1,1,1,1,1,-1,1,1,1,1,1,1,1,1,1,1,1,1,1,1,1,1,1,1,1,1,1,1,1,1,1,1,1,1,1,1,1,1,1,1,0.8632,1,18.427,1,5.9417,1,27.973,1,118.546,1,0,1,0,0,0,0,0,0,0,0,0,0,0,0,0,0,0,1,0,0,0,0,0,0,0,0,0,0,0,1,5.7338,1,10.9612,1,12.5362,1,5.6258,1,4.2116,1,3.7694,1,3.7448,1,0,0,0,0,3.9812,1,0,0,0,0,0,0,0,0,0,0,4.8011,1,16.527,1,15.848,1,0,0,0,0,0,0,0,0,14.624,1,24.4268,1,14.6792,1,0,0,0,0,0,0,15.6404,1,0,0,0,0,0,0,0,0,0,0,0,0,0,0,14.2508,1,14.2076,1,14.4524,1,0,0,0,0,0,0,21.2192,1,max,392.991,-82.0015
-1,1,1,1,1,1,1,1,1,1,-1,-1,-1,1,1,1,1,1,1,1,1,1,1,1,1,1,1,-1,1,1,1,1,1,1,1,1,1,1,1,1,1,1,1,1,1,1,1,1,1,1,1.14952,1,14.754,1,4.5866,1,29.449,1,103.348,1,0,1,0,0,0,0,0,0,0,0,0,0,0,0,0,0,0,1,0,0,0,0,0,0,0,0,0,0,0,1,4.073,1,11.0086,1,10.5658,1,3.9908,1,4.8011,1,4.1624,1,4.9571,1,0,0,0,0,3.5066,1,0,0,0,0,0,0,0,0,0,0,5.6951,1,19.506,1,15.118,1,0,0,0,0,0,0,0,0,20.7512,1,18.0044,1,14.8784,1,0,0,0,0,0,0,16.556,1,0,0,0,0,0,0,0,0,0,0,0,0,0,0,24.764,1,18.7688,1,23.0564,1,0,0,0,0,0,0,17.5592,1,sum,395.01,-81.5123
-1,1,1,1,1,1,1,1,1,1,1,-1,1,1,1,-1,1,1,1,1,1,1,1,1,1,-1,-1,1,1,1,1,1,1,1,1,1,1,1,1,1,1,1,1,1,1,1,1,1,1,1,0.77458,1,16.25,1,3.5132,1,25.569,1,91.342,1,0,1,0,0,0,0,0,0,0,0,0,0,0,0,0,0,0,1,0,0,0,0,0,0,0,0,0,0,0,1,4.5518,1,11.7772,1,12.6352,1,3.8306,1,5.1293,1,5.738,1,5.738,1,0,0,0,0,5.5706,1,0,0,0,0,0,0,0,0,0,0,6.3407,1,13.825,1,16.298,1,0,0,0,0,0,0,0,0,17.1896,1,14.678,1,21.1688,1,0,0,0,0,0,0,22.5368,1,0,0,0,0,0,0,0,0,0,0,0,0,0,0,14.7572,1,25.1684,1,14.798,1,0,0,0,0,0,0,18.6968,1,sum,377.877,-76.7759
-1,1,1,1,1,1,1,1,1,1,1,-1,1,1,1,1,1,1,1,1,1,1,1,1,1,1,1,-1,1,1,1,1,1,1,1,1,1,1,1,1,1,1,1,1,1,1,1,1,1,1,0.80026,1,19.97,1,5.4899,1,24.839,1,120.25,1,0,1,0,0,0,0,0,0,0,0,0,0,0,0,0,0,0,1,0,0,0,0,0,0,0,0,0,0,0,1,6.3608,1,9.9868,1,10.492,1,6.4601,1,4.8272,1,6.1499,1,4.9361,1,0,0,0,0,5.7998,1,0,0,0,0,0,0,0,0,0,0,4.6031,1,15.476,1,19.02,1,0,0,0,0,0,0,0,0,15.1424,1,22.4216,1,23.8124,1,0,0,0,0,0,0,23.5808,1,0,0,0,0,0,0,0,0,0,0,0,0,0,0,22.4804,1,22.9988,1,16.5056,1,0,0,0,0,0,0,16.8044,1,max,429.207,-67.5536
-1,1,1,1,1,1,1,1,1,1,1,-1,1,1,1,1,1,1,1,1,1,1,1,1,1,1,-1,-1,1,1,1,1,1,1,1,1,1,1,1,1,1,1,1,1,1,-1,1,1,1,1,0.99748,1,18.696,1,5.9327,1,27.099,1,125.71,1,0,1,0,0,0,0,0,0,0,0,0,0,0,0,0,0,0,1,0,0,0,0,0,0,0,0,0,0,0,1,3.8495,1,11.08,1,11.512,1,3.9233,1,4.8071,1,5.5151,1,5.7284,1,0,0,0,0,6.2021,1,0,0,0,0,0,0,0,0,0,0,4.8923,1,17.702,1,16.906,1,0,0,0,0,0,0,0,0,22.028,1,17.21,1,22.484,1,0,0,0,0,0,0,20.756,1,0,0,0,0,0,0,0,0,0,0,0,0,0,0,22.6676,1,21.8636,1,19.9736,1,0,0,0,0,0,0,25.0328,1,max,442.569,-87.2382
-1,1,1,1,1,1,1,1,1,1,1,1,-1,1,1,1,1,1,1,1,1,1,1,1,1,1,1,-1,1,1,1,1,1,1,1,1,1,1,1,1,1,1,1,1,1,1,1,1,1,1,1.2709,1,15.797,1,5.72,1,20.723,1,74.998,1,0,1,0,0,0,0,0,0,0,0,0,0,0,0,0,0,0,1,0,0,0,0,0,0,0,0,0,0,0,1,4.2854,1,12.52,1,12.8794,1,5.5535,1,4.6568,1,4.8917,1,5.7263,1,0,0,0,0,5.7788,1,0,0,0,0,0,0,0,0,0,0,6.4292,1,13.616,1,13.665,1,0,0,0,0,0,0,0,0,14.9876,1,21.7952,1,15.098,1,0,0,0,0,0,0,24.5084,1,0,0,0,0,0,0,0,0,0,0,0,0,0,0,22.6088,1,14.564,1,14.8196,1,0,0,0,0,0,0,25.6124,1,max,362.505,-87.1476
-1,1,1,1,1,1,1,1,1,1,-1,-1,-1,1,1,1,1,1,1,1,1,1,1,1,1,1,-1,1,1,1,1,1,1,1,1,1,1,1,1,1,1,1,1,1,-1,1,1,1,1,1,1.2826,1,16.353,1,5.3975,1,28.607,1,75.094,1,0,1,0,0,0,0,0,0,0,0,0,0,0,0,0,0,0,1,0,0,0,0,0,0,0,0,0,0,0,1,5.3318,1,7.9732,1,11.758,1,5.8718,1,5.5739,1,4.7846,1,5.6792,1,0,0,0,0,5.7617,1,0,0,0,0,0,0,0,0,0,0,4.0802,1,19.38,1,15.055,1,0,0,0,0,0,0,0,0,16.5296,1,19.6148,1,21.146,1,0,0,0,0,0,0,14.3024,1,0,0,0,0,0,0,0,0,0,0,0,0,0,0,18.7952,1,21.3032,1,23.6852,1,0,0,0,0,0,0,21.5276,1,sum,374.887,-97.3591
-1,1,1,1,1,1,1,1,1,1,1,1,-1,1,1,1,1,1,1,1,1,1,1,1,1,-1,1,1,1,1,1,1,1,1,1,1,1,1,1,1,1,1,1,1,1,1,1,1,1,1,0.93178,1,11.865,1,4.9646,1,29.064,1,93.232,1,0,1,0,0,0,0,0,0,0,0,0,0,0,0,0,0,0,1,0,0,0,0,0,0,0,0,0,0,0,1,6.1628,1,12.679,1,12.6784,1,4.856,1,4.2242,1,4.106,1,3.5981,1,0,0,0,0,4.8023,1,0,0,0,0,0,0,0,0,0,0,4.988,1,19.019,1,17.02,1,0,0,0,0,0,0,0,0,15.5792,1,20.6936,1,21.8888,1,0,0,0,0,0,0,14.1488,1,0,0,0,0,0,0,0,0,0,0,0,0,0,0,24.2744,1,21.8456,1,15.5024,1,0,0,0,0,0,0,17.0276,1,sum,385.152,-79.0485
-1,1,1,1,1,1,1,1,1,1,-1,1,1,1,1,1,1,1,1,1,1,1,1,1,1,1,-1,-1,1,1,1,1,1,1,1,1,1,1,1,1,1,1,1,1,1,-1,1,1,1,1,0.71212,1,11.461,1,4.4954,1,23.367,1,79.486,1,0,1,0,0,0,0,0,0,0,0,0,0,0,0,0,0,0,1,0,0,0,0,0,0,0,0,0,0,0,1,5.4629,1,12.3412,1,10.4242,1,6.4787,1,5.9918,1,4.0457,1,3.5039,1,0,0,0,0,3.6419,1,0,0,0,0,0,0,0,0,0,0,6.4814,1,15.279,1,19.726,1,0,0,0,0,0,0,0,0,23.5988,1,14.3684,1,15.842,1,0,0,0,0,0,0,22.1744,1,0,0,0,0,0,0,0,0,0,0,0,0,0,0,23.174,1,25.1576,1,23.4056,1,0,0,0,0,0,0,17.0756,1,sum,377.695,-81.2153
-1,1,1,1,1,1,1,1,1,1,1,1,1,1,1,1,1,1,1,1,1,1,1,1,1,1,-1,-1,1,1,1,1,1,1,1,1,1,1,1,1,1,1,1,1,-1,1,1,1,1,1,0.93208,1,13.446,1,4.9295,1,23.912,1,95.086,1,0,1,0,0,0,0,0,0,0,0,0,0,0,0,0,0,0,1,0,0,0,0,0,0,0,0,0,0,0,1,4.2395,1,12.2044,1,9.2236,1,5.6561,1,5.1779,1,5.5604,1,3.5777,1,0,0,0,0,4.4816,1,0,0,0,0,0,0,0,0,0,0,5.0885,1,15.236,1,10.786,1,0,0,0,0,0,0,0,0,18.1448,1,14.8568,1,21.71,1,0,0,0,0,0,0,17.6732,1,0,0,0,0,0,0,0,0,0,0,0,0,0,0,17.564,1,15.7544,1,19.9796,1,0,0,0,0,0,0,15.5384,1,sum,360.758,-73.7795
-1,1,1,1,1,1,1,1,1,1,1,-1,-1,1,1,1,1,1,1,1,1,1,1,1,1,-1,1,-1,1,1,1,1,1,1,1,1,1,1,1,1,1,1,1,1,-1,1,1,1,1,1,1.06318,1,17.839,1,3.926,1,24.491,1,127.612,1,0,1,0,0,0,0,0,0,0,0,0,0,0,0,0,0,0,1,0,0,0,0,0,0,0,0,0,0,0,1,5.4635,1,7.9624,1,8.5336,1,4.9853,1,5.0492,1,3.959,1,6.2741,1,0,0,0,0,4.8728,1,0,0,0,0,0,0,0,0,0,0,6.2294,1,18.951,1,12.83,1,0,0,0,0,0,0,0,0,24.5636,1,14.1848,1,23.1812,1,0,0,0,0,0,0,20.4236,1,0,0,0,0,0,0,0,0,0,0,0,0,0,0,17.204,1,25.5104,1,21.7736,1,0,0,0,0,0,0,16.9232,1,sum,423.806,-95.5571
-1,1,1,1,1,1,1,1,1,1,-1,1,1,1,1,1,1,1,1,1,1,1,1,1,1,1,1,-1,1,1,1,1,1,1,1,1,1,1,1,1,1,1,1,1,1,-1,1,1,1,1,1.26178,1,12.253,1,5.0087,1,21.182,1,94.078,1,0,1,0,0,0,0,0,0,0,0,0,0,0,0,0,0,0,1,0,0,0,0,0,0,0,0,0,0,0,1,3.8333,1,11.6494,1,10.6636,1,5.5184,1,4.3421,1,3.5732,1,6.4484,1,0,0,0,0,5.1746,1,0,0,0,0,0,0,0,0,0,0,4.9718,1,13.947,1,14.384,1,0,0,0,0,0,0,0,0,14.822,1,16.9568,1,23.3156,1,0,0,0,0,0,0,19.7108,1,0,0,0,0,0,0,0,0,0,0,0,0,0,0,20.6768,1,23.2964,1,24.2672,1,0,0,0,0,0,0,19.4876,1,max,380.822,-86.0456
-1,1,1,1,1,1,1,1,1,1,1,1,-1,1,1,1,1,1,1,1,1,1,1,1,1,1,1,-1,1,1,1,1,1,1,1,1,1,1,1,1,1,1,1,1,1,1,1,1,1,1,0.7948,1,12.406,1,3.8474,1,22.212,1,112.858,1,0,1,0,0,0,0,0,0,0,0,0,0,0,0,0,0,0,1,0,0,0,0,0,0,0,0,0,0,0,1,6.3737,1,8.6224,1,9.0844,1,5.7104,1,6.0533,1,3.9449,1,6.4601,1,0,0,0,0,5.4173,1,0,0,0,0,0,0,0,0,0,0,4.7231,1,14.391,1,14.521,1,0,0,0,0,0,0,0,0,17.2616,1,25.448,1,20.924,1,0,0,0,0,0,0,17.744,1,0,0,0,0,0,0,0,0,0,0,0,0,0,0,19.4744,1,19.922,1,14.5076,1,0,0,0,0,0,0,17.4896,1,max,390.191,-65.3113
-1,1,1,1,1,1,1,1,1,1,1,-1,1,1,1,-1,1,1,1,1,1,1,1,1,1,-1,1,1,1,1,1,1,1,1,1,1,1,1,1,1,1,1,1,1,1,-1,1,1,1,1,1.29808,1,16.728,1,4.3049,1,23.213,1,112.852,1,0,1,0,0,0,0,0,0,0,0,0,0,0,0,0,0,0,1,0,0,0,0,0,0,0,0,0,0,0,1,4.5677,1,7.144,1,12.5398,1,5.5835,1,4.8215,1,5.0132,1,4.94,1,0,0,0,0,3.9677,1,0,0,0,0,0,0,0,0,0,0,6.4208,1,15.702,1,17.102,1,0,0,0,0,0,0,0,0,16.532,1,17.1368,1,16.3304,1,0,0,0,0,0,0,19.9376,1,0,0,0,0,0,0,0,0,0,0,0,0,0,0,24.644,1,25.5824,1,14.1884,1,0,0,0,0,0,0,25.844,1,max,406.394,-76.4696
-1,1,1,1,1,1,1,1,1,1,1,1,1,1,1,-1,1,1,1,1,1,1,1,1,1,1,1,1,1,1,1,1,1,1,1,1,1,1,1,1,1,1,1,1,1,-1,1,1,1,1,0.71818,1,10.437,1,4.0739,1,22.289,1,89.764,1,0,1,0,0,0,0,0,0,0,0,0,0,0,0,0,0,0,1,0,0,0,0,0,0,0,0,0,0,0,1,5.5907,1,7.0132,1,12.6088,1,4.8197,1,5.5691,1,6.2987,1,5.9123,1,0,0,0,0,5.4392,1,0,0,0,0,0,0,0,0,0,0,4.3373,1,14.92,1,18.248,1,0,0,0,0,0,0,0,0,17.978,1,22.7276,1,22.0124,1,0,0,0,0,0,0,22.1924,1,0,0,0,0,0,0,0,0,0,0,0,0,0,0,17.9216,1,15.356,1,24.0008,1,0,0,0,0,0,0,16.0748,1,sum,376.303,-74.1593
-1,1,1,1,1,1,1,1,1,1,-1,1,1,1,1,1,1,1,1,1,1,1,1,1,1,-1,1,1,1,1,1,1,1,1,1,1,1,1,1,1,1,1,1,1,-1,1,1,1,1,1,1.09252,1,18.811,1,5.1101,1,27.26,1,110.758,1,0,1,0,0,0,0,0,0,0,0,0,0,0,0,0,0,0,1,0,0,0,0,0,0,0,0,0,0,0,1,5.747,1,10.093,1,8.6998,1,3.9701,1,6.0392,1,5.5295,1,6.1142,1,0,0,0,0,4.0982,1,0,0,0,0,0,0,0,0,0,0,3.6665,1,15.118,1,11.734,1,0,0,0,0,0,0,0,0,19.67,1,24.8396,1,15.9752,1,0,0,0,0,0,0,22.7588,1,0,0,0,0,0,0,0,0,0,0,0,0,0,0,18.8468,1,16.6448,1,14.8712,1,0,0,0,0,0,0,17.8028,1,max,395.25,-82.4322
-1,1,1,1,1,1,1,1,1,1,1,1,-1,1,1,-1,1,1,1,1,1,1,1,1,1,1,1,1,1,1,1,1,1,1,1,1,1,1,1,1,1,1,1,1,1,-1,1,1,1,1,0.90172,1,19.313,1,4.022,1,26.829,1,76.924,1,0,1,0,0,0,0,0,0,0,0,0,0,0,0,0,0,0,1,0,0,0,0,0,0,0,0,0,0,0,1,3.6656,1,9.3598,1,7.8532,1,5.9168,1,4.0739,1,4.8281,1,5.2571,1,0,0,0,0,5.8781,1,0,0,0,0,0,0,0,0,0,0,6.0842,1,17.909,1,17.651,1,0,0,0,0,0,0,0,0,17.8664,1,19.4948,1,22.0724,1,0,0,0,0,0,0,14.762,1,0,0,0,0,0,0,0,0,0,0,0,0,0,0,21.3284,1,15.44,1,18.7448,1,0,0,0,0,0,0,14.5592,1,max,360.735,-84.3511
-1,1,1,1,1,1,1,1,1,1,1,1,-1,1,1,1,1,1,1,1,1,1,1,1,1,1,1,-1,1,1,1,1,1,1,1,1,1,1,1,1,1,1,1,1,1,-1,1,1,1,1,0.7993,1,12.703,1,5.606,1,28.322,1,113.974,1,0,1,0,0,0,0,0,0,0,0,0,0,0,0,0,0,0,1,0,0,0,0,0,0,0,0,0,0,0,1,6.4508,1,10.0384,1,8.7454,1,6.3446,1,5.273,1,4.6481,1,3.8153,1,0,0,0,0,6.2708,1,0,0,0,0,0,0,0,0,0,0,3.8642,1,10.025,1,12.264,1,0,0,0,0,0,0,0,0,14.3816,1,22.6076,1,14.282,1,0,0,0,0,0,0,22.0928,1,0,0,0,0,0,0,0,0,0,0,0,0,0,0,20.7836,1,14.162,1,17.2952,1,0,0,0,0,0,0,21.4916,1,max,386.24,-94.5516
-1,1,1,1,1,1,1,1,1,1,1,1,-1,1,1,1,1,1,1,1,1,1,1,1,1,1,1,1,1,1,1,1,1,1,1,1,1,1,1,1,1,1,1,1,1,-1,1,1,1,1,1.09588,1,14.865,1,5.7719,1,23.023,1,71.866,1,0,1,0,0,0,0,0,0,0,0,0,0,0,0,0,0,0,1,0,0,0,0,0,0,0,0,0,0,0,1,5.6216,1,12.7888,1,12.3016,1,3.956,1,6.338,1,5.1683,1,5.8322,1,0,0,0,0,6.2951,1,0,0,0,0,0,0,0,0,0,0,4.727,1,17.907,1,12.227,1,0,0,0,0,0,0,0,0,18.8804,1,16.4612,1,25.0328,1,0,0,0,0,0,0,25.4456,1,0,0,0,0,0,0,0,0,0,0,0,0,0,0,19.8224,1,17.3432,1,17.0828,1,0,0,0,0,0,0,20.9108,1,max,370.764,-98.7
-1,1,1,1,1,1,1,1,1,1,1,-1,1,1,1,-1,1,1,1,1,1,1,1,1,1,1,-1,1,1,1,1,1,1,1,1,1,1,1,1,1,1,1,1,1,1,-1,1,1,1,1,0.89104,1,10.719,1,6.0956,1,28.249,1,79.834,1,0,1,0,0,0,0,0,0,0,0,0,0,0,0,0,0,0,1,0,0,0,0,0,0,0,0,0,0,0,1,5.1857,1,10.8382,1,9.7954,1,5.09,1,4.4462,1,4.0082,1,5.6198,1,0,0,0,0,3.5753,1,0,0,0,0,0,0,0,0,0,0,5.1917,1,15.74,1,16.257,1,0,0,0,0,0,0,0,0,19.7816,1,22.4624,1,19.5536,1,0,0,0,0,0,0,17.9108,1,0,0,0,0,0,0,0,0,0,0,0,0,0,0,22.2776,1,16.8812,1,16.1948,1,0,0,0,0,0,0,23.5112,1,max,370.109,-97.6516
-1,1,1,1,1,1,1,1,1,1,1,1,-1,1,1,-1,1,1,1,1,1,1,1,1,1,1,1,-1,1,1,1,1,1,1,1,1,1,1,1,1,1,1,1,1,1,1,1,1,1,1,0.84988,1,13.96,1,5.1797,1,27.55,1,108.31,1,0,1,0,0,0,0,0,0,0,0,0,0,0,0,0,0,0,1,0,0,0,0,0,0,0,0,0,0,0,1,5.4986,1,11.9764,1,10.6618,1,6.0509,1,3.6047,1,3.8237,1,5.4485,1,0,0,0,0,5.2496,1,0,0,0,0,0,0,0,0,0,0,4.9682,1,13.608,1,12.45,1,0,0,0,0,0,0,0,0,17.708,1,17.1512,1,25.67,1,0,0,0,0,0,0,23.2868,1,0,0,0,0,0,0,0,0,0,0,0,0,0,0,15.0452,1,15.9572,1,15.9128,1,0,0,0,0,0,0,22.52,1,sum,392.441,-87.9108
-1,1,1,1,1,1,1,1,1,1,1,-1,1,1,1,-1,1,1,1,1,1,1,1,1,1,1,1,1,1,1,1,1,1,1,1,1,1,1,1,1,1,1,1,1,1,1,1,1,1,1,1.2904,1,16.176,1,5.0282,1,22.234,1,125.416,1,0,1,0,0,0,0,0,0,0,0,0,0,0,0,0,0,0,1,0,0,0,0,0,0,0,0,0,0,0,1,5.7419,1,11.6296,1,11.689,1,4.1315,1,6.0431,1,3.5207,1,5.1545,1,0,0,0,0,6.4901,1,0,0,0,0,0,0,0,0,0,0,6.2582,1,18.479,1,18.265,1,0,0,0,0,0,0,0,0,19.0184,1,19.6604,1,25.322,1,0,0,0,0,0,0,19.4,1,0,0,0,0,0,0,0,0,0,0,0,0,0,0,19.3724,1,21.1892,1,25.8968,1,0,0,0,0,0,0,20.4704,1,max,437.877,-78.4239
-1,1,1,1,1,1,1,1,1,1,-1,1,1,1,1,-1,1,1,1,1,1,1,1,1,1,1,-1,1,1,1,1,1,1,1,1,1,1,1,1,1,1,1,1,1,1,1,1,1,1,1,0.76282,1,10.919,1,3.9755,1,27.925,1,123.01,1,0,1,0,0,0,0,0,0,0,0,0,0,0,0,0,0,0,1,0,0,0,0,0,0,0,0,0,0,0,1,4.2653,1,8.7364,1,8.7832,1,6.4298,1,6.3197,1,5.3084,1,4.7945,1,0,0,0,0,4.3895,1,0,0,0,0,0,0,0,0,0,0,5.1212,1,16.262,1,16.669,1,0,0,0,0,0,0,0,0,24.566,1,14.7788,1,20.7704,1,0,0,0,0,0,0,25.4204,1,0,0,0,0,0,0,0,0,0,0,0,0,0,0,22.3928,1,14.0948,1,22.8968,1,0,0,0,0,0,0,15.734,1,max,414.325,-77.1707
-1,1,1,1,1,1,1,1,1,1,1,1,1,1,1,1,1,1,1,1,1,1,1,1,1,1,1,1,1,1,1,1,1,1,1,1,1,1,1,1,1,1,1,1,1,1,1,1,1,1,1.2376,1,18.162,1,5.9936,1,23.11,1,97.864,1,0,1,0,0,0,0,0,0,0,0,0,0,0,0,0,0,0,1,0,0,0,0,0,0,0,0,0,0,0,1,4.7321,1,8.866,1,12.3238,1,6.0068,1,4.427,1,4.8344,1,6.212,1,0,0,0,0,4.0205,1,0,0,0,0,0,0,0,0,0,0,4.2419,1,16.096,1,19.893,1,0,0,0,0,0,0,0,0,18.2696,1,23.8244,1,16.7744,1,0,0,0,0,0,0,21.9812,1,0,0,0,0,0,0,0,0,0,0,0,0,0,0,20.2304,1,17.036,1,14.3576,1,0,0,0,0,0,0,21.2084,1,sum,391.703,-66.8615
-1,1,1,1,1,1,1,1,1,1,-1,-1,1,1,1,-1,1,1,1,1,1,1,1,1,1,1,1,1,1,1,1,1,1,1,1,1,1,1,1,1,1,1,1,1,1,1,1,1,1,1,0.71404,1,13.279,1,3.5339,1,24.524,1,89.26,1,0,1,0,0,0,0,0,0,0,0,0,0,0,0,0,0,0,1,0,0,0,0,0,0,0,0,0,0,0,1,3.8033,1,9.2122,1,11.0842,1,6.0305,1,5.6798,1,5.5493,1,5.3444,1,0,0,0,0,5.8697,1,0,0,0,0,0,0,0,0,0,0,6.3521,1,10.773,1,12.737,1,0,0,0,0,0,0,0,0,20.9708,1,25.5728,1,25.1744,1,0,0,0,0,0,0,23.3624,1,0,0,0,0,0,0,0,0,0,0,0,0,0,0,14.9264,1,17.7704,1,17.8796,1,0,0,0,0,0,0,22.934,1,max,382.337,-72.2004
-1,1,1,1,1,1,1,1,1,1,1,-1,1,1,1,1,1,1,1,1,1,1,1,1,1,-1,1,-1,1,1,1,1,1,1,1,1,1,1,1,1,1,1,1,1,1,1,1,1,1,1,0.88468,1,16.69,1,5.9345,1,29.191,1,110.242,1,0,1,0,0,0,0,0,0,0,0,0,0,0,0,0,0,0,1,0,0,0,0,0,0,0,0,0,0,0,1,3.548,1,7.2586,1,12.445,1,6.1412,1,5.2484,1,4.4984,1,4.1261,1,0,0,0,0,5.1683,1,0,0,0,0,0,0,0,0,0,0,5.6228,1,19.121,1,15.702,1,0,0,0,0,0,0,0,0,22.7924,1,24.386,1,14.822,1,0,0,0,0,0,0,17.0588,1,0,0,0,0,0,0,0,0,0,0,0,0,0,0,18.026,1,22.8296,1,14.8712,1,0,0,0,0,0,0,15.0116,1,sum,401.62,-82.6894
-1,1,1,1,1,1,1,1,1,1,1,1,1,1,1,1,1,1,1,1,1,1,1,1,1,-1,1,1,1,1,1,1,1,1,1,1,1,1,1,1,1,1,1,1,1,1,1,1,1,1,1.276,1,17.3,1,5.7044,1,24.135,1,91.312,1,0,1,0,0,0,0,0,0,0,0,0,0,0,0,0,0,0,1,0,0,0,0,0,0,0,0,0,0,0,1,6.11,1,12.5656,1,7.6318,1,6.0659,1,4.8299,1,4.6154,1,4.8632,1,0,0,0,0,3.9422,1,0,0,0,0,0,0,0,0,0,0,6.3896,1,15.271,1,15.342,1,0,0,0,0,0,0,0,0,17.6264,1,18.458,1,20.9816,1,0,0,0,0,0,0,21.9056,1,0,0,0,0,0,0,0,0,0,0,0,0,0,0,23.8424,1,23.9504,1,24.8612,1,0,0,0,0,0,0,19.8212,1,sum,398.801,-73.9659
-1,1,1,1,1,1,1,1,1,1,1,1,-1,1,1,1,1,1,1,1,1,1,1,1,1,1,1,1,1,1,1,1,1,1,1,1,1,1,1,1,1,1,1,1,1,1,1,1,1,1,0.90898,1,15.843,1,5.6369,1,24.131,1,79.018,1,0,1,0,0,0,0,0,0,0,0,0,0,0,0,0,0,0,1,0,0,0,0,0,0,0,0,0,0,0,1,6.1487,1,11.0248,1,7.0822,1,3.7691,1,3.7418,1,5.4902,1,5.3384,1,0,0,0,0,3.5312,1,0,0,0,0,0,0,0,0,0,0,5.0354,1,14.595,1,16.494,1,0,0,0,0,0,0,0,0,19.358,1,25.6136,1,18.5444,1,0,0,0,0,0,0,17.6588,1,0,0,0,0,0,0,0,0,0,0,0,0,0,0,16.8152,1,22.3544,1,18.476,1,0,0,0,0,0,0,16.0472,1,max,362.656,-72.3384
-1,1,1,1,1,1,1,1,1,1,-1,1,1,1,1,1,1,1,1,1,1,1,1,1,1,1,-1,1,1,1,1,1,1,1,1,1,1,1,1,1,1,1,1,1,-1,1,1,1,1,1,1.2484,1,14.142,1,4.289,1,29.415,1,82.216,1,0,1,0,0,0,0,0,0,0,0,0,0,0,0,0,0,0,1,0,0,0,0,0,0,0,0,0,0,0,1,6.3497,1,11.4436,1,7.705,1,4.4336,1,3.6776,1,3.9653,1,4.7453,1,0,0,0,0,5.9903,1,0,0,0,0,0,0,0,0,0,0,5.2094,1,13.483,1,19.114,1,0,0,0,0,0,0,0,0,20.0624,1,14.774,1,14.3864,1,0,0,0,0,0,0,17.2496,1,0,0,0,0,0,0,0,0,0,0,0,0,0,0,24.4532,1,22.778,1,25.8332,1,0,0,0,0,0,0,20.4068,1,max,377.371,-100.871
-1,1,1,1,1,1,1,1,1,1,1,1,1,1,1,-1,1,1,1,1,1,1,1,1,1,1,-1,1,1,1,1,1,1,1,1,1,1,1,1,1,1,1,1,1,-1,1,1,1,1,1,0.94672,1,16.832,1,6.2264,1,22.824,1,108.31,1,0,1,0,0,0,0,0,0,0,0,0,0,0,0,0,0,0,1,0,0,0,0,0,0,0,0,0,0,0,1,5.7545,1,8.3326,1,11.6602,1,4.4522,1,5.1545,1,3.6011,1,5.4167,1,0,0,0,0,4.3355,1,0,0,0,0,0,0,0,0,0,0,5.7335,1,11.317,1,16.294,1,0,0,0,0,0,0,0,0,16.1672,1,19.5812,1,19.7396,1,0,0,0,0,0,0,16.8956,1,0,0,0,0,0,0,0,0,0,0,0,0,0,0,21.2828,1,16.028,1,23.2232,1,0,0,0,0,0,0,25.4024,1,sum,395.511,-78.9985
-1,1,1,1,1,1,1,1,1,1,1,1,-1,1,1,-1,1,1,1,1,1,1,1,1,1,-1,1,-1,1,1,1,1,1,1,1,1,1,1,1,1,1,1,1,1,1,1,1,1,1,1,0.8566,1,12.459,1,6.0908,1,20.191,1,73.678,1,0,1,0,0,0,0,0,0,0,0,0,0,0,0,0,0,0,1,0,0,0,0,0,0,0,0,0,0,0,1,3.5108,1,7.9888,1,8.4664,1,5.0819,1,5.3447,1,5.3021,1,5.0993,1,0,0,0,0,4.1462,1,0,0,0,0,0,0,0,0,0,0,3.8852,1,17.409,1,13.299,1,0,0,0,0,0,0,0,0,14.3024,1,21.5336,1,23.1644,1,0,0,0,0,0,0,19.6316,1,0,0,0,0,0,0,0,0,0,0,0,0,0,0,17.1908,1,16.4912,1,23.552,1,0,0,0,0,0,0,21.7568,1,sum,350.432,-96.0382
-1,1,1,1,1,1,1,1,1,1,1,-1,-1,1,1,1,1,1,1,1,1,1,1,1,1,-1,1,-1,1,1,1,1,1,1,1,1,1,1,1,1,1,1,1,1,1,1,1,1,1,1,0.91498,1,14.138,1,6.1757,1,28.587,1,95.704,1,0,1,0,0,0,0,0,0,0,0,0,0,0,0,0,0,0,1,0,0,0,0,0,0,0,0,0,0,0,1,5.4488,1,11.152,1,7.7092,1,4.583,1,6.344,1,5.5205,1,3.8069,1,0,0,0,0,3.7316,1,0,0,0,0,0,0,0,0,0,0,6.4271,1,16.014,1,10.323,1,0,0,0,0,0,0,0,0,17.0588,1,15.0656,1,21.014,1,0,0,0,0,0,0,15.2864,1,0,0,0,0,0,0,0,0,0,0,0,0,0,0,25.394,1,25.1168,1,18.6728,1,0,0,0,0,0,0,24.0236,1,max,388.212,-91.9546
-1,1,1,1,1,1,1,1,1,1,-1,-1,1,1,1,1,1,1,1,1,1,1,1,1,1,-1,-1,1,1,1,1,1,1,1,1,1,1,1,1,1,1,1,1,1,1,-1,1,1,1,1,0.87256,1,10.008,1,4.8713,1,24.639,1,87.448,1,0,1,0,0,0,0,0,0,0,0,0,0,0,0,0,0,0,1,0,0,0,0,0,0,0,0,0,0,0,1,5.7251,1,11.194,1,10.6642,1,4.7039,1,6.032,1,5.4347,1,5.3033,1,0,0,0,0,5.66,1,0,0,0,0,0,0,0,0,0,0,5.5418,1,18.844,1,17.635,1,0,0,0,0,0,0,0,0,19.2776,1,16.7084,1,19.6424,1,0,0,0,0,0,0,16.634,1,0,0,0,0,0,0,0,0,0,0,0,0,0,0,20.3504,1,19.6436,1,16.508,1,0,0,0,0,0,0,24.5972,1,sum,377.938,-81.3718
-1,1,1,1,1,1,1,1,1,1,1,1,1,1,1,1,1,1,1,1,1,1,1,1,1,1,1,-1,1,1,1,1,1,1,1,1,1,1,1,1,1,1,1,1,1,1,1,1,1,1,0.79636,1,11.529,1,4.7933,1,24.052,1,78.43,1,0,1,0,0,0,0,0,0,0,0,0,0,0,0,0,0,0,1,0,0,0,0,0,0,0,0,0,0,0,1,3.7304,1,8.1496,1,9.109,1,5.4665,1,5.5937,1,3.8609,1,4.1054,1,0,0,0,0,6.1145,1,0,0,0,0,0,0,0,0,0,0,6.212,1,10.023,1,10.323,1,0,0,0,0,0,0,0,0,17.3864,1,20.7944,1,20.8892,1,0,0,0,0,0,0,17.1848,1,0,0,0,0,0,0,0,0,0,0,0,0,0,0,25.3736,1,16.3952,1,15.0332,1,0,0,0,0,0,0,19.1096,1,sum,344.455,-102.575
-1,1,1,1,1,1,1,1,1,1,1,1,-1,1,1,-1,1,1,1,1,1,1,1,1,1,-1,1,1,1,1,1,1,1,1,1,1,1,1,1,1,1,1,1,1,1,1,1,1,1,1,0.77254,1,14.787,1,6.0689,1,22.168,1,86.536,1,0,1,0,0,0,0,0,0,0,0,0,0,0,0,0,0,0,1,0,0,0,0,0,0,0,0,0,0,0,1,5.2163,1,12.9208,1,7.1146,1,5.381,1,4.9355,1,4.871,1,4.0988,1,0,0,0,0,6.0797,1,0,0,0,0,0,0,0,0,0,0,5.0888,1,19.115,1,18.699,1,0,0,0,0,0,0,0,0,15.1712,1,23.6852,1,22.3688,1,0,0,0,0,0,0,21.416,1,0,0,0,0,0,0,0,0,0,0,0,0,0,0,24.7628,1,18.1652,1,17.0624,1,0,0,0,0,0,0,17.4788,1,sum,383.963,-89.6992
-1,1,1,1,1,1,1,1,1,1,-1,-1,-1,1,1,1,1,1,1,1,1,1,1,1,1,-1,1,-1,1,1,1,1,1,1,1,1,1,1,1,1,1,1,1,1,1,1,1,1,1,1,1.03714,1,15.01,1,4.0529,1,23.224,1,110.458,1,0,1,0,0,0,0,0,0,0,0,0,0,0,0,0,0,0,1,0,0,0,0,0,0,0,0,0,0,0,1,6.3719,1,10.9174,1,8.4232,1,5.3309,1,5.9669,1,3.7772,1,4.1522,1,0,0,0,0,3.869,1,0,0,0,0,0,0,0,0,0,0,6.1646,1,15.727,1,16.052,1,0,0,0,0,0,0,0,0,21.6824,1,19.7792,1,14.492,1,0,0,0,0,0,0,15.6752,1,0,0,0,0,0,0,0,0,0,0,0,0,0,0,23.0552,1,25.8452,1,18.5996,1,0,0,0,0,0,0,21.8528,1,sum,401.516,-113.684
-1,1,1,1,1,1,1,1,1,1,1,1,1,1,1,1,1,1,1,1,1,1,1,1,1,1,1,1,1,1,1,1,1,1,1,1,1,1,1,1,1,1,1,1,-1,1,1,1,1,1,1.2403,1,12.422,1,4.7009,1,27.553,1,73.318,1,0,1,0,0,0,0,0,0,0,0,0,0,0,0,0,0,0,1,0,0,0,0,0,0,0,0,0,0,0,1,5.5847,1,9.7852,1,10.8262,1,5.0771,1,6.3617,1,4.5662,1,5.222,1,0,0,0,0,4.9277,1,0,0,0,0,0,0,0,0,0,0,4.9808,1,14.545,1,17.682,1,0,0,0,0,0,0,0,0,20.4692,1,19.7516,1,25.4336,1,0,0,0,0,0,0,17.8784,1,0,0,0,0,0,0,0,0,0,0,0,0,0,0,19.502,1,23.4512,1,15.9992,1,0,0,0,0,0,0,20.912,1,sum,372.19,-85.5975
-1,1,1,1,1,1,1,1,1,1,1,1,-1,1,1,-1,1,1,1,1,1,1,1,1,1,1,-1,1,1,1,1,1,1,1,1,1,1,1,1,1,1,1,1,1,1,-1,1,1,1,1,0.8149,1,12.502,1,6.3866,1,28.815,1,97.27,1,0,1,0,0,0,0,0,0,0,0,0,0,0,0,0,0,0,1,0,0,0,0,0,0,0,0,0,0,0,1,5.3009,1,11.4388,1,12.4036,1,4.7828,1,3.6059,1,4.5017,1,4.232,1,0,0,0,0,6.2354,1,0,0,0,0,0,0,0,0,0,0,5.8922,1,15.572,1,18.336,1,0,0,0,0,0,0,0,0,16.8428,1,15.0308,1,25.3328,1,0,0,0,0,0,0,17.8304,1,0,0,0,0,0,0,0,0,0,0,0,0,0,0,23.6732,1,22.1156,1,24.9248,1,0,0,0,0,0,0,17.9216,1,sum,401.762,-77.9202
-1,1,1,1,1,1,1,1,1,1,1,1,1,1,1,1,1,1,1,1,1,1,1,1,1,-1,1,-1,1,1,1,1,1,1,1,1,1,1,1,1,1,1,1,1,1,1,1,1,1,1,1.00156,1,19.137,1,6.2357,1,29.679,1,80.542,1,0,1,0,0,0,0,0,0,0,0,0,0,0,0,0,0,0,1,0,0,0,0,0,0,0,0,0,0,0,1,6.1388,1,11.6278,1,8.3374,1,3.6371,1,4.6847,1,5.9489,1,4.9568,1,0,0,0,0,5.9099,1,0,0,0,0,0,0,0,0,0,0,3.8474,1,15.563,1,12.084,1,0,0,0,0,0,0,0,0,21.9272,1,14.624,1,23.114,1,0,0,0,0,0,0,23.6732,1,0,0,0,0,0,0,0,0,0,0,0,0,0,0,23.5124,1,20.4608,1,22.8476,1,0,0,0,0,0,0,16.562,1,sum,386.052,-80.9
-1,1,1,1,1,1,1,1,1,1,-1,-1,1,1,1,1,1,1,1,1,1,1,1,1,1,-1,1,1,1,1,1,1,1,1,1,1,1,1,1,1,1,1,1,1,1,1,1,1,1,1,1.03156,1,13.166,1,4.4594,1,24.293,1,97.876,1,0,1,0,0,0,0,0,0,0,0,0,0,0,0,0,0,0,1,0,0,0,0,0,0,0,0,0,0,0,1,4.5752,1,9.328,1,9.8014,1,5.645,1,3.503,1,3.7163,1,5.8325,1,0,0,0,0,4.1771,1,0,0,0,0,0,0,0,0,0,0,4.9043,1,19.451,1,15.246,1,0,0,0,0,0,0,0,0,20.276,1,23.0096,1,14.4956,1,0,0,0,0,0,0,15.3836,1,0,0,0,0,0,0,0,0,0,0,0,0,0,0,15.05,1,16.0904,1,20.5748,1,0,0,0,0,0,0,17.1656,1,sum,369.051,-69.4204
-1,1,1,1,1,1,1,1,1,1,-1,-1,1,1,1,1,1,1,1,1,1,1,1,1,1,1,1,-1,1,1,1,1,1,1,1,1,1,1,1,1,1,1,1,1,-1,1,1,1,1,1,0.82792,1,14.444,1,3.8276,1,26.265,1,113.008,1,0,1,0,0,0,0,0,0,0,0,0,0,0,0,0,0,0,1,0,0,0,0,0,0,0,0,0,0,0,1,5.7953,1,12.8548,1,10.1038,1,6.4106,1,6.0632,1,3.6878,1,4.2353,1,0,0,0,0,4.7024,1,0,0,0,0,0,0,0,0,0,0,4.2011,1,18.832,1,16.084,1,0,0,0,0,0,0,0,0,25.694,1,15.3764,1,18.422,1,0,0,0,0,0,0,21.6788,1,0,0,0,0,0,0,0,0,0,0,0,0,0,0,23.8808,1,24.8888,1,15.842,1,0,0,0,0,0,0,17.7992,1,sum,414.925,-104.115
-1,1,1,1,1,1,1,1,1,1,-1,1,1,1,1,-1,1,1,1,1,1,1,1,1,1,1,-1,-1,1,1,1,1,1,1,1,1,1,1,1,1,1,1,1,1,1,1,1,1,1,1,0.7174,1,11.384,1,6.0065,1,23.915,1,97.03,1,0,1,0,0,0,0,0,0,0,0,0,0,0,0,0,0,0,1,0,0,0,0,0,0,0,0,0,0,0,1,4.2785,1,11.0848,1,7.6558,1,5.0312,1,6.407,1,4.0262,1,5.4728,1,0,0,0,0,6.1484,1,0,0,0,0,0,0,0,0,0,0,5.6642,1,15.225,1,19.653,1,0,0,0,0,0,0,0,0,16.9568,1,20.5088,1,20.4404,1,0,0,0,0,0,0,23.8904,1,0,0,0,0,0,0,0,0,0,0,0,0,0,0,22.8068,1,19.76,1,15.4808,1,0,0,0,0,0,0,22.136,1,sum,391.68,-98.8217
-1,1,1,1,1,1,1,1,1,1,-1,1,-1,1,1,-1,1,1,1,1,1,1,1,1,1,-1,1,-1,1,1,1,1,1,1,1,1,1,1,1,1,1,1,1,1,1,1,1,1,1,1,1.2754,1,15.845,1,3.6149,1,24.758,1,88.924,1,0,1,0,0,0,0,0,0,0,0,0,0,0,0,0,0,0,1,0,0,0,0,0,0,0,0,0,0,0,1,5.0855,1,9.9064,1,7.444,1,3.8597,1,3.9254,1,5.7419,1,5.8022,1,0,0,0,0,5.6111,1,0,0,0,0,0,0,0,0,0,0,5.7515,1,11.427,1,14.886,1,0,0,0,0,0,0,0,0,24.3788,1,19.238,1,23.6852,1,0,0,0,0,0,0,14.9,1,0,0,0,0,0,0,0,0,0,0,0,0,0,0,22.4108,1,19.838,1,19.7888,1,0,0,0,0,0,0,24.1352,1,max,382.233,-96.4691
-1,1,1,1,1,1,1,1,1,1,-1,1,1,1,1,1,1,1,1,1,1,1,1,1,1,1,-1,1,1,1,1,1,1,1,1,1,1,1,1,1,1,1,1,1,1,1,1,1,1,1,1.22062,1,11.355,1,5.8085,1,23.682,1,83.812,1,0,1,0,0,0,0,0,0,0,0,0,0,0,0,0,0,0,1,0,0,0,0,0,0,0,0,0,0,0,1,3.6011,1,12.3724,1,8.5162,1,4.3163,1,3.8447,1,4.4642,1,4.217,1,0,0,0,0,4.1462,1,0,0,0,0,0,0,0,0,0,0,4.1225,1,17.475,1,19.95,1,0,0,0,0,0,0,0,0,22.1516,1,20.3816,1,17.5532,1,0,0,0,0,0,0,25.9556,1,0,0,0,0,0,0,0,0,0,0,0,0,0,0,20.0444,1,25.5728,1,14.372,1,0,0,0,0,0,0,21.4508,1,max,380.386,-74.7545
-1,1,1,1,1,1,1,1,1,1,1,1,1,1,1,1,1,1,1,1,1,1,1,1,1,-1,-1,1,1,1,1,1,1,1,1,1,1,1,1,1,1,1,1,1,-1,1,1,1,1,1,0.78088,1,11.008,1,6.2156,1,23.379,1,105.19,1,0,1,0,0,0,0,0,0,0,0,0,0,0,0,0,0,0,1,0,0,0,0,0,0,0,0,0,0,0,1,4.4216,1,7.8208,1,7.1848,1,4.1582,1,4.8449,1,3.6956,1,4.6898,1,0,0,0,0,4.4339,1,0,0,0,0,0,0,0,0,0,0,6.3689,1,13.591,1,16.182,1,0,0,0,0,0,0,0,0,19.6244,1,14.1608,1,14.2232,1,0,0,0,0,0,0,23.3576,1,0,0,0,0,0,0,0,0,0,0,0,0,0,0,19.112,1,14.432,1,19.2668,1,0,0,0,0,0,0,24.4412,1,max,372.583,-81.1613
-1,1,1,1,1,1,1,1,1,1,-1,1,-1,1,1,-1,1,1,1,1,1,1,1,1,1,-1,-1,1,1,1,1,1,1,1,1,1,1,1,1,1,1,1,1,1,1,1,1,1,1,1,0.86932,1,15.261,1,4.5626,1,29.786,1,106.132,1,0,1,0,0,0,0,0,0,0,0,0,0,0,0,0,0,0,1,0,0,0,0,0,0,0,0,0,0,0,1,4.5974,1,7.2232,1,12.0418,1,3.9332,1,6.3563,1,5.4692,1,4.5713,1,0,0,0,0,3.9656,1,0,0,0,0,0,0,0,0,0,0,4.6931,1,18.249,1,14.883,1,0,0,0,0,0,0,0,0,25.4948,1,15.6608,1,18.026,1,0,0,0,0,0,0,21.4556,1,0,0,0,0,0,0,0,0,0,0,0,0,0,0,16.6964,1,21.0296,1,14.93,1,0,0,0,0,0,0,22.3148,1,sum,398.202,-98.4557
-1,1,1,1,1,1,1,1,1,1,1,1,-1,1,1,1,1,1,1,1,1,1,1,1,1,1,1,1,1,1,1,1,1,1,1,1,1,1,1,1,1,1,1,1,1,-1,1,1,1,1,0.99502,1,17.236,1,4.7945,1,27.743,1,83.176,1,0,1,0,0,0,0,0,0,0,0,0,0,0,0,0,0,0,1,0,0,0,0,0,0,0,0,0,0,0,1,5.0555,1,8.3392,1,8.9188,1,4.4213,1,4.913,1,6.0956,1,4.3862,1,0,0,0,0,4.2602,1,0,0,0,0,0,0,0,0,0,0,5.1221,1,18.134,1,17.467,1,0,0,0,0,0,0,0,0,24.2996,1,14.9984,1,22.0364,1,0,0,0,0,0,0,20.354,1,0,0,0,0,0,0,0,0,0,0,0,0,0,0,20.876,1,20.3288,1,17.918,1,0,0,0,0,0,0,21.2684,1,sum,383.137,-93.7369
-1,1,1,1,1,1,1,1,1,1,-1,-1,-1,1,1,1,1,1,1,1,1,1,1,1,1,1,-1,1,1,1,1,1,1,1,1,1,1,1,1,1,1,1,1,1,1,-1,1,1,1,1,0.79522,1,14.575,1,6.2885,1,27.774,1,84.424,1,0,1,0,0,0,0,0,0,0,0,0,0,0,0,0,0,0,1,0,0,0,0,0,0,0,0,0,0,0,1,4.5047,1,9.5374,1,7.8394,1,5.6477,1,5.7611,1,5.4317,1,6.4094,1,0,0,0,0,4.8527,1,0,0,0,0,0,0,0,0,0,0,4.7627,1,19.03,1,14.141,1,0,0,0,0,0,0,0,0,23.8568,1,15.3284,1,19.3088,1,0,0,0,0,0,0,19.5764,1,0,0,0,0,0,0,0,0,0,0,0,0,0,0,20.696,1,23.8304,1,21.9644,1,0,0,0,0,0,0,16.7204,1,sum,383.056,-92.8128
-1,1,1,1,1,1,1,1,1,1,1,-1,-1,1,1,1,1,1,1,1,1,1,1,1,1,-1,1,1,1,1,1,1,1,1,1,1,1,1,1,1,1,1,1,1,1,1,1,1,1,1,0.96556,1,13.238,1,5.4677,1,21.803,1,114.25,1,0,1,0,0,0,0,0,0,0,0,0,0,0,0,0,0,0,1,0,0,0,0,0,0,0,0,0,0,0,1,5.8043,1,11.8918,1,9.0556,1,5.6789,1,6.191,1,4.4501,1,5.1032,1,0,0,0,0,4.8362,1,0,0,0,0,0,0,0,0,0,0,5.9195,1,12.857,1,14.192,1,0,0,0,0,0,0,0,0,24.95,1,23.0588,1,16.25,1,0,0,0,0,0,0,17.9444,1,0,0,0,0,0,0,0,0,0,0,0,0,0,0,18.476,1,19.8236,1,20.8112,1,0,0,0,0,0,0,18.5132,1,sum,401.531,-101.261
-1,1,1,1,1,1,1,1,1,1,-1,-1,1,1,1,1,1,1,1,1,1,1,1,1,1,-1,1,1,1,1,1,1,1,1,1,1,1,1,1,1,1,1,1,1,1,1,1,1,1,1,0.77932,1,18.614,1,3.9026,1,27.547,1,92.284,1,0,1,0,0,0,0,0,0,0,0,0,0,0,0,0,0,0,1,0,0,0,0,0,0,0,0,0,0,0,1,4.2785,1,10.6318,1,8.4046,1,5.8934,1,4.8059,1,3.5099,1,4.5983,1,0,0,0,0,6.0275,1,0,0,0,0,0,0,0,0,0,0,5.7935,1,16.702,1,10.491,1,0,0,0,0,0,0,0,0,24.7724,1,21.8636,1,20.6432,1,0,0,0,0,0,0,14.0828,1,0,0,0,0,0,0,0,0,0,0,0,0,0,0,19.6088,1,20.2304,1,15.0728,1,0,0,0,0,0,0,21.5696,1,max,382.107,-83.1937
-1,1,1,1,1,1,1,1,1,1,1,1,1,1,1,1,1,1,1,1,1,1,1,1,1,1,-1,-1,1,1,1,1,1,1,1,1,1,1,1,1,1,1,1,1,-1,1,1,1,1,1,1.24564,1,18.274,1,6.4049,1,26.735,1,122.89,1,0,1,0,0,0,0,0,0,0,0,0,0,0,0,0,0,0,1,0,0,0,0,0,0,0,0,0,0,0,1,5.8295,1,9.034,1,9.3472,1,5.1635,1,3.5774,1,4.5233,1,4.5398,1,0,0,0,0,3.5501,1,0,0,0,0,0,0,0,0,0,0,4.6883,1,12.306,1,18.115,1,0,0,0,0,0,0,0,0,14.564,1,21.7928,1,18.9524,1,0,0,0,0,0,0,19.5788,1,0,0,0,0,0,0,0,0,0,0,0,0,0,0,24.3044,1,19.37,1,24.326,1,0,0,0,0,0,0,21.3152,1,sum,420.427,-99.9033
-1,1,1,1,1,1,1,1,1,1,1,1,1,1,1,1,1,1,1,1,1,1,1,1,1,1,1,1,1,1,1,1,1,1,1,1,1,1,1,1,1,1,1,1,-1,1,1,1,1,1,0.90778,1,13.496,1,5.3603,1,22.195,1,90.616,1,0,1,0,0,0,0,0,0,0,0,0,0,0,0,0,0,0,1,0,0,0,0,0,0,0,0,0,0,0,1,4.5818,1,12.0724,1,12.67,1,4.442,1,4.9829,1,4.8392,1,4.4702,1,0,0,0,0,6.1733,1,0,0,0,0,0,0,0,0,0,0,5.6603,1,17.794,1,10.757,1,0,0,0,0,0,0,0,0,21.3848,1,23.9312,1,16.604,1,0,0,0,0,0,0,21.0152,1,0,0,0,0,0,0,0,0,0,0,0,0,0,0,21.4376,1,17.3048,1,25.5476,1,0,0,0,0,0,0,20.8208,1,max,389.064,-91.811
-1,1,1,1,1,1,1,1,1,1,1,-1,1,1,1,1,1,1,1,1,1,1,1,1,1,1,1,-1,1,1,1,1,1,1,1,1,1,1,1,1,1,1,1,1,-1,1,1,1,1,1,0.89482,1,11.633,1,3.9068,1,28.603,1,92.044,1,0,1,0,0,0,0,0,0,0,0,0,0,0,0,0,0,0,1,0,0,0,0,0,0,0,0,0,0,0,1,4.0025,1,8.5762,1,11.8582,1,5.9405,1,6.3461,1,3.7685,1,6.3272,1,0,0,0,0,4.5296,1,0,0,0,0,0,0,0,0,0,0,4.1402,1,12.832,1,12.551,1,0,0,0,0,0,0,0,0,17.1716,1,17.3324,1,19.8596,1,0,0,0,0,0,0,19.1552,1,0,0,0,0,0,0,0,0,0,0,0,0,0,0,17.6012,1,24.3704,1,24.62,1,0,0,0,0,0,0,16.7672,1,max,374.831,-75.5328
-1,1,1,1,1,1,1,1,1,1,-1,1,1,1,1,1,1,1,1,1,1,1,1,1,1,1,1,1,1,1,1,1,1,1,1,1,1,1,1,1,1,1,1,1,1,-1,1,1,1,1,0.98116,1,19.678,1,4.1831,1,20.235,1,87.784,1,0,1,0,0,0,0,0,0,0,0,0,0,0,0,0,0,0,1,0,0,0,0,0,0,0,0,0,0,0,1,5.012,1,10.3252,1,11.4766,1,5.4278,1,5.231,1,3.8048,1,4.5929,1,0,0,0,0,5.7305,1,0,0,0,0,0,0,0,0,0,0,4.6511,1,17.967,1,18.867,1,0,0,0,0,0,0,0,0,19.5176,1,16.8476,1,20.7188,1,0,0,0,0,0,0,21.4112,1,0,0,0,0,0,0,0,0,0,0,0,0,0,0,22.5116,1,19.7156,1,17.2112,1,0,0,0,0,0,0,25.1252,1,sum,389.006,-81.9889
-1,1,1,1,1,1,1,1,1,1,-1,1,1,1,1,-1,1,1,1,1,1,1,1,1,1,1,1,1,1,1,1,1,1,1,1,1,1,1,1,1,1,1,1,1,1,-1,1,1,1,1,0.85048,1,18.801,1,5.273,1,23.284,1,94.612,1,0,1,0,0,0,0,0,0,0,0,0,0,0,0,0,0,0,1,0,0,0,0,0,0,0,0,0,0,0,1,4.0169,1,7.564,1,12.4258,1,5.8229,1,4.8974,1,5.4806,1,5.6234,1,0,0,0,0,4.8365,1,0,0,0,0,0,0,0,0,0,0,6.4001,1,19.322,1,11.296,1,0,0,0,0,0,0,0,0,20.9672,1,25.922,1,15.9872,1,0,0,0,0,0,0,19.214,1,0,0,0,0,0,0,0,0,0,0,0,0,0,0,14.7776,1,23.9,1,25.28,1,0,0,0,0,0,0,16.094,1,sum,392.648,-94.2274
-1,1,1,1,1,1,1,1,1,1,-1,-1,-1,1,1,1,1,1,1,1,1,1,1,1,1,-1,1,1,1,1,1,1,1,1,1,1,1,1,1,1,1,1,1,1,1,-1,1,1,1,1,0.98584,1,13.927,1,5.4659,1,21.687,1,95.596,1,0,1,0,0,0,0,0,0,0,0,0,0,0,0,0,0,0,1,0,0,0,0,0,0,0,0,0,0,0,1,5.7911,1,9.982,1,12.4018,1,3.8072,1,5.2703,1,6.4043,1,6.2168,1,0,0,0,0,5.5256,1,0,0,0,0,0,0,0,0,0,0,3.9326,1,17.699,1,12.324,1,0,0,0,0,0,0,0,0,21.7268,1,25.6544,1,19.076,1,0,0,0,0,0,0,22.136,1,0,0,0,0,0,0,0,0,0,0,0,0,0,0,25.8128,1,17.2448,1,23.7716,1,0,0,0,0,0,0,17.8388,1,max,400.278,-77.5489
-1,1,1,1,1,1,1,1,1,1,1,1,-1,1,1,-1,1,1,1,1,1,1,1,1,1,-1,1,-1,1,1,1,1,1,1,1,1,1,1,1,1,1,1,1,1,1,-1,1,1,1,1,1.28392,1,14.431,1,5.0573,1,29.71,1,94.15,1,0,1,0,0,0,0,0,0,0,0,0,0,0,0,0,0,0,1,0,0,0,0,0,0,0,0,0,0,0,1,5.9477,1,8.4724,1,9.9352,1,5.5424,1,5.5685,1,5.7689,1,6.4955,1,0,0,0,0,5.2784,1,0,0,0,0,0,0,0,0,0,0,4.8239,1,17.722,1,19.946,1,0,0,0,0,0,0,0,0,14.6336,1,21.5696,1,16.9556,1,0,0,0,0,0,0,24.9992,1,0,0,0,0,0,0,0,0,0,0,0,0,0,0,20.5376,1,19.328,1,21.404,1,0,0,0,0,0,0,18.7784,1,max,398.339,-80.871
-1,1,1,1,1,1,1,1,1,1,-1,1,-1,1,1,1,1,1,1,1,1,1,1,1,1,-1,-1,1,1,1,1,1,1,1,1,1,1,1,1,1,1,1,1,1,1,1,1,1,1,1,0.79414,1,11.951,1,6.3434,1,26.883,1,103.492,1,0,1,0,0,0,0,0,0,0,0,0,0,0,0,0,0,0,1,0,0,0,0,0,0,0,0,0,0,0,1,3.6458,1,7.6774,1,10.0288,1,4.8932,1,4.6499,1,3.5924,1,5.2829,1,0,0,0,0,6.0794,1,0,0,0,0,0,0,0,0,0,0,5.3402,1,11.441,1,18.721,1,0,0,0,0,0,0,0,0,15.5192,1,16.4852,1,15.362,1,0,0,0,0,0,0,15.2744,1,0,0,0,0,0,0,0,0,0,0,0,0,0,0,16.4888,1,21.8648,1,23.1068,1,0,0,0,0,0,0,23.0216,1,sum,377.938,-83.9747
-1,1,1,1,1,1,1,1,1,1,-1,1,-1,1,1,1,1,1,1,1,1,1,1,1,1,1,1,1,1,1,1,1,1,1,1,1,1,1,1,1,1,1,1,1,1,-1,1,1,1,1,1.27234,1,16.158,1,5.552,1,26.076,1,119.332,1,0,1,0,0,0,0,0,0,0,0,0,0,0,0,0,0,0,1,0,0,0,0,0,0,0,0,0,0,0,1,4.1036,1,11.3158,1,10.6246,1,4.5659,1,4.592,1,4.2197,1,4.9799,1,0,0,0,0,3.8849,1,0,0,0,0,0,0,0,0,0,0,5.4356,1,11.286,1,19.251,1,0,0,0,0,0,0,0,0,16.076,1,24.7916,1,18.8264,1,0,0,0,0,0,0,25.4132,1,0,0,0,0,0,0,0,0,0,0,0,0,0,0,23.6348,1,22.1528,1,19.0244,1,0,0,0,0,0,0,15.9668,1,sum,418.535,-84.1777
-1,1,1,1,1,1,1,1,1,1,1,1,1,1,1,1,1,1,1,1,1,1,1,1,1,1,-1,1,1,1,1,1,1,1,1,1,1,1,1,1,1,1,1,1,-1,1,1,1,1,1,0.76636,1,15.808,1,5.6186,1,23.121,1,96.346,1,0,1,0,0,0,0,0,0,0,0,0,0,0,0,0,0,0,1,0,0,0,0,0,0,0,0,0,0,0,1,5.8151,1,12.9772,1,11.5996,1,4.4708,1,5.0894,1,4.8557,1,3.7208,1,0,0,0,0,6.434,1,0,0,0,0,0,0,0,0,0,0,4.124,1,19.366,1,10.018,1,0,0,0,0,0,0,0,0,24.2816,1,22.1408,1,19.6988,1,0,0,0,0,0,0,22.4576,1,0,0,0,0,0,0,0,0,0,0,0,0,0,0,21.302,1,22.5224,1,23.1932,1,0,0,0,0,0,0,24.8156,1,sum,410.543,-85.5695
