-1,1,1,1,1,1,1,1,1,1,1,1,1,1,1,1,1,1,1,1,1,1,1,1,1,1,1,1,1,1,1,1,1,1,1,1,1,1,1,1,1,1,1,1,-1,1,1,1,1,1,0.72424,1,12.672,1,5.5175,1,26.078,1,30.2536,1,0,1,0,0,0,0,0,0,0,0,0,0,0,0,0,0,0,1,0,0,0,0,0,0,0,0,0,0,0,1,4.9025,1,9.0274,1,12.8902,1,3.9656,1,5.0063,1,4.9769,1,5.36,1,0,0,0,0,5.3399,1,0,0,0,0,0,0,0,0,0,0,6.1649,1,19.119,1,11.292,1,0,0,0,0,0,0,0,0,19.442,1,16.016,1,25.73,1,0,0,0,0,0,0,22.9604,1,0,0,0,0,0,0,0,0,0,0,0,0,0,0,21.5192,1,18.98,1,23.3852,1,0,0,0,0,0,0,14.1224,1,max,325.445,-107.518
-1,1,1,1,1,1,1,1,1,1,1,1,-1,1,1,-1,1,1,1,1,1,1,1,1,1,1,1,1,1,1,1,1,1,1,1,1,1,1,1,1,1,1,1,1,-1,1,1,1,1,1,0.78376,1,11.049,1,6.0758,1,24.115,1,47.8888,1,0,1,0,0,0,0,0,0,0,0,0,0,0,0,0,0,0,1,0,0,0,0,0,0,0,0,0,0,0,1,4.8716,1,9.6718,1,7.3774,1,6.2612,1,3.9428,1,6.0617,1,4.9586,1,0,0,0,0,5.4746,1,0,0,0,0,0,0,0,0,0,0,5.6906,1,19.184,1,12.097,1,0,0,0,0,0,0,0,0,17.66,1,15.3716,1,16.3736,1,0,0,0,0,0,0,22.616,1,0,0,0,0,0,0,0,0,0,0,0,0,0,0,15.6056,1,14.09,1,18.134,1,0,0,0,0,0,0,20.0756,1,sum,315.43,-77.1209
-1,1,1,1,1,1,1,1,1,1,1,-1,1,1,1,1,1,1,1,1,1,1,1,1,1,1,1,-1,1,1,1,1,1,1,1,1,1,1,1,1,1,1,1,1,1,1,1,1,1,1,1.00168,1,13.337,1,4.3727,1,26.954,1,38.368,1,0,1,0,0,0,0,0,0,0,0,0,0,0,0,0,0,0,1,0,0,0,0,0,0,0,0,0,0,0,1,4.9022,1,8.2576,1,11.2252,1,5.1971,1,4.8347,1,4.5854,1,6.2423,1,0,0,0,0,3.9875,1,0,0,0,0,0,0,0,0,0,0,3.8276,1,14.079,1,11.871,1,0,0,0,0,0,0,0,0,22.7696,1,14.0612,1,21.1304,1,0,0,0,0,0,0,17.3588,1,0,0,0,0,0,0,0,0,0,0,0,0,0,0,17.702,1,24.6488,1,23.2904,1,0,0,0,0,0,0,24.8276,1,sum,328.832,-75.4143
-1,1,1,1,1,1,1,1,1,1,1,1,-1,1,1,-1,1,1,1,1,1,1,1,1,1,1,-1,1,1,1,1,1,1,1,1,1,1,1,1,1,1,1,1,1,-1,1,1,1,1,1,1.04614,1,11.724,1,5.4158,1,25.897,1,50.0776,1,0,1,0,0,0,0,0,0,0,0,0,0,0,0,0,0,0,1,0,0,0,0,0,0,0,0,0,0,0,1,3.9593,1,11.3704,1,11.5726,1,4.5152,1,4.5317,1,4.1381,1,6.1412,1,0,0,0,0,5.8691,1,0,0,0,0,0,0,0,0,0,0,5.9264,1,15.362,1,16.979,1,0,0,0,0,0,0,0,0,20.1788,1,20.7044,1,18.9056,1,0,0,0,0,0,0,22.3232,1,0,0,0,0,0,0,0,0,0,0,0,0,0,0,24.6548,1,23.9528,1,22.7156,1,0,0,0,0,0,0,16.304,1,max,354.265,-106.888
-1,1,1,1,1,1,1,1,1,1,-1,-1,1,1,1,-1,1,1,1,1,1,1,1,1,1,1,1,1,1,1,1,1,1,1,1,1,1,1,1,1,1,1,1,1,1,1,1,1,1,1,0.92704,1,17.055,1,5.6981,1,24.847,1,50.8408,1,0,1,0,0,0,0,0,0,0,0,0,0,0,0,0,0,0,1,0,0,0,0,0,0,0,0,0,0,0,1,4.4588,1,8.8924,1,8.437,1,5.9993,1,5.1629,1,4.2704,1,4.7651,1,0,0,0,0,4.4858,1,0,0,0,0,0,0,0,0,0,0,6.2801,1,14.436,1,19.064,1,0,0,0,0,0,0,0,0,25.1372,1,20.9156,1,16.7432,1,0,0,0,0,0,0,21.1844,1,0,0,0,0,0,0,0,0,0,0,0,0,0,0,18.9884,1,18.8,1,18.6236,1,0,0,0,0,0,0,25.1024,1,sum,351.115,-76.945
-1,1,1,1,1,1,1,1,1,1,1,1,1,1,1,1,1,1,1,1,1,1,1,1,1,1,-1,1,1,1,1,1,1,1,1,1,1,1,1,1,1,1,1,1,-1,1,1,1,1,1,0.95014,1,16.96,1,3.9437,1,29.939,1,35.1424,1,0,1,0,0,0,0,0,0,0,0,0,0,0,0,0,0,0,1,0,0,0,0,0,0,0,0,0,0,0,1,4.0367,1,12.5974,1,12.2704,1,4.9484,1,6.4376,1,5.3567,1,5.6507,1,0,0,0,0,3.8951,1,0,0,0,0,0,0,0,0,0,0,5.1047,1,17.967,1,18.252,1,0,0,0,0,0,0,0,0,16.9292,1,24.4304,1,25.5008,1,0,0,0,0,0,0,20.1092,1,0,0,0,0,0,0,0,0,0,0,0,0,0,0,16.0568,1,14.2796,1,25.9616,1,0,0,0,0,0,0,23.318,1,max,350.038,-74.384
-1,1,1,1,1,1,1,1,1,1,1,1,-1,1,1,1,1,1,1,1,1,1,1,1,1,1,1,1,1,1,1,1,1,1,1,1,1,1,1,1,1,1,1,1,1,1,1,1,1,1,1.29832,1,10.926,1,4.4276,1,27.361,1,39.2464,1,0,1,0,0,0,0,0,0,0,0,0,0,0,0,0,0,0,1,0,0,0,0,0,0,0,0,0,0,0,1,4.7108,1,10.5778,1,12.2638,1,5.3069,1,6.1355,1,4.8563,1,5.9741,1,0,0,0,0,5.8526,1,0,0,0,0,0,0,0,0,0,0,5.9258,1,11.968,1,14.602,1,0,0,0,0,0,0,0,0,25.2152,1,21.9404,1,16.8068,1,0,0,0,0,0,0,24.5708,1,0,0,0,0,0,0,0,0,0,0,0,0,0,0,21.914,1,25.6496,1,17.3576,1,0,0,0,0,0,0,14.9312,1,sum,339.819,-66.1652
-1,1,1,1,1,1,1,1,1,1,1,1,-1,1,1,1,1,1,1,1,1,1,1,1,1,1,-1,-1,1,1,1,1,1,1,1,1,1,1,1,1,1,1,1,1,-1,1,1,1,1,1,0.82498,1,13.843,1,5.3585,1,20.805,1,30.0592,1,0,1,0,0,0,0,0,0,0,0,0,0,0,0,0,0,0,1,0,0,0,0,0,0,0,0,0,0,0,1,5.7233,1,9.2476,1,11.3128,1,4.7078,1,5.4596,1,4.5656,1,6.4685,1,0,0,0,0,6.4193,1,0,0,0,0,0,0,0,0,0,0,5.2064,1,15.275,1,12.43,1,0,0,0,0,0,0,0,0,25.1072,1,14.816,1,14.8892,1,0,0,0,0,0,0,20.4344,1,0,0,0,0,0,0,0,0,0,0,0,0,0,0,24.9668,1,17.1764,1,20.4356,1,0,0,0,0,0,0,25.454,1,sum,320.986,-78.6287
-1,1,1,1,1,1,1,1,1,1,-1,-1,1,1,1,1,1,1,1,1,1,1,1,1,1,1,-1,1,1,1,1,1,1,1,1,1,1,1,1,1,1,1,1,1,1,1,1,1,1,1,1.10554,1,14.469,1,3.8978,1,22.803,1,44.3128,1,0,1,0,0,0,0,0,0,0,0,0,0,0,0,0,0,0,1,0,0,0,0,0,0,0,0,0,0,0,1,5.8577,1,12.1732,1,12.7984,1,4.8323,1,4.6058,1,4.3643,1,4.5467,1,0,0,0,0,3.6734,1,0,0,0,0,0,0,0,0,0,0,6.2189,1,15.04,1,10.795,1,0,0,0,0,0,0,0,0,14.894,1,15.7616,1,23.1644,1,0,0,0,0,0,0,17.2568,1,0,0,0,0,0,0,0,0,0,0,0,0,0,0,17.1356,1,14.6768,1,18.7556,1,0,0,0,0,0,0,17.9456,1,sum,311.084,-65.994
-1,1,1,1,1,1,1,1,1,1,-1,-1,-1,1,1,1,1,1,1,1,1,1,1,1,1,1,-1,-1,1,1,1,1,1,1,1,1,1,1,1,1,1,1,1,1,1,1,1,1,1,1,1.11328,1,15.435,1,6.4232,1,28.602,1,29.6776,1,0,1,0,0,0,0,0,0,0,0,0,0,0,0,0,0,0,1,0,0,0,0,0,0,0,0,0,0,0,1,4.0304,1,9.2422,1,10.9906,1,4.4957,1,5.4836,1,3.5183,1,3.6227,1,0,0,0,0,3.7295,1,0,0,0,0,0,0,0,0,0,0,6.1538,1,12.845,1,11.087,1,0,0,0,0,0,0,0,0,21.4988,1,16.8296,1,18.7676,1,0,0,0,0,0,0,24.0764,1,0,0,0,0,0,0,0,0,0,0,0,0,0,0,15.6584,1,22.568,1,15.296,1,0,0,0,0,0,0,16.046,1,max,307.191,-73.7944
-1,1,1,1,1,1,1,1,1,1,1,1,1,1,1,-1,1,1,1,1,1,1,1,1,1,-1,1,-1,1,1,1,1,1,1,1,1,1,1,1,1,1,1,1,1,1,1,1,1,1,1,0.99772,1,11.46,1,6.3098,1,21.842,1,40.12,1,0,1,0,0,0,0,0,0,0,0,0,0,0,0,0,0,0,1,0,0,0,0,0,0,0,0,0,0,0,1,4.0829,1,10.4482,1,12.5374,1,3.6395,1,5.0633,1,3.9482,1,3.8306,1,0,0,0,0,4.1057,1,0,0,0,0,0,0,0,0,0,0,3.6341,1,19.785,1,15.208,1,0,0,0,0,0,0,0,0,24.9548,1,24.2516,1,24.4676,1,0,0,0,0,0,0,25.742,1,0,0,0,0,0,0,0,0,0,0,0,0,0,0,17.0888,1,14.2868,1,17.978,1,0,0,0,0,0,0,14.7572,1,sum,330.539,-89.9966
-1,1,1,1,1,1,1,1,1,1,1,1,1,1,1,-1,1,1,1,1,1,1,1,1,1,1,1,1,1,1,1,1,1,1,1,1,1,1,1,1,1,1,1,1,-1,1,1,1,1,1,1.19476,1,13.367,1,5.0159,1,22.364,1,46.0336,1,0,1,0,0,0,0,0,0,0,0,0,0,0,0,0,0,0,1,0,0,0,0,0,0,0,0,0,0,0,1,5.8133,1,11.4784,1,8.9854,1,4.01,1,5.3252,1,4.6763,1,5.4488,1,0,0,0,0,4.163,1,0,0,0,0,0,0,0,0,0,0,3.9389,1,16.498,1,10.59,1,0,0,0,0,0,0,0,0,20.7704,1,20.7068,1,21.7172,1,0,0,0,0,0,0,24.3188,1,0,0,0,0,0,0,0,0,0,0,0,0,0,0,20.1788,1,24.3536,1,15.05,1,0,0,0,0,0,0,16.4876,1,sum,332.486,-92.5878
-1,1,1,1,1,1,1,1,1,1,-1,-1,1,1,1,1,1,1,1,1,1,1,1,1,1,1,-1,1,1,1,1,1,1,1,1,1,1,1,1,1,1,1,1,1,1,1,1,1,1,1,1.29802,1,10.175,1,6.1664,1,20.936,1,35.8,1,0,1,0,0,0,0,0,0,0,0,0,0,0,0,0,0,0,1,0,0,0,0,0,0,0,0,0,0,0,1,4.475,1,12.5344,1,11.5144,1,4.2338,1,4.0835,1,4.7378,1,4.4654,1,0,0,0,0,4.3097,1,0,0,0,0,0,0,0,0,0,0,3.9251,1,14.478,1,12.348,1,0,0,0,0,0,0,0,0,16.946,1,16.4816,1,21.4196,1,0,0,0,0,0,0,21.4304,1,0,0,0,0,0,0,0,0,0,0,0,0,0,0,18.4712,1,24.9032,1,17.4032,1,0,0,0,0,0,0,20.9,1,max,313.436,-86.6039
-1,1,1,1,1,1,1,1,1,1,1,1,-1,1,1,-1,1,1,1,1,1,1,1,1,1,1,-1,-1,1,1,1,1,1,1,1,1,1,1,1,1,1,1,1,1,-1,1,1,1,1,1,1.11346,1,15.495,1,4.5806,1,22.827,1,40.564,1,0,1,0,0,0,0,0,0,0,0,0,0,0,0,0,0,0,1,0,0,0,0,0,0,0,0,0,0,0,1,5.2025,1,7.435,1,9.1582,1,4.4786,1,3.845,1,3.7841,1,4.8179,1,0,0,0,0,4.5185,1,0,0,0,0,0,0,0,0,0,0,4.7729,1,14.493,1,17.432,1,0,0,0,0,0,0,0,0,19.3904,1,25.5368,1,22.6508,1,0,0,0,0,0,0,21.9608,1,0,0,0,0,0,0,0,0,0,0,0,0,0,0,20.9,1,15.7724,1,22.4996,1,0,0,0,0,0,0,14.2976,1,max,327.526,-87.0943
-1,1,1,1,1,1,1,1,1,1,1,1,1,1,1,-1,1,1,1,1,1,1,1,1,1,1,1,-1,1,1,1,1,1,1,1,1,1,1,1,1,1,1,1,1,-1,1,1,1,1,1,0.7564,1,19.826,1,4.4885,1,22.195,1,35.0728,1,0,1,0,0,0,0,0,0,0,0,0,0,0,0,0,0,0,1,0,0,0,0,0,0,0,0,0,0,0,1,5.1713,1,10.9522,1,11.5762,1,6.3422,1,4.553,1,4.9673,1,6.2102,1,0,0,0,0,4.5515,1,0,0,0,0,0,0,0,0,0,0,6.2477,1,17.438,1,19.231,1,0,0,0,0,0,0,0,0,16.2896,1,16.0304,1,14.4536,1,0,0,0,0,0,0,23.8028,1,0,0,0,0,0,0,0,0,0,0,0,0,0,0,21.3068,1,23.5748,1,17.5652,1,0,0,0,0,0,0,15.6284,1,sum,328.231,-82.9082
-1,1,1,1,1,1,1,1,1,1,1,1,-1,1,1,-1,1,1,1,1,1,1,1,1,1,-1,-1,1,1,1,1,1,1,1,1,1,1,1,1,1,1,1,1,1,-1,1,1,1,1,1,0.9436,1,13.844,1,6.4379,1,27.419,1,29.5648,1,0,1,0,0,0,0,0,0,0,0,0,0,0,0,0,0,0,1,0,0,0,0,0,0,0,0,0,0,0,1,5.48,1,9.9052,1,10.9312,1,3.8684,1,4.0781,1,6.4034,1,5.8964,1,0,0,0,0,6.4241,1,0,0,0,0,0,0,0,0,0,0,6.2114,1,11.14,1,13.262,1,0,0,0,0,0,0,0,0,14.774,1,18.1016,1,17.6264,1,0,0,0,0,0,0,20.9492,1,0,0,0,0,0,0,0,0,0,0,0,0,0,0,18.3992,1,17.4932,1,24.1208,1,0,0,0,0,0,0,20.2064,1,max,313.48,-80.9968
-1,1,1,1,1,1,1,1,1,1,1,-1,1,1,1,-1,1,1,1,1,1,1,1,1,1,1,-1,1,1,1,1,1,1,1,1,1,1,1,1,1,1,1,1,1,-1,1,1,1,1,1,1.09414,1,18.864,1,6.3989,1,20.95,1,41.3392,1,0,1,0,0,0,0,0,0,0,0,0,0,0,0,0,0,0,1,0,0,0,0,0,0,0,0,0,0,0,1,4.9829,1,7.3894,1,7.1752,1,6.0275,1,3.935,1,6.0974,1,5.4197,1,0,0,0,0,5.0507,1,0,0,0,0,0,0,0,0,0,0,4.8074,1,10.326,1,12.268,1,0,0,0,0,0,0,0,0,23.7056,1,20.7332,1,22.8344,1,0,0,0,0,0,0,23.642,1,0,0,0,0,0,0,0,0,0,0,0,0,0,0,23.672,1,15.392,1,22.6892,1,0,0,0,0,0,0,15.944,1,sum,330.738,-76.3406
-1,1,1,1,1,1,1,1,1,1,-1,1,-1,1,1,1,1,1,1,1,1,1,1,1,1,-1,1,1,1,1,1,1,1,1,1,1,1,1,1,1,1,1,1,1,1,1,1,1,1,1,0.94594,1,13.459,1,5.9141,1,21.219,1,40.144,1,0,1,0,0,0,0,0,0,0,0,0,0,0,0,0,0,0,1,0,0,0,0,0,0,0,0,0,0,0,1,4.8434,1,10.0588,1,12.3472,1,3.8495,1,5.6315,1,4.2581,1,5.5565,1,0,0,0,0,4.3328,1,0,0,0,0,0,0,0,0,0,0,4.4312,1,13.006,1,18.473,1,0,0,0,0,0,0,0,0,18.6524,1,20.1368,1,16.0676,1,0,0,0,0,0,0,24.6548,1,0,0,0,0,0,0,0,0,0,0,0,0,0,0,17.0108,1,18.074,1,21.5588,1,0,0,0,0,0,0,19.5596,1,sum,324.185,-85.6855
-1,1,1,1,1,1,1,1,1,1,1,-1,1,1,1,-1,1,1,1,1,1,1,1,1,1,1,1,-1,1,1,1,1,1,1,1,1,1,1,1,1,1,1,1,1,1,-1,1,1,1,1,0.93634,1,16.008,1,4.226,1,27.707,1,48.1432,1,0,1,0,0,0,0,0,0,0,0,0,0,0,0,0,0,0,1,0,0,0,0,0,0,0,0,0,0,0,1,4.0976,1,12.3694,1,7.9564,1,3.5957,1,4.8653,1,5.9228,1,4.3001,1,0,0,0,0,6.4652,1,0,0,0,0,0,0,0,0,0,0,4.1402,1,19.834,1,15.943,1,0,0,0,0,0,0,0,0,14.492,1,17.3696,1,19.8272,1,0,0,0,0,0,0,18.4784,1,0,0,0,0,0,0,0,0,0,0,0,0,0,0,20.8652,1,19.4504,1,24.2408,1,0,0,0,0,0,0,20.7332,1,sum,341.967,-78.543
-1,1,1,1,1,1,1,1,1,1,1,-1,-1,1,1,1,1,1,1,1,1,1,1,1,1,-1,1,-1,1,1,1,1,1,1,1,1,1,1,1,1,1,1,1,1,1,1,1,1,1,1,0.84286,1,15.196,1,3.9851,1,25.581,1,43.1176,1,0,1,0,0,0,0,0,0,0,0,0,0,0,0,0,0,0,1,0,0,0,0,0,0,0,0,0,0,0,1,4.289,1,12.2176,1,10.1542,1,4.2197,1,6.1931,1,3.74,1,6.4475,1,0,0,0,0,3.8261,1,0,0,0,0,0,0,0,0,0,0,5.3141,1,14.292,1,18.011,1,0,0,0,0,0,0,0,0,25.166,1,22.4696,1,14.1128,1,0,0,0,0,0,0,18.7472,1,0,0,0,0,0,0,0,0,0,0,0,0,0,0,16.7084,1,23.732,1,22.982,1,0,0,0,0,0,0,18.1112,1,max,339.456,-75.1955
-1,1,1,1,1,1,1,1,1,1,1,1,1,1,1,1,1,1,1,1,1,1,1,1,1,1,1,-1,1,1,1,1,1,1,1,1,1,1,1,1,1,1,1,1,1,1,1,1,1,1,1.29808,1,19.728,1,4.6091,1,26.498,1,44.2384,1,0,1,0,0,0,0,0,0,0,0,0,0,0,0,0,0,0,1,0,0,0,0,0,0,0,0,0,0,0,1,3.9164,1,12.8404,1,10.1542,1,5.6048,1,4.2575,1,5.4404,1,5.6021,1,0,0,0,0,5.1191,1,0,0,0,0,0,0,0,0,0,0,4.9172,1,13.579,1,11.619,1,0,0,0,0,0,0,0,0,21.1844,1,25.8488,1,18.872,1,0,0,0,0,0,0,19.088,1,0,0,0,0,0,0,0,0,0,0,0,0,0,0,21.3908,1,17.576,1,15.7544,1,0,0,0,0,0,0,15.3752,1,max,334.511,-97.0743
-1,1,1,1,1,1,1,1,1,1,-1,1,-1,1,1,1,1,1,1,1,1,1,1,1,1,1,1,-1,1,1,1,1,1,1,1,1,1,1,1,1,1,1,1,1,-1,1,1,1,1,1,1.02244,1,18.783,1,4.5647,1,24.29,1,37.3696,1,0,1,0,0,0,0,0,0,0,0,0,0,0,0,0,0,0,1,0,0,0,0,0,0,0,0,0,0,0,1,6.2546,1,10.2292,1,7.9384,1,5.7746,1,3.5417,1,5.5535,1,4.8275,1,0,0,0,0,4.1759,1,0,0,0,0,0,0,0,0,0,0,6.2204,1,10.819,1,13.109,1,0,0,0,0,0,0,0,0,24.836,1,17.3108,1,21.884,1,0,0,0,0,0,0,19.1228,1,0,0,0,0,0,0,0,0,0,0,0,0,0,0,19.2944,1,25.4264,1,21.3752,1,0,0,0,0,0,0,24.53,1,sum,338.253,-93.0785
-1,1,1,1,1,1,1,1,1,1,1,1,1,1,1,1,1,1,1,1,1,1,1,1,1,1,-1,1,1,1,1,1,1,1,1,1,1,1,1,1,1,1,1,1,1,-1,1,1,1,1,0.92956,1,10.994,1,6.3356,1,26.936,1,46.7632,1,0,1,0,0,0,0,0,0,0,0,0,0,0,0,0,0,0,1,0,0,0,0,0,0,0,0,0,0,0,1,4.7486,1,8.9296,1,12.3208,1,3.8273,1,6.1478,1,3.8468,1,5.2727,1,0,0,0,0,4.8803,1,0,0,0,0,0,0,0,0,0,0,6.0593,1,13.785,1,16.095,1,0,0,0,0,0,0,0,0,14.1212,1,15.8984,1,16.064,1,0,0,0,0,0,0,20.3408,1,0,0,0,0,0,0,0,0,0,0,0,0,0,0,22.4276,1,23.708,1,22.07,1,0,0,0,0,0,0,23.2592,1,max,335.761,-91.4372
-1,1,1,1,1,1,1,1,1,1,-1,-1,1,1,1,-1,1,1,1,1,1,1,1,1,1,-1,1,1,1,1,1,1,1,1,1,1,1,1,1,1,1,1,1,1,1,1,1,1,1,1,1.24618,1,14.282,1,3.9704,1,20.9,1,51.3928,1,0,1,0,0,0,0,0,0,0,0,0,0,0,0,0,0,0,1,0,0,0,0,0,0,0,0,0,0,0,1,4.871,1,8.8078,1,8.9584,1,5.9417,1,4.871,1,5.2121,1,4.5275,1,0,0,0,0,5.7416,1,0,0,0,0,0,0,0,0,0,0,4.6313,1,10.986,1,15.797,1,0,0,0,0,0,0,0,0,17.2952,1,20.612,1,19.7888,1,0,0,0,0,0,0,17.5412,1,0,0,0,0,0,0,0,0,0,0,0,0,0,0,17.5664,1,17.4044,1,25.8932,1,0,0,0,0,0,0,16.6628,1,sum,324.901,-69.7527
-1,1,1,1,1,1,1,1,1,1,1,1,-1,1,1,1,1,1,1,1,1,1,1,1,1,1,-1,1,1,1,1,1,1,1,1,1,1,1,1,1,1,1,1,1,1,1,1,1,1,1,1.01632,1,17.702,1,4.9073,1,28.973,1,49.876,1,0,1,0,0,0,0,0,0,0,0,0,0,0,0,0,0,0,1,0,0,0,0,0,0,0,0,0,0,0,1,3.6665,1,12.0616,1,7.7428,1,5.6018,1,4.5053,1,3.533,1,3.626,1,0,0,0,0,5.5217,1,0,0,0,0,0,0,0,0,0,0,5.8454,1,11.24,1,12.162,1,0,0,0,0,0,0,0,0,22.5932,1,19.67,1,17.5712,1,0,0,0,0,0,0,24.8696,1,0,0,0,0,0,0,0,0,0,0,0,0,0,0,20.7764,1,16.2188,1,20.6324,1,0,0,0,0,0,0,21.4208,1,max,341.733,-84.0769
-1,1,1,1,1,1,1,1,1,1,-1,1,1,1,1,-1,1,1,1,1,1,1,1,1,1,1,-1,1,1,1,1,1,1,1,1,1,1,1,1,1,1,1,1,1,1,1,1,1,1,1,0.9331,1,17.039,1,6.1205,1,29.307,1,34.876,1,0,1,0,0,0,0,0,0,0,0,0,0,0,0,0,0,0,1,0,0,0,0,0,0,0,0,0,0,0,1,5.006,1,11.5456,1,11.044,1,5.6432,1,5.9981,1,3.9854,1,6.0005,1,0,0,0,0,4.6805,1,0,0,0,0,0,0,0,0,0,0,5.4794,1,16.835,1,13.519,1,0,0,0,0,0,0,0,0,22.178,1,17.1488,1,17.4308,1,0,0,0,0,0,0,25.4864,1,0,0,0,0,0,0,0,0,0,0,0,0,0,0,18.3884,1,21.722,1,20.1152,1,0,0,0,0,0,0,19.2368,1,sum,339.719,-69.0314
-1,1,1,1,1,1,1,1,1,1,1,1,1,1,1,1,1,1,1,1,1,1,1,1,1,1,1,1,1,1,1,1,1,1,1,1,1,1,1,1,1,1,1,1,1,1,1,1,1,1,0.8938,1,12.657,1,4.6709,1,28.641,1,50.2432,1,0,1,0,0,0,0,0,0,0,0,0,0,0,0,0,0,0,1,0,0,0,0,0,0,0,0,0,0,0,1,4.3904,1,9.8944,1,10.4266,1,4.2503,1,4.3136,1,5.5145,1,6.2918,1,0,0,0,0,5.3201,1,0,0,0,0,0,0,0,0,0,0,6.1607,1,13.114,1,13.253,1,0,0,0,0,0,0,0,0,18.2,1,14.3804,1,16.3244,1,0,0,0,0,0,0,22.3436,1,0,0,0,0,0,0,0,0,0,0,0,0,0,0,17.9708,1,15.0188,1,16.844,1,0,0,0,0,0,0,20.6156,1,sum,321.733,-70.0049
-1,1,1,1,1,1,1,1,1,1,1,-1,-1,1,1,1,1,1,1,1,1,1,1,1,1,1,-1,-1,1,1,1,1,1,1,1,1,1,1,1,1,1,1,1,1,1,-1,1,1,1,1,1.13692,1,16.789,1,4.0358,1,27.437,1,37.984,1,0,1,0,0,0,0,0,0,0,0,0,0,0,0,0,0,0,1,0,0,0,0,0,0,0,0,0,0,0,1,6.122,1,8.8246,1,8.1304,1,5.1788,1,5.2535,1,5.5241,1,5.5469,1,0,0,0,0,5.4005,1,0,0,0,0,0,0,0,0,0,0,5.5694,1,14.297,1,18.888,1,0,0,0,0,0,0,0,0,24.6008,1,17.0672,1,14.6612,1,0,0,0,0,0,0,14.4608,1,0,0,0,0,0,0,0,0,0,0,0,0,0,0,25.2728,1,24.1736,1,19.664,1,0,0,0,0,0,0,24.0536,1,sum,340.072,-94.7039
-1,1,1,1,1,1,1,1,1,1,1,1,-1,1,1,1,1,1,1,1,1,1,1,1,1,-1,-1,1,1,1,1,1,1,1,1,1,1,1,1,1,1,1,1,1,1,1,1,1,1,1,0.89554,1,16.183,1,3.7589,1,23.451,1,43.1032,1,0,1,0,0,0,0,0,0,0,0,0,0,0,0,0,0,0,1,0,0,0,0,0,0,0,0,0,0,0,1,4.6187,1,9.4936,1,11.569,1,6.3125,1,3.5084,1,4.4423,1,5.8466,1,0,0,0,0,5.9909,1,0,0,0,0,0,0,0,0,0,0,6.4436,1,17.466,1,10.442,1,0,0,0,0,0,0,0,0,25.3052,1,22.196,1,25.8992,1,0,0,0,0,0,0,14.504,1,0,0,0,0,0,0,0,0,0,0,0,0,0,0,15.1208,1,14.9264,1,22.8872,1,0,0,0,0,0,0,25.406,1,sum,339.77,-98.0912
-1,1,1,1,1,1,1,1,1,1,1,1,1,1,1,-1,1,1,1,1,1,1,1,1,1,-1,1,1,1,1,1,1,1,1,1,1,1,1,1,1,1,1,1,1,1,1,1,1,1,1,0.73492,1,11.384,1,4.9838,1,29.941,1,28.768,1,0,1,0,0,0,0,0,0,0,0,0,0,0,0,0,0,0,1,0,0,0,0,0,0,0,0,0,0,0,1,4.2233,1,10.3414,1,8.599,1,5.2055,1,4.7576,1,3.9878,1,5.2478,1,0,0,0,0,3.5426,1,0,0,0,0,0,0,0,0,0,0,4.5551,1,19.731,1,12.247,1,0,0,0,0,0,0,0,0,22.3796,1,25.8068,1,23.072,1,0,0,0,0,0,0,20.5712,1,0,0,0,0,0,0,0,0,0,0,0,0,0,0,17.162,1,15.3476,1,25.8068,1,0,0,0,0,0,0,15.5612,1,sum,323.957,-76.23
-1,1,1,1,1,1,1,1,1,1,1,1,-1,1,1,-1,1,1,1,1,1,1,1,1,1,1,-1,-1,1,1,1,1,1,1,1,1,1,1,1,1,1,1,1,1,1,1,1,1,1,1,1.21762,1,17.593,1,5.4923,1,24.275,1,28.0768,1,0,1,0,0,0,0,0,0,0,0,0,0,0,0,0,0,0,1,0,0,0,0,0,0,0,0,0,0,0,1,4.343,1,8.407,1,11.7562,1,6.4973,1,5.1551,1,3.5498,1,6.4568,1,0,0,0,0,4.0958,1,0,0,0,0,0,0,0,0,0,0,5.7542,1,16.099,1,12.843,1,0,0,0,0,0,0,0,0,20.8196,1,23.7476,1,21.7244,1,0,0,0,0,0,0,24.6236,1,0,0,0,0,0,0,0,0,0,0,0,0,0,0,23.1188,1,17.5376,1,21.0608,1,0,0,0,0,0,0,25.9844,1,max,340.229,-92.2349
-1,1,1,1,1,1,1,1,1,1,1,-1,1,1,1,-1,1,1,1,1,1,1,1,1,1,1,1,-1,1,1,1,1,1,1,1,1,1,1,1,1,1,1,1,1,1,-1,1,1,1,1,1.22866,1,11.123,1,6.2606,1,22.545,1,32.224,1,0,1,0,0,0,0,0,0,0,0,0,0,0,0,0,0,0,1,0,0,0,0,0,0,0,0,0,0,0,1,5.5256,1,10.0564,1,8.8852,1,6.0218,1,5.8202,1,3.8498,1,4.088,1,0,0,0,0,5.5142,1,0,0,0,0,0,0,0,0,0,0,6.4919,1,14.953,1,16.47,1,0,0,0,0,0,0,0,0,23.8364,1,19.2332,1,23.9732,1,0,0,0,0,0,0,15.2516,1,0,0,0,0,0,0,0,0,0,0,0,0,0,0,21.6668,1,16.694,1,25.2992,1,0,0,0,0,0,0,25.7144,1,sum,332.726,-96.2664
-1,1,1,1,1,1,1,1,1,1,-1,1,1,1,1,-1,1,1,1,1,1,1,1,1,1,-1,1,1,1,1,1,1,1,1,1,1,1,1,1,1,1,1,1,1,1,-1,1,1,1,1,1.1068,1,19.409,1,6.479,1,26.896,1,47.7328,1,0,1,0,0,0,0,0,0,0,0,0,0,0,0,0,0,0,1,0,0,0,0,0,0,0,0,0,0,0,1,6.3476,1,8.8564,1,9.9742,1,4.2929,1,3.6986,1,4.6934,1,5.012,1,0,0,0,0,3.6473,1,0,0,0,0,0,0,0,0,0,0,6.2657,1,13.224,1,13.707,1,0,0,0,0,0,0,0,0,22.448,1,23.9372,1,17.4008,1,0,0,0,0,0,0,21.8024,1,0,0,0,0,0,0,0,0,0,0,0,0,0,0,23.5148,1,22.052,1,24.8744,1,0,0,0,0,0,0,23.3696,1,max,360.742,-81.4913
-1,1,1,1,1,1,1,1,1,1,-1,1,1,1,1,1,1,1,1,1,1,1,1,1,1,-1,-1,1,1,1,1,1,1,1,1,1,1,1,1,1,1,1,1,1,1,1,1,1,1,1,1.23376,1,13.243,1,4.9949,1,20.575,1,43.4968,1,0,1,0,0,0,0,0,0,0,0,0,0,0,0,0,0,0,1,0,0,0,0,0,0,0,0,0,0,0,1,4.7957,1,12.3916,1,7.1542,1,3.5375,1,5.1131,1,5.2805,1,4.3304,1,0,0,0,0,5.3585,1,0,0,0,0,0,0,0,0,0,0,4.9337,1,12.473,1,19.672,1,0,0,0,0,0,0,0,0,22.8536,1,16.4156,1,16.3688,1,0,0,0,0,0,0,15.05,1,0,0,0,0,0,0,0,0,0,0,0,0,0,0,20.2808,1,21.71,1,22.3724,1,0,0,0,0,0,0,25.2368,1,max,328.872,-89.0267
-1,1,1,1,1,1,1,1,1,1,-1,-1,1,1,1,1,1,1,1,1,1,1,1,1,1,1,1,1,1,1,1,1,1,1,1,1,1,1,1,1,1,1,1,1,1,1,1,1,1,1,1.05244,1,10.646,1,5.2448,1,26.693,1,33.7672,1,0,1,0,0,0,0,0,0,0,0,0,0,0,0,0,0,0,1,0,0,0,0,0,0,0,0,0,0,0,1,6.3458,1,8.5768,1,12.904,1,6.3053,1,4.6928,1,6.3941,1,5.8454,1,0,0,0,0,6.0692,1,0,0,0,0,0,0,0,0,0,0,4.6538,1,15.474,1,17.739,1,0,0,0,0,0,0,0,0,22.94,1,19.2716,1,14.648,1,0,0,0,0,0,0,22.3088,1,0,0,0,0,0,0,0,0,0,0,0,0,0,0,23.4608,1,24.3068,1,23.6684,1,0,0,0,0,0,0,22.658,1,max,345.666,-86.0346
-1,1,1,1,1,1,1,1,1,1,-1,-1,1,1,1,1,1,1,1,1,1,1,1,1,1,1,1,-1,1,1,1,1,1,1,1,1,1,1,1,1,1,1,1,1,1,-1,1,1,1,1,0.7696,1,14.516,1,5.528,1,28.15,1,38.3032,1,0,1,0,0,0,0,0,0,0,0,0,0,0,0,0,0,0,1,0,0,0,0,0,0,0,0,0,0,0,1,3.8225,1,10.6798,1,10.8808,1,6.4727,1,5.5886,1,5.0009,1,5.9879,1,0,0,0,0,5.1485,1,0,0,0,0,0,0,0,0,0,0,3.6284,1,16.273,1,16.011,1,0,0,0,0,0,0,0,0,21.8588,1,17.5256,1,16.928,1,0,0,0,0,0,0,16.0772,1,0,0,0,0,0,0,0,0,0,0,0,0,0,0,24.1532,1,16.9184,1,21.746,1,0,0,0,0,0,0,18.5588,1,max,330.527,-88.0209
-1,1,1,1,1,1,1,1,1,1,1,1,1,1,1,1,1,1,1,1,1,1,1,1,1,-1,1,1,1,1,1,1,1,1,1,1,1,1,1,1,1,1,1,1,-1,1,1,1,1,1,1.05988,1,15.669,1,5.8058,1,26.228,1,31.3624,1,0,1,0,0,0,0,0,0,0,0,0,0,0,0,0,0,0,1,0,0,0,0,0,0,0,0,0,0,0,1,3.722,1,12.103,1,11.0458,1,5.9828,1,5.444,1,5.9819,1,4.7096,1,0,0,0,0,6.1709,1,0,0,0,0,0,0,0,0,0,0,6.3878,1,16.266,1,11.881,1,0,0,0,0,0,0,0,0,14.1848,1,25.856,1,22.0904,1,0,0,0,0,0,0,23.7056,1,0,0,0,0,0,0,0,0,0,0,0,0,0,0,24.206,1,19.0952,1,14.252,1,0,0,0,0,0,0,22.7756,1,max,335.985,-82.9026
-1,1,1,1,1,1,1,1,1,1,-1,1,1,1,1,-1,1,1,1,1,1,1,1,1,1,1,-1,-1,1,1,1,1,1,1,1,1,1,1,1,1,1,1,1,1,-1,1,1,1,1,1,0.81604,1,11.26,1,3.785,1,26.467,1,39.1792,1,0,1,0,0,0,0,0,0,0,0,0,0,0,0,0,0,0,1,0,0,0,0,0,0,0,0,0,0,0,1,5.9585,1,9.3412,1,8.5954,1,6.3314,1,5.2343,1,5.0744,1,5.0516,1,0,0,0,0,6.2237,1,0,0,0,0,0,0,0,0,0,0,4.184,1,17.334,1,16.628,1,0,0,0,0,0,0,0,0,22.91,1,16.3748,1,17.69,1,0,0,0,0,0,0,25.9028,1,0,0,0,0,0,0,0,0,0,0,0,0,0,0,23.4692,1,25.5416,1,18.9668,1,0,0,0,0,0,0,19.2716,1,sum,341.591,-93.8707
-1,1,1,1,1,1,1,1,1,1,1,1,1,1,1,1,1,1,1,1,1,1,1,1,1,1,-1,1,1,1,1,1,1,1,1,1,1,1,1,1,1,1,1,1,1,1,1,1,1,1,0.7792,1,18.436,1,4.805,1,29.025,1,38.9248,1,0,1,0,0,0,0,0,0,0,0,0,0,0,0,0,0,0,1,0,0,0,0,0,0,0,0,0,0,0,1,6.2852,1,10.0744,1,10.4392,1,3.7319,1,5.8388,1,4.1633,1,6.1619,1,0,0,0,0,6.3545,1,0,0,0,0,0,0,0,0,0,0,5.4287,1,17.165,1,10.079,1,0,0,0,0,0,0,0,0,19.8584,1,24.5564,1,24.0116,1,0,0,0,0,0,0,25.9796,1,0,0,0,0,0,0,0,0,0,0,0,0,0,0,25.5068,1,19.2248,1,20.8544,1,0,0,0,0,0,0,15.41,1,sum,353.094,-114.048
-1,1,1,1,1,1,1,1,1,1,1,-1,-1,1,1,1,1,1,1,1,1,1,1,1,1,-1,-1,1,1,1,1,1,1,1,1,1,1,1,1,1,1,1,1,1,1,-1,1,1,1,1,1.0891,1,17.907,1,3.9683,1,29.247,1,48.2752,1,0,1,0,0,0,0,0,0,0,0,0,0,0,0,0,0,0,1,0,0,0,0,0,0,0,0,0,0,0,1,5.2733,1,9.0214,1,11.0992,1,3.6278,1,5.7539,1,5.5892,1,5.5175,1,0,0,0,0,5.4107,1,0,0,0,0,0,0,0,0,0,0,3.7835,1,14.068,1,16.686,1,0,0,0,0,0,0,0,0,17.8568,1,20.0852,1,21.4688,1,0,0,0,0,0,0,16.9208,1,0,0,0,0,0,0,0,0,0,0,0,0,0,0,16.304,1,17.0924,1,14.1848,1,0,0,0,0,0,0,22.352,1,sum,332.582,-88.0073
-1,1,1,1,1,1,1,1,1,1,1,1,1,1,1,1,1,1,1,1,1,1,1,1,1,-1,1,-1,1,1,1,1,1,1,1,1,1,1,1,1,1,1,1,1,1,1,1,1,1,1,0.76384,1,14.146,1,3.6449,1,23.281,1,49.2664,1,0,1,0,0,0,0,0,0,0,0,0,0,0,0,0,0,0,1,0,0,0,0,0,0,0,0,0,0,0,1,6.3755,1,12.5584,1,7.2268,1,5.0816,1,4.7759,1,6.3458,1,3.9227,1,0,0,0,0,4.379,1,0,0,0,0,0,0,0,0,0,0,3.7472,1,12.724,1,17.384,1,0,0,0,0,0,0,0,0,18.638,1,22.472,1,20.4776,1,0,0,0,0,0,0,17.2424,1,0,0,0,0,0,0,0,0,0,0,0,0,0,0,20.8076,1,16.1648,1,20.3204,1,0,0,0,0,0,0,21.986,1,max,333.732,-89.6652
-1,1,1,1,1,1,1,1,1,1,1,-1,-1,1,1,1,1,1,1,1,1,1,1,1,1,-1,1,1,1,1,1,1,1,1,1,1,1,1,1,1,1,1,1,1,1,-1,1,1,1,1,1.10452,1,18.208,1,6.2696,1,23.925,1,48.064,1,0,1,0,0,0,0,0,0,0,0,0,0,0,0,0,0,0,1,0,0,0,0,0,0,0,0,0,0,0,1,4.3499,1,9.886,1,8.4118,1,4.6595,1,5.4689,1,6.2051,1,5.228,1,0,0,0,0,5.9555,1,0,0,0,0,0,0,0,0,0,0,5.2598,1,12.495,1,11.092,1,0,0,0,0,0,0,0,0,18.1676,1,21.9884,1,21.2156,1,0,0,0,0,0,0,16.7348,1,0,0,0,0,0,0,0,0,0,0,0,0,0,0,21.9416,1,21.686,1,16.0904,1,0,0,0,0,0,0,21.3968,1,sum,335.804,-102.998
-1,1,1,1,1,1,1,1,1,1,1,1,1,1,1,-1,1,1,1,1,1,1,1,1,1,-1,1,1,1,1,1,1,1,1,1,1,1,1,1,1,1,1,1,1,1,1,1,1,1,1,1.20466,1,14.746,1,5.1944,1,26.337,1,49.3768,1,0,1,0,0,0,0,0,0,0,0,0,0,0,0,0,0,0,1,0,0,0,0,0,0,0,0,0,0,0,1,5.3897,1,7.5898,1,9.7216,1,4.5767,1,3.8903,1,4.7096,1,5.2736,1,0,0,0,0,3.9587,1,0,0,0,0,0,0,0,0,0,0,5.345,1,10.942,1,15.614,1,0,0,0,0,0,0,0,0,25.1588,1,24.0788,1,16.1144,1,0,0,0,0,0,0,14.1536,1,0,0,0,0,0,0,0,0,0,0,0,0,0,0,25.3988,1,18.6752,1,15.6956,1,0,0,0,0,0,0,17.4884,1,sum,330.633,-84.1536
-1,1,1,1,1,1,1,1,1,1,-1,1,1,1,1,-1,1,1,1,1,1,1,1,1,1,1,1,-1,1,1,1,1,1,1,1,1,1,1,1,1,1,1,1,1,1,1,1,1,1,1,0.73774,1,11.553,1,4.0817,1,20.656,1,31.9336,1,0,1,0,0,0,0,0,0,0,0,0,0,0,0,0,0,0,1,0,0,0,0,0,0,0,0,0,0,0,1,3.923,1,12.8302,1,12.0532,1,4.2821,1,4.0844,1,5.3114,1,4.7168,1,0,0,0,0,4.6799,1,0,0,0,0,0,0,0,0,0,0,5.351,1,15.07,1,13.272,1,0,0,0,0,0,0,0,0,16.7384,1,15.4844,1,20.4608,1,0,0,0,0,0,0,14.6228,1,0,0,0,0,0,0,0,0,0,0,0,0,0,0,15.8624,1,25.7708,1,24.4676,1,0,0,0,0,0,0,25.808,1,sum,313.751,-97.3398
-1,1,1,1,1,1,1,1,1,1,-1,1,1,1,1,1,1,1,1,1,1,1,1,1,1,1,-1,1,1,1,1,1,1,1,1,1,1,1,1,1,1,1,1,1,1,1,1,1,1,1,0.87346,1,13.038,1,6.1628,1,22.85,1,50.3128,1,0,1,0,0,0,0,0,0,0,0,0,0,0,0,0,0,0,1,0,0,0,0,0,0,0,0,0,0,0,1,5.2901,1,8.14,1,12.1126,1,3.6581,1,4.9538,1,3.593,1,5.7674,1,0,0,0,0,6.1226,1,0,0,0,0,0,0,0,0,0,0,3.9137,1,19.417,1,19.919,1,0,0,0,0,0,0,0,0,15.8648,1,21.8864,1,14.3384,1,0,0,0,0,0,0,20.6024,1,0,0,0,0,0,0,0,0,0,0,0,0,0,0,15.0476,1,23.8184,1,24.3368,1,0,0,0,0,0,0,19.0928,1,max,341.112,-93.0911
-1,1,1,1,1,1,1,1,1,1,1,-1,1,1,1,-1,1,1,1,1,1,1,1,1,1,1,-1,1,1,1,1,1,1,1,1,1,1,1,1,1,1,1,1,1,1,-1,1,1,1,1,1.2871,1,13.175,1,6.386,1,23.89,1,45.1024,1,0,1,0,0,0,0,0,0,0,0,0,0,0,0,0,0,0,1,0,0,0,0,0,0,0,0,0,0,0,1,4.955,1,10.8622,1,11.0128,1,5.1431,1,5.6066,1,4.7387,1,5.5391,1,0,0,0,0,3.5489,1,0,0,0,0,0,0,0,0,0,0,4.3985,1,14.802,1,12.168,1,0,0,0,0,0,0,0,0,24.9788,1,15.5,1,19.9784,1,0,0,0,0,0,0,17.9204,1,0,0,0,0,0,0,0,0,0,0,0,0,0,0,18.1136,1,17.1116,1,23.7656,1,0,0,0,0,0,0,16.4528,1,max,326.437,-72.4069
-1,1,1,1,1,1,1,1,1,1,1,-1,-1,1,1,1,1,1,1,1,1,1,1,1,1,1,-1,-1,1,1,1,1,1,1,1,1,1,1,1,1,1,1,1,1,1,1,1,1,1,1,1.11736,1,10.747,1,3.8243,1,29.289,1,49.8664,1,0,1,0,0,0,0,0,0,0,0,0,0,0,0,0,0,0,1,0,0,0,0,0,0,0,0,0,0,0,1,5.6357,1,7.4962,1,8.9452,1,4.9907,1,6.0446,1,5.306,1,4.9514,1,0,0,0,0,6.3884,1,0,0,0,0,0,0,0,0,0,0,5.8247,1,18.372,1,14.678,1,0,0,0,0,0,0,0,0,14.1692,1,24.644,1,19.982,1,0,0,0,0,0,0,16.6916,1,0,0,0,0,0,0,0,0,0,0,0,0,0,0,19.8908,1,17.9876,1,16.9016,1,0,0,0,0,0,0,25.9196,1,max,339.663,-83.4064
-1,1,1,1,1,1,1,1,1,1,-1,1,1,1,1,1,1,1,1,1,1,1,1,1,1,1,1,1,1,1,1,1,1,1,1,1,1,1,1,1,1,1,1,1,-1,1,1,1,1,1,0.70132,1,15.566,1,6.3233,1,24.644,1,44.9896,1,0,1,0,0,0,0,0,0,0,0,0,0,0,0,0,0,0,1,0,0,0,0,0,0,0,0,0,0,0,1,3.7703,1,9.2374,1,7.8772,1,5.4251,1,3.8063,1,3.9644,1,5.5265,1,0,0,0,0,5.0675,1,0,0,0,0,0,0,0,0,0,0,4.1309,1,10.821,1,19.481,1,0,0,0,0,0,0,0,0,17.9876,1,19.5296,1,21.3452,1,0,0,0,0,0,0,17.1224,1,0,0,0,0,0,0,0,0,0,0,0,0,0,0,21.7352,1,15.9224,1,18.806,1,0,0,0,0,0,0,22.2068,1,sum,325.987,-103.392
-1,1,1,1,1,1,1,1,1,1,1,1,1,1,1,-1,1,1,1,1,1,1,1,1,1,1,1,1,1,1,1,1,1,1,1,1,1,1,1,1,1,1,1,1,1,1,1,1,1,1,0.83086,1,15.812,1,5.6405,1,27.656,1,30.1336,1,0,1,0,0,0,0,0,0,0,0,0,0,0,0,0,0,0,1,0,0,0,0,0,0,0,0,0,0,0,1,4.8911,1,9.8278,1,10.6402,1,4.9106,1,4.5128,1,4.5224,1,5.9756,1,0,0,0,0,3.5246,1,0,0,0,0,0,0,0,0,0,0,5.591,1,17.326,1,11.004,1,0,0,0,0,0,0,0,0,14.3756,1,20.8232,1,15.3632,1,0,0,0,0,0,0,17.0072,1,0,0,0,0,0,0,0,0,0,0,0,0,0,0,15.5672,1,23.2472,1,14.228,1,0,0,0,0,0,0,16.9892,1,max,300.4,-79.3309
-1,1,1,1,1,1,1,1,1,1,1,1,1,1,1,1,1,1,1,1,1,1,1,1,1,-1,1,1,1,1,1,1,1,1,1,1,1,1,1,1,1,1,1,1,-1,1,1,1,1,1,1.11478,1,16.222,1,3.5234,1,20.306,1,42.6928,1,0,1,0,0,0,0,0,0,0,0,0,0,0,0,0,0,0,1,0,0,0,0,0,0,0,0,0,0,0,1,3.8054,1,7.4728,1,9.703,1,3.9122,1,5.5226,1,4.9577,1,4.3013,1,0,0,0,0,6.0542,1,0,0,0,0,0,0,0,0,0,0,5.4632,1,18.632,1,11.486,1,0,0,0,0,0,0,0,0,19.9676,1,25.9784,1,17.8184,1,0,0,0,0,0,0,16.3592,1,0,0,0,0,0,0,0,0,0,0,0,0,0,0,19.988,1,20.8784,1,25.4348,1,0,0,0,0,0,0,22.9112,1,sum,334.505,-85.0078
-1,1,1,1,1,1,1,1,1,1,-1,1,1,1,1,-1,1,1,1,1,1,1,1,1,1,1,-1,1,1,1,1,1,1,1,1,1,1,1,1,1,1,1,1,1,1,1,1,1,1,1,0.79576,1,13.932,1,5.6741,1,25.005,1,32.8144,1,0,1,0,0,0,0,0,0,0,0,0,0,0,0,0,0,0,1,0,0,0,0,0,0,0,0,0,0,0,1,3.7688,1,12.7936,1,12.9394,1,6.1502,1,6.2546,1,5.8118,1,6.3191,1,0,0,0,0,4.7042,1,0,0,0,0,0,0,0,0,0,0,5.5394,1,10.22,1,17.033,1,0,0,0,0,0,0,0,0,18.554,1,17.3432,1,18.2504,1,0,0,0,0,0,0,24.4616,1,0,0,0,0,0,0,0,0,0,0,0,0,0,0,15.7352,1,16.862,1,16.1264,1,0,0,0,0,0,0,23.57,1,max,320.658,-88.9636
-1,1,1,1,1,1,1,1,1,1,1,1,-1,1,1,1,1,1,1,1,1,1,1,1,1,1,1,1,1,1,1,1,1,1,1,1,1,1,1,1,1,1,1,1,1,-1,1,1,1,1,1.09126,1,16.587,1,6.0572,1,29.951,1,50.224,1,0,1,0,0,0,0,0,0,0,0,0,0,0,0,0,0,0,1,0,0,0,0,0,0,0,0,0,0,0,1,4.9865,1,7.6402,1,12.0562,1,4.652,1,5.1305,1,4.2347,1,4.1441,1,0,0,0,0,4.4216,1,0,0,0,0,0,0,0,0,0,0,5.4836,1,13.067,1,14.737,1,0,0,0,0,0,0,0,0,16.4756,1,17.7956,1,22.0076,1,0,0,0,0,0,0,21.6008,1,0,0,0,0,0,0,0,0,0,0,0,0,0,0,15.5228,1,16.256,1,17.8184,1,0,0,0,0,0,0,14.4956,1,max,326.436,-69.6761
-1,1,1,1,1,1,1,1,1,1,-1,-1,-1,1,1,1,1,1,1,1,1,1,1,1,1,1,-1,1,1,1,1,1,1,1,1,1,1,1,1,1,1,1,1,1,1,1,1,1,1,1,1.174,1,17.576,1,5.4407,1,26.481,1,35.5768,1,0,1,0,0,0,0,0,0,0,0,0,0,0,0,0,0,0,1,0,0,0,0,0,0,0,0,0,0,0,1,6.2411,1,10.5598,1,9.9286,1,5.5031,1,6.401,1,3.5462,1,3.8021,1,0,0,0,0,5.9069,1,0,0,0,0,0,0,0,0,0,0,6.2831,1,10.291,1,13.856,1,0,0,0,0,0,0,0,0,19.1888,1,19.028,1,17.846,1,0,0,0,0,0,0,23.3768,1,0,0,0,0,0,0,0,0,0,0,0,0,0,0,22.8044,1,24.4664,1,24.7256,1,0,0,0,0,0,0,17.4476,1,max,337.451,-91.4774
-1,1,1,1,1,1,1,1,1,1,1,1,1,1,1,1,1,1,1,1,1,1,1,1,1,1,-1,1,1,1,1,1,1,1,1,1,1,1,1,1,1,1,1,1,1,1,1,1,1,1,0.82132,1,14.637,1,3.7922,1,28.508,1,44.8024,1,0,1,0,0,0,0,0,0,0,0,0,0,0,0,0,0,0,1,0,0,0,0,0,0,0,0,0,0,0,1,5.7233,1,11.1574,1,7.0738,1,5.9408,1,3.8123,1,4.7351,1,5.3774,1,0,0,0,0,5.6204,1,0,0,0,0,0,0,0,0,0,0,5.0924,1,12.876,1,10.416,1,0,0,0,0,0,0,0,0,15.17,1,21.272,1,18.7052,1,0,0,0,0,0,0,14.4176,1,0,0,0,0,0,0,0,0,0,0,0,0,0,0,21.6572,1,24.8504,1,21.2564,1,0,0,0,0,0,0,25.8368,1,sum,333.551,-84.0663
-1,1,1,1,1,1,1,1,1,1,1,1,1,1,1,1,1,1,1,1,1,1,1,1,1,1,-1,1,1,1,1,1,1,1,1,1,1,1,1,1,1,1,1,1,1,1,1,1,1,1,1.13428,1,10.835,1,5.8703,1,22.173,1,47.404,1,0,1,0,0,0,0,0,0,0,0,0,0,0,0,0,0,0,1,0,0,0,0,0,0,0,0,0,0,0,1,5.8109,1,12.682,1,9.3598,1,4.5131,1,3.5081,1,3.7643,1,6.0671,1,0,0,0,0,3.9728,1,0,0,0,0,0,0,0,0,0,0,6.038,1,12.288,1,12.211,1,0,0,0,0,0,0,0,0,23.2544,1,14.9156,1,23.3924,1,0,0,0,0,0,0,24.3152,1,0,0,0,0,0,0,0,0,0,0,0,0,0,0,25.7468,1,21.9884,1,15.2408,1,0,0,0,0,0,0,16.7828,1,sum,333.268,-79.9536
-1,1,1,1,1,1,1,1,1,1,1,-1,-1,1,1,-1,1,1,1,1,1,1,1,1,1,1,-1,-1,1,1,1,1,1,1,1,1,1,1,1,1,1,1,1,1,1,-1,1,1,1,1,0.85822,1,12.831,1,5.5472,1,28.842,1,35.6632,1,0,1,0,0,0,0,0,0,0,0,0,0,0,0,0,0,0,1,0,0,0,0,0,0,0,0,0,0,0,1,5.81,1,11.2456,1,9.1888,1,3.5792,1,4.2293,1,5.0018,1,4.9304,1,0,0,0,0,6.2606,1,0,0,0,0,0,0,0,0,0,0,6.3113,1,11.939,1,15.737,1,0,0,0,0,0,0,0,0,25.1984,1,24.95,1,19.4444,1,0,0,0,0,0,0,23.0612,1,0,0,0,0,0,0,0,0,0,0,0,0,0,0,23.2544,1,20.4488,1,23.54,1,0,0,0,0,0,0,19.6556,1,max,347.527,-92.1933
-1,1,1,1,1,1,1,1,1,1,-1,1,1,1,1,1,1,1,1,1,1,1,1,1,1,1,1,1,1,1,1,1,1,1,1,1,1,1,1,1,1,1,1,1,1,1,1,1,1,1,1.19848,1,14.787,1,4.2584,1,24.555,1,30.8488,1,0,1,0,0,0,0,0,0,0,0,0,0,0,0,0,0,0,1,0,0,0,0,0,0,0,0,0,0,0,1,6.4694,1,7.4128,1,11.7934,1,5.5925,1,6.2186,1,5.1959,1,3.5573,1,0,0,0,0,6.4511,1,0,0,0,0,0,0,0,0,0,0,3.644,1,16.462,1,13.098,1,0,0,0,0,0,0,0,0,25.2104,1,19.5704,1,21.2048,1,0,0,0,0,0,0,25.1492,1,0,0,0,0,0,0,0,0,0,0,0,0,0,0,19.8932,1,19.9232,1,18.5528,1,0,0,0,0,0,0,25.43,1,max,336.477,-98.7064
-1,1,1,1,1,1,1,1,1,1,-1,-1,-1,1,1,1,1,1,1,1,1,1,1,1,1,1,1,1,1,1,1,1,1,1,1,1,1,1,1,1,1,1,1,1,-1,1,1,1,1,1,0.9064,1,10.01,1,5.1455,1,24.878,1,32.3848,1,0,1,0,0,0,0,0,0,0,0,0,0,0,0,0,0,0,1,0,0,0,0,0,0,0,0,0,0,0,1,3.7895,1,9.0502,1,11.9974,1,5.111,1,4.328,1,5.2934,1,3.9995,1,0,0,0,0,4.2677,1,0,0,0,0,0,0,0,0,0,0,5.8955,1,15.381,1,13.185,1,0,0,0,0,0,0,0,0,23.1848,1,20.162,1,16.9784,1,0,0,0,0,0,0,24.176,1,0,0,0,0,0,0,0,0,0,0,0,0,0,0,19.712,1,14.2172,1,17.9996,1,0,0,0,0,0,0,25.4,1,max,317.453,-95.212
-1,1,1,1,1,1,1,1,1,1,1,1,-1,1,1,1,1,1,1,1,1,1,1,1,1,1,1,1,1,1,1,1,1,1,1,1,1,1,1,1,1,1,1,1,1,-1,1,1,1,1,0.8116,1,12.872,1,5.7158,1,25.964,1,28.3264,1,0,1,0,0,0,0,0,0,0,0,0,0,0,0,0,0,0,1,0,0,0,0,0,0,0,0,0,0,0,1,5.7803,1,11.86,1,11.9194,1,4.7753,1,5,1,5.9933,1,6.197,1,0,0,0,0,6.0545,1,0,0,0,0,0,0,0,0,0,0,5.9321,1,17.923,1,17.991,1,0,0,0,0,0,0,0,0,22.538,1,16.7588,1,21.1736,1,0,0,0,0,0,0,18.1628,1,0,0,0,0,0,0,0,0,0,0,0,0,0,0,24.644,1,14.1728,