394.95  -75.5605
377.172  -97.1583
383.528  -75.515
399.16  -93.7337
391.107  -89.5043
397.712  -80.3192
403.797  -77.9371
388.209  -79.399
395.554  -75.3141
383.569  -82.2978
395.793  -73.2941
384.371  -81.2993
390.183  -78.3353
380.02  -71.2125
388.494  -95.6848
389.706  -80.2116
391.804  -96.0592
387.617  -99.8293
391.149  -70.8477
396.811  -104.925
387.404  -91.2352
395.264  -88.4639
392.979  -72.5852
384.535  -80.0003
395.01  -102.318
393.521  -81.9236
386.436  -77.83
392.882  -89.4476
388.849  -83.8355
393.558  -99.5905
390.774  -72.0827
393.248  -83.6299
390.974  -71.4046
400.046  -85.1968
392.912  -76.4413
392.283  -92.66
384.144  -86.3366
394.035  -90.9993
393.854  -77.8085
398.398  -104.163
390.832  -82.4032
382.258  -74.8182
388.18  -79.9092
391.817  -83.456
383.813  -97.4709
385.064  -82.8137
386.019  -71.8065
391.541  -101.823
395.121  -100.324
398.252  -98.1303
385.662  -80.0482
377.841  -84.6543
393.763  -83.3842
385.567  -95.8212
394.066  -85.6532
398.091  -90.987
385.624  -86.8806
400.008  -89.6659
389.227  -74.7137
389.111  -90.2265
392.441  -78.5049
392.8  -91.7056
398.063  -94.1858
388.355  -79.5731
393.589  -93.0873
389.773  -86.4621
385.333  -103.826
405.503  -88.4261
395.748  -92.1941
393.071  -84.2497
385.659  -97.6919
394.168  -97.8844
398.944  -71.0704
391.786  -73.4685
387.405  -71.7198
388.765  -82.6402
389.9  -84.7059
393.001  -95.6761
393.795  -87.9269
392.801  -71.5252
383.231  -107.71
398.254  -87.3251
391.774  -89.5453
393.65  -89.2409
395.812  -80.0175
394.125  -98.5033
397.306  -81.753
376.848  -81.5535
389.198  -109.431
394.857  -89.8442
383.106  -84.2071
388.739  -82.9566
392.418  -72.7546
387.143  -90.285
385.495  -78.9776
391.992  -84.9967
388.275  -65.9161
395.53  -84.9702
397.512  -97.7919
396.655  -86.8563
383.535  -89.4641
391.175  -75.2323
393.757  -81.0235
391.423  -97.4356
385.876  -82.2227
392.146  -90.1258
386.172  -72.7356
394.195  -96.9449
386.006  -76.1939
382.328  -76.9591
388.659  -77.7458
397.671  -78.892
395.484  -80.4431
397.979  -102.457
400.186  -93.0524
387.441  -86.8132
392.876  -75.0585
390.135  -82.3283
387.149  -73.7774
388.845  -79.8115
395.026  -81.4434
393.075  -117.279
397.371  -77.1008
398.054  -81.2674
387.177  -79.8238
395.218  -87.0088
391.093  -88.7192
385.294  -66.6471
389.563  -64.762
389.946  -78.9206
395.449  -81.3777
384.352  -71.9685
387.077  -80.4255
386.713  -97.5921
394.167  -83.4717
388.727  -99.7079
381.904  -96.0848
395.834  -86.4138
400.351  -81.0705
391.73  -83.4899
392.853  -106.546
383.701  -77.1469
400.674  -78.2605
393.922  -94.3924
399.022  -88.9308
395.539  -89.2361
395.396  -69.695
395.474  -90.5996
380.008  -101.728
393.526  -89.2924
387.355  -86.8782
385.539  -80.9821
393.832  -87.5669
393.294  -70.0947
394.959  -75.0291
387.068  -76.8727
394.124  -80.3762
396.281  -71.651
398.194  -97.2116
391.546  -75.6407
385.182  -83.5771
400.367  -117.129
386.858  -82.3805
382.154  -92.4389
392.491  -85.983
395.455  -76.9414
392.444  -82.0136
396.563  -80.6845
392.094  -79.4946
388.825  -93.1342
385.273  -69.7969
393.118  -82.6361
384.837  -73.4822
401.675  -69.6806
393.39  -95.6144
384.79  -81.646
387.505  -97.7017
391.309  -71.6413
396.299  -72.1598
384.565  -84.1078
391.516  -92.7893
387.861  -76.4856
392.982  -81.834
388.614  -86.1393
396.997  -95.0752
391.061  -118.93
387.892  -89.4277
383.859  -80.793
385.13  -76.5057
389.04  -88.852
396.181  -82.2574
391.138  -109.748
399.989  -89.1629
391.108  -77.1402
387.564  -78.9375
391.86  -71.9908
387.96  -89.7793
390.438  -92.722
391.353  -68.6939
383.589  -78.4156
390.335  -83.1544
401.022  -92.5599
380.78  -101.472
379.855  -82.3083
391.408  -92.1771
390.178  -79.6864
399.5  -92.5948
388.233  -75.0597
396.184  -103.581
394.26  -93.3434
395.624  -72.6762
394.855  -84.0935
394.947  -73.7837
396.081  -77.4878
384.934  -80.175
393.139  -83.2596
388.661  -106.721
397.888  -70.2548
387.416  -89.0775
399.853  -72.887
387.284  -105.402
393.402  -89.1109
391.447  -88.4595
383.169  -84.3133
395.933  -93.3786
392.879  -102.68
393.938  -72.2639
389.479  -78.3684
389.728  -111.397
383.88  -84.8554
389.412  -92.2092
394.721  -97.9128
397.367  -75.7902
405.518  -65.0059
390.173  -98.5667
383.632  -67.6656
393.963  -89.0633
387.618  -85.4447
386.705  -86.0881
396.636  -67.8468
393.788  -78.9528
382.453  -85.6467
377.505  -74.1672
387.681  -87.3577
384.931  -74.9219
394.327  -96.8073
386.29  -88.6633
393.124  -72.9481
391.195  -98.009
401.434  -79.9165
395.496  -78.6365
396.264  -93.7943
393.481  -71.4392
403.228  -90.4358
389.269  -109.764
389.782  -64.7441
381.24  -106.795
391.263  -81.327
388.874  -69.822
391.852  -74.2357
395.965  -100.583
399.122  -77.2885
392.352  -108.896
383.597  -100.559
398.979  -88.6524
394.244  -74.6061
392.045  -82.1056
392.891  -87.7556
388.503  -87.2631
388.962  -89.4705
389.537  -83.9761
390.584  -79.1784
391.301  -72.0139
387.077  -85.5216
401.034  -86.215
385.4  -71.8089
394.476  -76.0827
391.158  -75.6401
401.306  -99.2103
393.896  -71.7863
401.385  -87.6189
396.213  -72.849
390.742  -89.8764
385.322  -98.2777
393.981  -82.5219
394.897  -75.241
398.113  -82.4083
399.756  -86.0134
393.811  -95.3555
382.956  -81.4524
392.291  -81.724
383.332  -97.0006
395.244  -78.8406
381.552  -89.1733
386.152  -86.6935
391.234  -89.2761
387.981  -98.4059
392.126  -82.7756
399.431  -97.2704
382.982  -105.584
394.2  -91.0685
384.678  -87.127
389.261  -73.515
391.547  -67.0043
386.745  -76.395
393.072  -81.0234
404.385  -75.0879
396.348  -96.057
396.419  -87.4066
389.446  -89.4652
396.198  -88.4921
389.905  -87.4286
390.176  -86.1461
395.062  -89.9549
392.535  -69.0312
386.312  -71.4889
392.296  -82.7543
380.186  -81.2871
387.855  -87.3933
395.639  -99.2539
385.874  -96.0668
393.477  -81.6985
396.721  -88.5804
390.975  -80.5915
395.699  -72.8828
402.22  -81.0821
390.612  -73.1936
386.538  -113.005
400.106  -96.3296
387.797  -83.7693
382.525  -89.2143
393.886  -70.3256
392.145  -90.085
379.366  -89.7553
386.672  -91.0867
392.232  -73.4466
383.551  -81.1788
397.952  -73.7243
401.417  -64.8505
401.334  -84.4907
387.891  -96.8912
391.924  -93.6767
401.432  -102.729
383.004  -82.9485
389.824  -86.5583
398.833  -74.7948
391.776  -84.2553
385.094  -81.4803
393.69  -93.0631
392.703  -79.7782
393.628  -104.227
385.307  -83.3899
392.164  -72.7559
387.441  -85.5153
398.957  -80.9163
385.051  -74.1499
386.591  -78.4153
392.168  -89.307
387.408  -92.5911
394.59  -98.8194
396.512  -86.677
386.624  -88.083
391.726  -86.6944
386.961  -65.1193
396.257  -100.3
392.229  -75.8984
390.12  -88.6385
392.802  -71.2789
394.77  -77.4792
386.146  -97.7343
386.831  -76.6936
389.287  -72.4268
388.052  -82.8305
394.697  -99.3041
399.109  -78.102
393.154  -77.5254
385.212  -76.8638
387.078  -112.085
395.183  -102.261
396.105  -76.4172
398.725  -73.9521
401.54  -77.4433
393.611  -80.5683
386.836  -76.7643
386.421  -79.8408
392.349  -94.6109
381.821  -74.0984
402.466  -92.2614
380.164  -103.76
397.383  -74.1375
393.491  -98.1087
383.218  -68.7576
390.78  -81.4368
383.296  -69.7598
398.999  -78.6122
391.936  -93.4227
394.887  -81.2889
400.522  -72.5843
394.66  -94.4992
393.388  -71.9026
393.018  -110.038
398.104  -89.7846
388.914  -83.126
397.047  -73.668
384.555  -78.951
391.665  -77.3933
388.936  -93.8778
387.052  -73.5131
388.695  -90.7287
389.869  -91.1735
380.069  -119.212
391.057  -105.102
381.912  -93.1848
385.035  -82.0294
390.485  -87.5003
381.313  -79.265
381.416  -89.4808
386.553  -65.2803
386.841  -73.9472
397.369  -75.2197
395.673  -83.4491
378.043  -85.5163
398.501  -81.7523
386.872  -102.686
399.762  -83.2965
396.081  -66.6989
390.98  -75.2754
397.362  -75.76
391.619  -76.0956
386.658  -71.8003
385.331  -90.401
387.182  -88.9554
393.102  -85.2956
390.951  -80.6937
391.026  -88.9761
396.325  -102.934
390.096  -67.7141
384.824  -86.832
394.974  -89.5243
394.572  -73.5701
386.627  -91.2075
381.291  -91.7699
386.795  -74.8761
395.87  -81.8929
395.766  -81.4895
399.204  -65.6177
391.14  -79.7887
386.253  -92.8732
387.78  -94.6185
385.698  -80.5855
395.682  -79.4444
391.314  -93.768
394.033  -78.2547
385.95  -92.0583
392.11  -85.9573
388.509  -69.8481
397.783  -94.2654
385.925  -96.5733
392.087  -91.6381
393.866  -83.7315
389.269  -89.5747
381.637  -78.5398
397.801  -68.0543
393.8  -92.4832
390.496  -94.0978
385.049  -99.1072
391.814  -79.1446
395.38  -86.6424
401.039  -76.3519
400.735  -80.2262
388.297  -87.8597
391.401  -84.4404
388.543  -75.4541
396.001  -100.432
382.463  -74.9302
389.277  -74.9718
388.013  -92.2222
390.547  -66.8081
386.592  -85.8876
387.073  -93.82
387.746  -98.6307
390.952  -70.6231
387.159  -83.4679
396.53  -91.3424
387.47  -79.7622
401.595  -94.629
384.692  -89.274
390.455  -80.5156
392.048  -86.9894
396.415  -93.1464
391.055  -75.5838
390.662  -100.952
399.739  -88.6911
373.272  -74.8765
384.559  -72.19
389.56  -85.8554
393.119  -70.3183
393.743  -100.261
386.032  -73.0855
387.19  -94.7751
390.65  -74.7658
389.385  -82.5817
393.398  -72.912
393.111  -93.3932
383.798  -79.4426
389.818  -84.2132
400.587  -88.0578
386.324  -81.463
388.526  -107.677
390.294  -99.4063
390.404  -86.1524
394.81  -76.7915
388.705  -79.2933
397.897  -79.4341
389.472  -92.1859
388.236  -116.086
390.688  -68.6894
394.005  -84.546
393.423  -68.9717
389.318  -78.2471
388.314  -74.3804
382.329  -95.4272
394.469  -80.1358
402.596  -70.2853
383.528  -92.8333
391.898  -70.6497
380.404  -73.4932
394.148  -101.258
389.944  -94.8097
390.7  -70.3879
385.477  -79.05
387.536  -80.841
382.555  -101.745
394.849  -91.928
389.288  -109.536
392.621  -77.7794
392.87  -81.9534
386.282  -73.8189
400.68  -84.5198
393.379  -78.2567
396.421  -75.5871
394.588  -77.2666
399.016  -74.2338
394.019  -83.0078
382.054  -74.7142
392.04  -76.4351
390.166  -81.8005
389.961  -90.4786
390.326  -86.1008
393.059  -79.7234
390.394  -89.3238
374.96  -73.5697
393.071  -86.7007
393.631  -92.9886
390.325  -79.0916
386.729  -67.2119
389.977  -91.0146
396.079  -67.8972
401.075  -88.3483
385.857  -93.3961
385.35  -65.6967
381.219  -70.1493
400.677  -87.7732
396.666  -75.8844
388.048  -112.323
398.561  -71.1431
395.311  -67.8757
388.819  -86.179
378.411  -105.079
386.659  -84.8845
396.449  -89.3411
384  -85.5511
398.829  -78.055
396.796  -89.598
398.982  -80.705
389.627  -86.1504
395.504  -92.9997
391.27  -101.069
393.174  -109.21
381.509  -73.6994
381.732  -69.9535
393.295  -98.6138
398.406  -75.3945
393.035  -70.0502
383.206  -90.2522
396.497  -78.7724
383.162  -87.5748
390.852  -77.9857
392.871  -112.305
401.189  -88.2825
385.116  -85.5099
386.235  -70.9068
392.306  -80.3399
386.147  -94.6579
394.386  -91.3673
384.986  -80.4761
394.235  -78.9654
392.856  -75.8448
385.5  -67.9519
399.844  -75.0577
391.628  -78.6323
389.87  -81.2539
394.408  -83.1779
392.421  -82.83
380.272  -95.0587
389.982  -83.6809
377.737  -80.8254
396.387  -77.8667
393.763  -92.3671
388.891  -74.7826
383.457  -99.5486
391.244  -81.7026
395.971  -73.0242
392.918  -77.1176
393.903  -84.3198
395.03  -83.6838
396.069  -74.9526
385.004  -80.6115
393.219  -94.5115
380.283  -77.656
388.892  -107.84
394.739  -74.9814
393.665  -86.8432
381.538  -91.5544
391.778  -82.5081
386.42  -63.9136
389.271  -103.364
385.54  -89.2544
390.407  -74.3934
379.047  -81.8403
395.173  -74.3263
383.816  -81.0905
402.112  -77.8531
388.157  -78.7447
399.948  -94.252
392.707  -87.687
395.501  -103.278
390.663  -82.8086
386.977  -86.4181
385.058  -77.3021
392.711  -68.7645
391.705  -81.1747
392.138  -95.4223
389.407  -96.8156
397.406  -86.3471
395.1  -82.223
391.933  -64.8982
385.639  -81.7651
395.999  -89.7303
393.75  -63.5916
389.06  -100.898
396.055  -75.9281
393.261  -76.7707
396.187  -101.697
393.074  -67.7566
388.204  -81.0027
389.1  -80.6563
390.65  -105.78
388.973  -78.0278
394.168  -76.9108
383.401  -74.9705
401.3  -79.783
400.1  -101.318
388.932  -77.9362
396.602  -78.8549
390.873  -71.4454
392.873  -60.5399
395.223  -80.949
386.088  -70.9219
391.643  -75.6911
399.005  -71.2256
391.005  -81.1366
385.972  -80.2866
393.331  -98.1512
383.14  -99.6509
384.081  -96.9312
398.224  -114.734
397.03  -69.7372
401.975  -74.1449
387.616  -72.3817
399.156  -105.762
384.273  -88.4114
382.646  -95.8401
395.328  -82.2736
395.021  -99.9308
396.017  -78.7175
388.031  -78.6748
382.039  -78.3319
391.029  -82.0445
388.699  -72.5817
382.992  -93.5098
389.03  -80.5094
394.631  -86.5406
392.048  -80.3546
392.787  -76.9124
392.493  -87.9809
383.89  -84.0705
394.284  -86.5372
393.371  -76.0083
382.955  -69.6704
388.122  -80.9575
393.893  -108.822
397.108  -75.3249
395.775  -88.1851
388.56  -101.198
388.652  -81.8179
390.411  -93.1506
392.11  -88.1521
382.582  -80.9056
385.531  -81.3351
381.954  -85.8476
385.799  -94.2572
392.065  -92.3284
387.749  -85.2151
390.358  -81.1719
380.134  -77.4682
389.605  -89.3432
385.466  -94.2389
392.012  -101.552
387.148  -69.3642
392.408  -71.912
376.199  -80.1633
382.274  -85.5001
397.268  -90.355
394.046  -81.1275
397.57  -89.0153
394.186  -70.3766
385.426  -86.1324
393.667  -84.1391
396.329  -89.7043
396.932  -115.553
393.804  -82.9659
401.494  -78.7263
377.048  -81.5967
390.835  -75.5941
393.639  -78.3482
395.745  -80.9958
375.765  -93.2855
387.797  -88.077
379.907  -92.2731
386.833  -89.3563
386.43  -88.4499
388.155  -81.9908
390.282  -88.2371
386.898  -85.7233
396.292  -77.3952
401.313  -76.5023
389.99  -71.8554
386.444  -85.7607
388.994  -85.2759
393.903  -69.021
399.988  -81.2999
399.524  -87.0433
399.698  -94.6398
395.07  -77.3447
394.61  -89.1805
391.119  -96.2338
385.939  -78.2807
391.309  -94.8711
389.883  -89.0666
393.242  -92.1594
388.533  -91.8592
397.558  -81.3262
388.013  -95.5484
388.61  -77.1428
389.773  -77.3741
377.953  -73.2107
395.714  -83.7932
395.122  -78.605
390.177  -88.9158
395.543  -66.1527
391.471  -91.2456
386.936  -85.8893
390.485  -82.3425
391.087  -82.2578
388.366  -81.6659
391.717  -75.4674
395.258  -65.2432
388.744  -74.5957
387.579  -101.318
376.302  -83.2498
383.006  -71.8285
397.512  -92.8528
396.381  -78.8261
390.056  -81.6673
388.606  -88.4437
381.321  -75.2369
390.886  -85.9862
389.14  -100.131
399.044  -88.7125
399.551  -84.1712
393.611  -73.8192
399.995  -82.2427
390.151  -80.5678
388.5  -87.631
385.715  -79.174
391.276  -66.5621
382.155  -102.199
392.126  -75.3829
385.965  -78.2291
385.047  -98.3559
387.718  -90.7028
390.903  -66.5195
395.971  -76.1298
397.051  -105.323
392.207  -91.2513
390.692  -76.1787
385.867  -86.1366
386.918  -94.0719
392.095  -72.1727
393.467  -107.548
390.576  -80.5792
391.151  -82.1046
390.101  -81.6413
379.468  -106.758
384.432  -91.2671
388.53  -83.2669
388.139  -73.8529
378.97  -73.681
385.819  -107.031
391.277  -96.419
402.407  -77.2222
381.275  -76.7919
391.246  -73.0569
394.453  -88.6961
397.901  -84.0714
399.44  -87.5191
396.382  -71.0931
390.276  -96.8966
391.07  -87.5082
373.172  -103.025
387.154  -66.7083
390.019  -75.9739
394.281  -89.0453
398.427  -90.0671
381.368  -104.433
400.628  -76.4258
389.803  -97.9076
385.19  -89.2296
388.602  -81.0847
398.599  -75.1443
388.871  -80.3101
389.036  -70.0284
394.657  -84.8995
393.283  -74.5489
394.777  -84.415
385.623  -79.9905
391.573  -85.4191
391.147  -81.4932
387.749  -77.0386
380.26  -82.4244
401.504  -79.1422
403.682  -84.9012
394.946  -78.0029
383.749  -80.445
388.218  -93.4768
391.168  -109.356
387.46  -82.2683
388.646  -77.2477
390.728  -106.095
390.607  -97.1924
388.692  -83.8642
388.089  -78.3835
387.997  -74.6097
401.802  -66.1082
383.572  -82.7385
401.471  -92.6228
389.925  -100.003
387.867  -87.8878
397.406  -91.6696
392.197  -86.0116
391.447  -85.082
385.537  -65.654
403.083  -96.7027
398.323  -86.222
400.457  -85.4537
388.975  -83.9751
397.5  -73.3742
394.019  -81.8549
385.271  -75.4431
389.672  -83.4252
385.096  -95.9403
377.222  -89.4139
390.995  -88.7911
399.007  -86.6439
381.398  -94.422
382.152  -82.252
377.552  -108.706
392.82  -65.5672
395.505  -76.3968
393.54  -88.1649
381.762  -84.9494
394.872  -92.6874
392.338  -67.0736
384.858  -73.2999
387.109  -96.3027
384.482  -73.9161
392.881  -99.6976
385.52  -111.266
392.579  -88.8143
388.849  -88.1985
393.766  -100.68
395.389  -73.9056
381.842  -78.5101
390.445  -91.242
392.263  -73.8459
393.787  -105.619
392.352  -86.3676
386.007  -95.1026
382.887  -73.8831
387.631  -89.4913
386.045  -86.5264
383.588  -71.208
384.237  -86.625
390.411  -87.2818
395.258  -79.6414
380.743  -70.9228
386.346  -81.536
393.852  -82.459
388.621  -75.9584
391.223  -95.1507
386.531  -86.1205
391.762  -75.2774
379.566  -74.7229
399.016  -80.0978
393.233  -89.2519
387.247  -88.105
387.946  -69.8272
400.412  -85.5463
387.156  -92.8133
392.878  -87.7695
398.631  -85.0066
394.397  -73.0554
384.921  -83.2212
396.36  -80.8065
389.301  -73.4517
386.952  -85.2356
390.894  -85.889
403.872  -81.0325
388.855  -72.9308
396.312  -76.6532
391.239  -69.4661
390.055  -83.3813
394.183  -80.3712
388.925  -79.6788
384.873  -87.081
405.13  -91.9112
393.194  -88.8437
392.152  -80.0283
398.823  -89.9932
388.343  -83.0039
401.438  -79.8491
395.951  -89.3103
394.343  -90.3906
382.207  -95.6227
394.049  -75.6762
387.248  -92.6626
382.927  -79.9611
388.655  -85.6123
386.379  -94.6174
383.183  -87.1467
393.207  -79.0895
400.137  -98.1174
389.639  -82.1756
392.969  -81.9828
399.478  -85.2848
388.456  -99.1601
392.962  -69.4496
396.413  -93.4347
393.664  -66.2263
387.753  -95.0119
395.491  -67.6415
397.399  -100.851
401.115  -84.4341
384.59  -87.1144
388.942  -92.2514
390.021  -80.8975
384.082  -101.415
386.542  -72.6139
379.025  -88.5938
385.388  -85.5595
383.055  -129.507
389.367  -87.2051
393.901  -71.2933
391.061  -87.6329
392.817  -73.2494
388.966  -79.1217
384.896  -77.0794
393.749  -74.2743
398.769  -81.2101
382.863  -73.2589
390.38  -74.894
388.101  -88.1284
399.739  -78.1365
387.776  -116.72
386.478  -82.6938
396.48  -73.7489
391.623  -88.6166
403.367  -79.4498
396.779  -97.2436
