63
91
71
43
97
81
31
77
39
43
119
51
0
99
45
51
99
79
63
109
77
55
33
63
55
83
42
19
91
42
26
58
15
95
115
75
89
49
47
27
43
3
15
11
115
103
27
80
27
75
21
21
99
57
95
7
53
17
41
41
41
65
20
19
55
79
3
51
23
115
43
55
115
125
55
113
3
59
47
7
67
27
63
19
67
51
19
7
31
95
115
123
123
65
73
83
125
101
43
99
87
115
7
25
35
36
76
103
7
93
87
48
55
45
41
106
43
46
23
105
13
49
31
18
51
23
23
3
69
59
123
119
7
79
63
109
21
55
11
38
115
25
48
87
51
8
8
104
0
121
81
23
127
5
27
15
103
41
115
3
31
11
80
107
3
63
11
23
63
43
71
63
33
77
35
59
63
63
103
125
55
23
21
85
117
117
85
39
63
53
83
115
52
11
111
113
35
75
39
55
51
43
55
9
39
51
47
56
107
5
39
19
23
55
67
51
123
103
84
