150.294
165.907
172.233
188.563
193.267
206.077
209.894
213.516
226.012
231.73
236.581
236.598
240.489
255.622
258.89
262.78
266.175
269.646
270.443
272.522
273.949
280.087
280.389
294.57
299.968
303.6
304.173
306.565
307.236
310.259
317.636
317.768
320.837
321.628
321.76
322.133
324.013
325.811
327.155
329.027
332.658
333.075
345.525
348.874
350.764
360.146
366.863
374.27
374.58
375.387
377.684
379.018
380.616
381.694
384.941
385.32
385.709
387.842
389.227
390.536
392.426
398.921
401.035
401.246
407.142
408.81
409.023
409.384
410.427
412.352
414.725
415.737
416.364
416.846
417.929
419.035
422.862
425.489
426.721
429.311
431.328
431.861
432.661
433.305
434.786
438.282
442.509
443.738
445.042
445.496
447.018
448.071
452.556
453.219
454.838
460.796
464.095
465.684
465.698
465.834
469.853
470.658
470.776
471.447
472.254
476.302
481.06
482.307
482.721
487.871
495.563
495.939
496.563
497.529
499.316
500.925
504.956
505.831
509.773
510.902
511.039
513.19
517.074
521.989
528.013
528.346
530.366
533.914
534.675
536.747
537.201
538.136
538.815
538.863
539.195
540.544
544.982
545.893
546.018
548.5
548.575
548.752
549.791
552.896
553.787
554.104
554.242
557.49
558.221
560.451
563.225
563.263
563.433
567.768
569.663
574.727
575.337
576.744
576.965
578.524
578.991
579.68
581.465
581.757
586.124
587.805
589.022
589.578
592.833
595.651
596.489
597.274
598.782
599.552
604.555
608.693
609.052
610.688
610.857
612.176
617.613
617.715
619.062
622.865
626.407
627.057
627.257
627.332
629.722
630.478
631.727
632.419
638.279
641.186
642.663
644.167
644.594
644.9
646.028
646.195
649.772
650.864
653.534
653.536
655.85
656.262
658.359
658.924
661.519
664.102
664.273
664.87
665.388
667.729
669.104
670.006
670.249
672.706
672.731
674.76
675.177
675.22
675.528
676.209
678.089
681.204
684.869
685.672
689.825
690.255
692.496
692.948
693.854
694.73
696.863
700.142
701.912
701.951
704.507
706.257
706.546
712.46
713.242
713.996
715.206
715.263
716.16
716.367
719.185
720.409
723.334
726.76
728.188
728.884
733.073
733.57
733.587
737.291
743.486
743.758
745.102
745.193
745.775
747.761
748.779
749.622
751.255
752.07
755.172
758.234
758.456
760.26
761.781
761.886
762.857
763.846
763.937
764.042
764.298
765.544
766.475
769.972
770.449
775.036
781.761
786.239
786.467
788.944
790.28
791.795
797.655
801.243
802.332
803.269
803.374
803.447
805.203
805.32
809.182
816.39
816.903
819.612
826.145
826.68
828.721
829.239
833.336
833.495
834.698
837.947
838.462
842.272
846.582
846.71
847.484
849.638
849.838
852.905
853.396
854.858
855.899
855.954
856.875
856.915
857.056
859.113
859.394
860.955
864.326
865.194
866.343
868.064
870.134
870.343
871.72
872.317
872.871
873.257
874.526
877.991
878.211
878.252
878.409
879.099
879.504
882.232
883.35
885.079
888.781
893.414
893.751
893.889
899.78
903.128
905.356
909.356
912.715
913.089
913.835
914.51
916.222
916.523
916.814
917.242
919.907
920.337
925.871
930.74
930.869
933.888
934.409
935.91
937.587
939.359
942.276
946.221
946.844
947.496
947.644
950.786
952.83
953.138
954.97
957.06
958.408
959.75
960.373
965.398
966.143
969.666
972.627
972.805
976.741
977.715
979.515
980.812
981.054
982.181
983.586
987.022
987.133
987.71
991.258
997.924
1003.21
1003.65
1009.39
1014.05
1028.39
1029.37
1039.95
1042.0
1042.23
1043.31
1049.62
1049.66
1049.74
1049.84
1052.28
1052.46
1053.71
1054.21
1055.92
1055.93
1057.63
1057.77
1058.15
1062.51
1065.31
1068.61
1069.36
1071.34
1078.11
1079.92
1085.11
1088.9
1089.85
1091.11
1092.3
1092.66
1097.03
1097.83
1102.07
1102.61
1103.87
1106.4
1109.61
1111.81
1113.66
1116.67
1118.58
1120.64
1121.53
1124.87
1130.64
1131.74
1132.32
1133.0
1138.0
1141.44
1144.44
1145.07
1145.12
1146.81
1150.32
1150.62
1151.07
1151.21
1151.61
1159.45
1163.8
1164.72
1164.96
1167.3
1168.48
1169.45
1172.45
1176.51
1178.52
1179.56
1181.63
1182.24
1186.47
1189.75
1190.1
1195.13
1195.97
1200.5
1201.0
1201.23
1201.47
1202.57
1206.0
1207.18
1211.97
1213.01
1213.72
1217.55
1219.37
1222.88
1224.41
1225.37
1226.97
1227.05
1227.54
1227.67
1227.89
1229.08
1230.76
1231.45
1232.47
1235.13
1235.14
1238.44
1242.92
1252.99
1254.3
1255.18
1257.53
1258.25
1259.11
1265.73
1266.58
1267.31
1268.81
1269.91
1271.54
1273.94
1279.6
1283.98
1285.93
1290.17
1293.84
1295.96
1296.66
1297.35
1308.12
1315.53
1316.92
1326.03
1329.1
1333.66
1334.88
1339.96
1340.1
1342.96
1344.97
1347.53
1348.64
1349.15
1349.56
1349.88
1353.94
1356.82
1370.04
1383.54
1386.21
1387.51
1388.16
1388.43
1392.27
1394.1
1397.16
1397.6
1398.71
1404.21
1412.42
1412.47
1423.93
1424.77
1428.61
1433.77
1440.25
1441.05
1443.96
1447.38
1449.78
1450.85
1454.81
1455.91
1455.93
1457.48
1462.81
1463.29
1465.76
1470.83
1471.41
1472.57
1478.16
1481.42
1486.44
1489.18
1494.2
1496.79
1496.95
1503.29
1506.73
1510.43
1512.84
1515.2
1515.54
1519.15
1526.48
1527.04
1527.68
1528.23
1530.95
1533.36
1536.31
1538.52
1539.86
1540.4
1541.15
1542.94
1547.3
1547.43
1548.06
1548.09
1553.64
1557.54
1562.94
1565.55
1569.18
1570.05
1578.21
1579.97
1580.09
1580.1
1583.18
1584.48
1587.52
1596.93
1600.41
1603.84
1608.45
1615.42
1622.43
1632.11
1638.16
1639.73
1643.66
1647.71
1650.71
1650.77
1659.87
1665.85
1666.06
1669.67
1674.79
1677.72
1678.75
1685.41
1686.96
1687.8
1692.83
1695.83
1702.86
1706.62
1707.35
1707.74
1708.56
1716.07
1716.24
1719.4
1735.12
1740.48
1744.12
1748.92
1749.34
1750.54
1752.44
1755.84
1772.9
1773.92
1775.18
1780.48
1783.65
1786.37
1786.56
1788.52
1791.21
1797.51
1798.18
1802.41
1803.15
1806.96
1807.76
1814.42
1817.52
1819.39
1820.7
1822.17
1832.46
1833.43
1839.45
1840.01
1856.79
1858.84
1861.9
1871.01
1874.21
1874.45
1876.92
1878.0
1882.95
1883.92
1887.96
1888.52
1889.18
1891.11
1892.85
1893.84
1896.34
1899.02
1900.17
1906.19
1913.41
1913.46
1914.79
1915.69
1919.03
1920.0
1926.15
1926.79
1933.34
1936.75
1936.98
1937.9
1941.27
1946.34
1952.49
1957.01
1958.4
1964.71
1965.14
1975.84
1976.3
1983.65
1987.13
1988.11
1995.99
1997.99
1998.76
1999.9
2017.14
2021.37
2022.28
2024.33
2024.71
2030.11
2033.67
2035.11
2039.39
2044.51
2045.3
2059.67
2068.88
2079.66
2081.43
2082.19
2082.9
2087.95
2089.36
2093.59
2095.73
2097.02
2127.64
2134.68
2136.4
2138.39
2138.75
2141.06
2142.69
2150.96
2158.02
2158.4
2179.0
2181.1
2185.63
2195.12
2201.34
2202.21
2206.94
2211.85
2217.0
2220.51
2221.35
2221.86
2225.12
2230.15
2240.97
2242.75
2246.21
2258.25
2260.14
2264.25
2268.95
2276.29
2296.02
2307.15
2307.82
2308.13
2308.21
2322.76
2323.04
2323.77
2342.25
2356.1
2375.2
2385.88
2388.07
2399.92
2407.19
2410.96
2417.19
2417.47
2420.58
2422.93
2424.84
2440.14
2450.49
2451.61
2453.39
2453.71
2469.08
2474.19
2479.05
2482.75
2494.5
2496.19
2499.39
2516.53
2532.49
2542.71
2560.26
2561.76
2562.86
2574.47
2590.19
2590.75
2595.08
2608.8
2609.27
2614.56
2618.8
2624.53
2639.65
2655.76
2659.47
2660.95
2667.4
2670.43
2676.84
2691.22
2692.49
2709.79
2710.37
2712.27
2727.12
2737.98
2750.62
2758.42
2760.83
2763.71
2766.1
2774.01
2813.17
2826.48
2828.15
2829.47
2836.39
2844.45
2853.04
2875.0
2905.38
2913.9
2925.44
2947.46
2950.4
2951.09
2952.11
2952.53
2960.23
2966.91
2970.8
2971.5
2993.87
3001.93
3018.9
3019.36
3025.63
3030.31
3060.38
3096.53
3101.76
3106.3
3130.93
3142.18
3153.12
3155.4
3208.67
3229.41
3240.21
3252.21
3254.59
3264.84
3270.02
3279.71
3282.51
3305.62
3312.81
3312.92
3342.5
3349.96
3359.47
3367.23
3374.97
3400.01
3432.85
3446.04
3466.32
3492.2
3506.91
3523.8
3539.97
3569.06
3589.15
3696.46
3712.63
3744.26
3752.84
3761.98
3769.46
3780.87
3789.34
3824.49
3900.53
3927.23
3944.58
3958.92
4024.91
4040.48
4064.49
4107.84
4124.79
4126.94
4150.0
4154.32
4183.36
4188.47
4191.04
4202.91
4211.96
4255.85
4261.25
4262.32
4325.24
4346.78
4445.32
4474.29
4498.37
4544.74
4593.2
4610.36
4645.28
4713.37
4721.78
4870.01
4907.83
4913.59
4938.67
4961.52
5140.84
5155.69
5195.84
5196.17
5219.64
5326.74
5450.66
5761.49
6102.65
6311.28
6357.47
6382.67
6433.0
6766.2
6807.87
6892.88
7137.18
7183.0
7498.13
7538.27
7634.92
8010.72
8058.37
8795.4
10298.4
10520.8
13768.9
16714.2
