94.6662
442.829
148.727
363.363
303.164
203.136
516.162
129.945
932.839
793.693
355.275
114.19
265.78
199.32
389.627
327.15
402.506
160.677
322.748
394.284
564.269
207.206
161.657
263.401
608.165
127.724
296.949
193.387
1160.87
282.607
443.5
124.604
378.758
261.122
334.664
140.382
321.505
401.887
423.413
328.924
465.134
310.759
144.941
463.521
517.111
421.659
305.225
439.052
274.626
458.929
300.049
306.488
236.094
992.933
194.225
529.12
190.681
157.717
853.543
331.095
167.079
191.456
67.6706
525.021
231.933
339.612
361.762
237.717
421.117
525.376
270.125
624.308
209.186
471.367
236.148
224.386
370.891
284.211
297.089
428.939
96.0
153.61
131.98
261.146
414.829
236.322
582.066
140.934
355.339
138.075
457.198
325.256
479.851
140.304
342.588
498.567
149.418
353.331
217.805
472.377
222.416
385.835
66.5096
535.331
575.894
241.44
160.17
195.546
520.497
192.337
267.202
217.308
214.613
505.259
573.168
584.23
168.612
240.099
187.204
301.467
357.459
528.077
164.057
120.963
590.884
1256.27
236.613
1283.91
114.368
161.741
287.821
201.467
175.746
539.84
685.075
130.789
507.396
197.989
658.811
192.73
410.944
198.362
723.962
380.906
230.922
301.805
377.531
206.44
166.823
384.796
182.204
741.387
109.015
217.344
318.212
495.856
1022.65
208.826
701.786
279.875
451.27
422.868
601.183
354.49
551.475
146.169
568.324
476.162
225.384
190.929
108.88
162.574
394.952
441.743
223.287
241.118
197.038
498.191
582.374
206.169
220.225
291.071
248.651
1043.04
131.32
181.06
266.609
113.745
479.302
140.51
300.801
311.504
456.727
434.706
412.394
389.645
716.712
151.14
436.938
248.615
272.155
338.007
137.278
468.26
285.941
511.062
409.084
235.37
498.18
191.034
154.924
459.7
345.459
265.166
362.208
451.768
143.825
216.758
379.871
379.289
366.949
236.736
616.187
400.027
138.549
495.281
700.885
212.828
415.225
287.141
691.553
177.344
376.08
214.588
332.684
158.697
682.07
442.711
971.703
171.939
273.612
140.697
230.158
149.383
230.081
144.589
253.325
156.421
489.82
1168.63
296.505
107.061
180.54
256.248
408.836
241.709
155.847
250.772
1020.13
701.283
209.532
221.362
257.804
224.097
615.159
381.273
344.998
404.015
256.844
431.955
139.099
190.479
248.584
318.208
382.187
1028.35
189.595
882.412
533.672
244.462
310.721
312.52
149.501
427.168
260.033
390.924
369.294
305.432
620.127
702.421
99.5031
318.976
351.18
240.087
373.819
263.171
316.325
571.141
143.099
117.771
379.45
354.897
233.258
159.356
308.646
244.59
236.731
592.001
169.367
162.232
413.947
233.899
372.134
418.519
255.439
538.568
226.02
749.767
220.839
165.624
439.724
75.8789
373.405
308.04
336.388
339.174
216.072
347.471
308.768
400.499
885.355
339.964
381.431
594.509
250.511
294.033
196.962
267.781
377.176
588.711
601.884
303.796
320.267
179.62
193.72
693.263
796.147
111.913
403.878
403.382
169.544
298.954
301.49
351.826
627.642
433.446
240.962
276.617
320.879
222.075
220.099
361.821
179.679
201.833
682.585
705.332
362.596
232.349
333.94
506.396
240.03
360.087
185.87
255.034
212.803
382.386
224.889
271.619
323.792
423.969
492.608
382.978
127.952
111.762
288.055
250.715
198.769
819.059
128.306
315.587
138.033
241.175
111.482
299.621
438.402
965.9
260.539
305.626
494.446
586.521
221.627
600.955
465.233
209.685
443.21
370.855
197.646
196.731
156.188
220.857
457.995
335.273
278.88
360.068
478.046
406.968
288.394
347.653
346.379
477.064
392.293
394.417
634.173
318.093
425.944
789.613
434.458
309.542
417.219
198.469
336.76
243.024
294.633
359.715
328.691
275.741
325.593
458.795
252.993
195.99
265.134
349.96
980.331
127.857
323.194
428.953
658.949
467.972
112.89
389.18
175.036
182.077
203.72
307.101
353.737
87.424
226.959
264.36
372.95
318.858
225.63
388.991
472.627
247.071
609.101
380.403
346.91
402.998
118.804
505.435
201.034
409.802
199.193
621.551
407.499
382.672
146.457
255.735
422.627
371.162
143.96
277.99
222.587
647.301
180.744
492.115
789.068
703.069
170.116
166.012
434.044
394.616
416.118
356.778
125.207
139.698
399.025
268.553
791.292
132.106
160.559
272.938
120.037
256.238
136.767
304.524
340.01
262.498
412.016
149.65
234.779
489.274
249.524
266.567
234.895
379.408
138.827
206.014
1099.5
214.137
271.971
661.143
411.764
272.132
176.539
361.238
236.009
490.8
532.03
189.067
367.984
263.849
259.629
155.517
194.536
423.697
664.983
193.173
295.096
259.147
206.425
370.262
378.728
270.243
374.214
129.6
103.188
190.551
337.616
288.223
139.129
634.658
684.245
471.518
137.901
537.79
369.65
164.17
197.608
174.979
185.937
137.689
384.938
326.354
286.646
755.688
122.032
590.012
204.042
126.428
564.037
222.692
451.533
223.852
232.263
221.417
305.767
168.334
532.023
467.926
321.487
93.9996
580.468
280.421
554.315
337.424
435.419
355.576
352.757
762.78
129.713
408.767
212.193
468.728
279.165
294.608
943.15
434.555
729.133
312.954
258.682
495.218
508.832
165.711
231.476
216.25
451.907
226.868
322.291
247.925
523.23
229.45
204.943
312.084
322.067
155.475
206.16
146.766
488.437
427.151
286.525
338.204
159.215
350.629
483.262
284.542
176.879
73.0214
380.977
835.362
317.198
199.622
327.05
230.708
238.805
66.8985
251.571
94.1764
216.408
124.674
233.952
664.681
667.007
127.585
243.739
247.728
231.73
389.359
257.038
100.491
263.518
707.747
510.227
344.318
119.93
560.027
268.514
363.249
405.446
465.123
266.228
187.664
117.082
161.764
217.872
187.141
513.458
513.863
179.587
289.372
222.072
337.216
365.501
297.665
88.6299
795.585
270.15
457.597
92.6242
556.828
247.295
343.152
323.168
191.133
251.505
178.423
544.364
122.048
245.145
178.333
417.515
330.311
876.818
410.86
222.056
366.819
463.992
509.559
343.936
179.982
254.452
139.377
303.034
273.981
172.899
101.847
259.084
567.174
819.861
314.04
419.713
327.836
200.023
112.749
293.135
178.437
479.914
452.025
178.308
296.792
635.725
360.755
280.74
1169.01
257.382
88.9458
366.383
342.295
437.095
153.455
290.969
220.048
310.98
910.607
224.597
215.898
484.235
182.507
135.434
735.951
266.594
432.35
589.706
171.844
400.418
91.9155
236.344
475.892
376.919
328.15
103.321
350.918
405.419
206.441
145.154
299.534
80.9798
371.141
414.553
276.685
361.493
292.602
152.461
338.616
223.608
226.831
212.015
260.602
407.601
333.666
113.22
392.216
72.7495
239.471
861.461
77.061
156.915
141.745
340.486
676.983
178.413
462.112
185.45
351.284
563.372
118.409
122.684
297.514
105.823
239.707
405.266
646.754
539.332
651.446
136.058
526.992
228.271
192.893
206.22
1097.23
507.959
224.527
290.905
337.713
214.343
291.988
411.288
228.919
633.486
307.084
541.194
313.202
413.064
436.893
225.66
396.47
656.447
268.868
141.049
94.2559
112.062
244.711
140.468
403.158
254.313
894.403
704.04
173.294
420.57
407.493
143.858
172.468
162.137
148.411
164.901
231.267
406.661
411.923
130.039
305.972
81.8815
463.333
228.659
286.047
528.497
215.419
196.181
221.127
158.352
261.278
215.726
106.641
494.508
247.88
264.841
341.757
586.341
300.132
329.87
489.192
291.298
402.779
151.244
170.569
385.697
199.53
338.064
316.326
96.7213
287.085
309.748
788.076
242.668
381.996
133.304
155.849
221.225
206.513
237.292
720.217
275.157
744.523
472.969
442.536
231.224
509.979
281.161
217.497
378.548
148.125
250.496
165.658
301.324
312.553
278.987
318.853
215.545
468.027
246.854
182.704
288.697
465.575
579.429
105.1
122.636
301.14
117.88
277.245
183.726
572.052
345.946
327.741
175.075
912.257
438.689
152.937
142.058
211.925
461.944
551.655
583.926
374.506
330.811
264.721
440.715
809.545
598.187
257.587
478.11
819.025
419.892
170.129
276.691
285.8
250.771
253.392
102.084
279.464
173.971
189.482
574.083
257.414
154.245
710.897
256.617
194.797
182.51
617.702
632.515
148.208
275.561
529.365
1399.21
109.644
228.753
268.494
329.491
206.704
138.053
106.956
228.761
163.651
405.692
255.701
567.304
162.269
169.837
60.6024
257.152
219.047
1639.78
322.715
275.593
978.52
417.267
262.209
354.822
574.317
186.567
201.712
500.766
191.206
355.849
432.881
318.259
260.745
694.038
698.241
194.661
305.826
152.607
172.097
266.421
816.171
346.581
99.3932
286.183
358.198
298.946
245.026
