-5,0
-4.9,0
-4.8,0
-4.7,0
-4.6,0
-4.5,0
-4.4,0
-4.3,0
-4.2,0
-4.1,0
-4,0
-3.9,0
-3.8,0
-3.7,0
-3.6,0
-3.5,0
-3.4,0
-3.3,0
-3.2,0.004
-3.1,0.004
-3,0.004
-2.9,0.004
-2.8,0.008
-2.7,0.012
-2.6,0.012
-2.5,0.016
-2.4,0.024
-2.3,0.028
-2.2,0.036
-2.1,0.044
-2,0.052
-1.9,0.064
-1.8,0.08
-1.7,0.096
-1.6,0.112
-1.5,0.128
-1.4,0.148
-1.3,0.172
-1.2,0.196
-1.1,0.216
-1,0.24
-0.9,0.268
-0.8,0.288
-0.7,0.312
-0.6,0.332
-0.5,0.352
-0.4,0.368
-0.3,0.38
-0.2,0.392
-0.1,0.396
0,0.4
0.1,0.396
0.2,0.392
0.3,0.38
0.4,0.368
0.5,0.352
0.6,0.332
0.7,0.312
0.8,0.288
0.9,0.268
1,0.24
1.1,0.216
1.2,0.196
1.3,0.172
1.4,0.148
1.5,0.128
1.6,0.112
1.7,0.096
1.8,0.08
1.9,0.064
2,0.052
2.1,0.044
2.2,0.036
2.3,0.028
2.4,0.024
2.5,0.016
2.6,0.012
2.7,0.012
2.8,0.008
2.9,0.004
3,0.004
3.1,0.004
3.2,0.004
3.3,0
3.4,0
3.5,0
3.6,0
3.7,0
3.8,0
3.9,0
4,0
4.1,0
4.2,0
4.3,0
4.4,0
4.5,0
4.6,0
4.7,0
4.8,0
4.9,0
5,0
