data,1,0.378,0.29834,0.51664,0.35826,0.59796,0.4946,0.8444,1,0,2.75359
data,1,0.22158,0.17754,0.40936,0.82338,0.57288,0.25136,0.7721,1,0,1.58811
data,1,0.42126,0.29756,1,0.56892,0.52938,0.38052,0.6094,1,0,1.85526
data,1,0.16239,0.2172,0.89616,0.5835,0.85062,0.20088,1.141,1,0,0.611477
data,1,0.21174,0.29966,0.66392,0.43218,0.34302,0.41052,1.2887,0,1,1.54594
data,1,0.43287,0.18302,1,0.6516,0.7053,0.2734,1.3092,0,0,6.89713
data,1,0.28299,0.24744,0.97304,0.65676,0.71448,0.46308,1.1965,1,0,2.28436
data,1,0.36765,0.11808,0.84688,0.58356,0.63084,0.41876,0.9116,1,1,0.245442
data,1,0.44661,0.25486,1,0.62748,0.37218,0.47288,0.6199,1,0,1.50816
data,1,0.44259,0.16418,1,0.39912,0.58434,0.27776,0.5788,0,0,3.38741
data,1,0.44283,0.18966,0.5972,0.64254,0.4653,0.56244,0.5123,1,0,1.59628
data,1,0.23841,0.22624,0.65968,0.60702,0.58518,0.5944,1.2039,0,0,4.01267
data,1,0.24444,0.14406,0.65936,0.87318,0.69132,0.42044,1.1431,0,1,1.31839
data,1,0.22707,0.1496,0.57552,0.4872,0.30996,0.4152,0.7045,0,1,1.21793
data,1,0.37632,0.25038,0.60152,0.53154,0.4038,0.52804,0.7174,0,0,4.77391
data,1,0.40839,0.26192,0.7368,0.79416,0.45348,0.43312,0.718,0,1,0.56396
data,1,0.23181,0.1891,0.50504,0.87108,0.46128,0.24016,0.7578,0,1,0.592728
data,1,0.26601,0.1366,1,0.56766,0.49362,0.31452,1.4717,1,1,0.204007
data,1,0.31278,0.1412,0.68496,0.64134,0.55944,0.27408,0.7924,1,1,0.507711
data,1,0.32742,0.14034,0.554,0.73302,0.44082,0.5092,0.5468,0,1,0.563392
data,1,0.40539,0.12712,0.88576,0.64794,0.35556,0.4538,1.3458,1,1,0.420542
data,1,0.33087,0.24448,0.74576,0.68052,0.34572,0.39572,0.51,1,1,0.30698
data,1,0.30534,0.1484,0.93592,0.5904,0.66114,0.5614,0.82,0,0,4.6106
data,1,0.31614,0.23192,0.51208,0.76704,0.80892,0.27272,0.5832,0,0,2.68893
data,1,0.23259,0.1772,1,0.57072,0.63948,0.43164,1.3115,1,0,1.06543
data,1,0.43176,0.1213,0.57176,0.47496,0.48282,0.41728,1.1312,0,0,5.2835
data,1,0.26835,0.15146,0.83256,0.37992,0.39822,0.21672,1.2529,1,1,0.278045
data,1,0.44328,0.29342,0.97664,0.70242,0.81252,0.54244,1.3222,0,0,11.1567
data,1,0.39192,0.15492,0.79056,0.76746,0.58458,0.33176,0.8513,1,1,0.50578
data,1,0.2067,0.28588,0.4572,0.32172,0.83274,0.42052,0.9384,0,0,2.59549
data,1,0.24009,0.25508,0.8068,0.3138,0.54282,0.27012,1.4499,1,0,2.65062
data,1,0.39708,0.10926,0.40184,0.32646,0.32466,0.51536,0.9466,1,0,3.16479
data,1,0.18153,0.23434,1,0.68574,0.65616,0.2416,0.5325,0,0,2.09244
data,1,0.19743,0.19802,0.5596,0.522,0.48066,0.31012,0.8876,1,1,0.514507
data,1,0.39477,0.21126,0.4828,0.60534,0.88206,0.58548,1.1668,1,0,1.93821
data,1,0.1788,0.12028,0.41288,0.78888,0.82308,0.20184,1.1604,1,0,0.693822
data,1,0.43653,0.146,0.97144,0.77226,0.4869,0.40284,0.7487,0,0,3.7126
data,1,0.15804,0.14394,0.73296,0.60144,0.81714,0.55492,0.8656,0,0,1.31196
data,1,0.43497,0.25332,0.59792,0.30402,0.80172,0.43988,0.5345,0,0,3.33879
data,1,0.387,0.20132,0.81016,0.8958,0.879,0.22996,0.9626,0,1,0.896485
data,1,0.22485,0.183,0.81552,0.77376,0.5733,0.45976,1.3427,0,0,3.68361
data,1,0.27186,0.17222,1,0.58722,0.35298,0.5714,1.3012,0,1,0.553166
data,1,0.4311,0.20862,0.6164,0.34572,0.7929,0.5348,1.1888,0,0,5.95105
data,1,0.44517,0.1952,1,0.6861,0.49152,0.22352,0.8178,0,0,5.15933
data,1,0.4407,0.18782,1,0.67572,0.37206,0.5342,0.6,0,0,3.95247
data,1,0.41205,0.12276,0.9624,0.74904,0.51342,0.23928,0.8062,0,1,0.231653
data,1,0.19242,0.1547,0.95768,0.54648,0.65574,0.48264,0.7782,1,0,1.45487
data,1,0.1512,0.21354,0.59928,0.77778,0.35088,0.433,1.0044,1,1,0.382756
data,1,0.33006,0.24982,0.80248,0.6366,0.43098,0.27556,0.9308,0,0,2.28193
data,1,0.25029,0.13418,1,0.82878,0.72876,0.462,0.5475,1,1,0.0857728
data,1,0.3618,0.24106,0.67072,0.41886,0.6177,0.25448,0.927,0,0,2.49704
data,1,0.20478,0.22106,0.99808,0.53424,0.65226,0.4648,0.6882,0,1,0.440745
data,1,0.33015,0.14636,0.57376,0.76032,0.43068,0.3586,1.1631,0,0,3.60229
data,1,0.43335,0.15392,0.60368,0.33858,0.86112,0.26664,0.9084,0,1,1.63671
data,1,0.30186,0.15044,0.63248,0.78432,0.8691,0.26448,1.2132,1,0,0.915159
data,1,0.1548,0.28528,0.5544,0.43002,0.70878,0.49468,1.1528,1,1,1.43872
data,1,0.32073,0.1112,0.47856,0.58992,0.75174,0.4368,0.9812,1,1,0.83701
data,1,0.24357,0.14932,0.66024,0.7914,0.6969,0.51912,1.2474,0,1,1.51195
data,1,0.15339,0.11638,0.792,0.47118,0.85674,0.3296,0.6089,1,1,0.236632
data,1,0.25038,0.21192,1,0.31608,0.36078,0.52824,1.4106,1,1,1.01352
data,1,0.26769,0.26226,0.88696,0.83646,0.76608,0.2052,1.0028,0,1,0.298523
data,1,0.26844,0.11432,0.64448,0.54252,0.81318,0.58944,1.0177,0,0,3.35944
data,1,0.20358,0.27116,0.84128,0.38898,0.40758,0.48048,0.9286,1,1,1.37525
data,1,0.20943,0.20732,0.67856,0.76776,0.48444,0.42224,0.6603,0,0,3.25143
data,1,0.36861,0.18608,0.59624,0.40728,0.80652,0.563,0.905,1,0,1.9262
data,1,0.40611,0.25408,0.73768,0.81912,0.44004,0.56792,1.1415,0,1,1.21429
data,1,0.34095,0.1821,0.50984,0.81996,0.57786,0.22932,1.025,0,0,3.13925
data,1,0.29652,0.26028,1,0.8481,0.6024,0.23196,0.603,0,0,2.02965
data,1,0.37716,0.1439,0.93976,0.75618,0.57558,0.48844,0.9061,0,0,2.18088
data,1,0.38841,0.1351,0.64232,0.39468,0.41202,0.34736,1.4426,0,1,2.24772
data,1,0.38478,0.12314,0.78728,0.68856,0.8397,0.59404,1.0437,1,1,0.324416
data,1,0.228,0.12012,1,0.31548,0.30738,0.20488,1.01,1,0,1.06543
data,1,0.36939,0.18106,0.58472,0.56202,0.324,0.37672,1.0019,0,0,2.94494
data,1,0.30159,0.21586,0.41032,0.50658,0.41994,0.56256,0.7552,0,0,4.74172
data,1,0.27342,0.13688,0.71872,0.53388,0.83154,0.37148,1.3466,0,0,2.36923
data,1,0.37836,0.1036,0.786,0.68484,0.62676,0.4498,1.2479,1,0,1.3862
data,1,0.37542,0.23814,0.48488,0.4599,0.66582,0.47852,0.7295,0,1,1.86737
data,1,0.41487,0.11722,1,0.4668,0.32028,0.33688,1.0066,1,1,0.167666
data,1,0.39321,0.15026,0.596,0.64038,0.83058,0.545,1.4436,0,0,7.27213
data,1,0.31593,0.12556,0.78504,0.8883,0.89478,0.21264,1.0393,1,1,0.123605
data,1,0.18261,0.2797,1,0.79896,0.6765,0.36764,0.5416,1,1,0.279309
data,1,0.38913,0.29644,0.78648,0.63456,0.31116,0.39624,1.3704,1,0,2.96646
data,1,0.20874,0.1307,0.77408,0.31398,0.36594,0.4126,1.0531,1,1,0.797017
data,1,0.21588,0.19572,0.74736,0.50514,0.36276,0.29752,1.2731,1,1,0.465628
data,1,0.3888,0.28068,0.86488,0.81558,0.73074,0.26072,1.3405,1,0,3.11281
data,1,0.15825,0.2303,0.52192,0.34758,0.61062,0.23908,0.5066,0,0,0.997994
data,1,0.1968,0.12394,1,0.64764,0.6831,0.36484,0.6649,0,1,0.236415
data,1,0.41154,0.12164,0.48536,0.37224,0.699,0.35964,0.679,0,0,4.01586
data,1,0.26763,0.14048,0.97216,0.44856,0.41682,0.3714,0.7779,0,0,1.81447
data,1,0.41409,0.15612,0.64984,0.71898,0.33618,0.41988,0.8922,0,0,5.50887
data,1,0.36771,0.1761,1,0.84702,0.46518,0.38708,0.5924,0,0,1.75745
data,1,0.33681,0.16662,0.50088,0.31644,0.8844,0.43376,0.8516,0,1,2.78949
data,1,0.38643,0.25722,0.71584,0.71658,0.62262,0.52016,0.8481,1,1,1.02086
data,1,0.17775,0.2486,0.63584,0.34818,0.72606,0.46772,0.9078,0,0,3.56402
data,1,0.39705,0.23638,0.78464,0.51438,0.80784,0.29452,1.0232,0,0,3.37399
data,1,0.2196,0.10806,0.6068,0.50358,0.59898,0.47616,1.3095,1,0,2.16772
data,1,0.26304,0.18136,0.69552,0.50784,0.61584,0.32912,1.0988,0,0,1.81682
data,1,0.32619,0.20062,0.96352,0.63048,0.77502,0.41688,0.5044,1,1,0.317356
data,1,0.29904,0.26996,0.75584,0.30408,0.4371,0.50388,0.9511,1,0,3.409
data,1,0.29958,0.13068,0.49712,0.84828,0.36078,0.30312,0.8529,1,1,1.18008
data,1,0.39426,0.2779,0.62824,0.36636,0.78036,0.24404,1.043,1,1,0.790681
data,1,0.24672,0.12752,0.55576,0.54636,0.4647,0.30616,1.2276,1,1,0.773512
data,1,0.29763,0.16698,0.52024,0.84294,0.47304,0.54468,0.7075,0,0,2.34887
data,1,0.17037,0.21664,0.87736,0.48858,0.48762,0.59772,0.5169,1,1,0.638715
data,1,0.40431,0.16188,0.8492,0.82098,0.33348,0.5332,0.8545,1,1,0.700068
data,1,0.37917,0.21388,1,0.68322,0.6375,0.45212,1.2968,0,0,7.8164
data,1,0.23706,0.12964,0.79,0.44742,0.48894,0.57224,0.5808,0,1,0.449572
data,1,0.3951,0.28812,0.50608,0.41154,0.72162,0.23988,1.3405,0,1,2.92171
data,1,0.26211,0.23626,0.82096,0.81312,0.30162,0.52408,0.505,1,1,0.297159
data,1,0.43776,0.12094,1,0.8691,0.55632,0.27116,1.0331,1,1,0.0635498
data,1,0.2082,0.2624,0.45592,0.31632,0.46416,0.49236,1.3222,1,1,1.7853
data,1,0.28431,0.21674,1,0.49074,0.37434,0.33536,1.4129,0,0,3.24861
data,1,0.19107,0.29552,0.73312,0.41052,0.8268,0.31968,1.2375,1,0,1.50809
data,1,0.25329,0.20888,0.4028,0.76548,0.6822,0.54208,0.5616,0,0,3.21672
data,1,0.41631,0.23132,0.6132,0.56562,0.44634,0.34444,1.4274,0,0,7.28774
data,1,0.33606,0.16,0.50736,0.67512,0.49854,0.30348,0.6029,1,0,1.59603
data,1,0.30672,0.15096,0.64264,0.57354,0.7068,0.36432,1.0255,1,0,1.01038
data,1,0.38259,0.21244,0.91848,0.49152,0.8532,0.52584,0.5836,0,0,3.72173
data,1,0.24051,0.11272,0.43488,0.55308,0.5664,0.49432,0.5054,1,0,0.864476
data,1,0.36576,0.1503,0.79552,0.4419,0.75012,0.48832,0.6066,1,0,0.696613
data,1,0.44931,0.21404,1,0.49518,0.72402,0.46404,1.4501,0,0,9.62762
data,1,0.26769,0.29846,1,0.64284,0.76422,0.4,0.933,0,0,5.45624
data,1,0.36702,0.13022,0.68136,0.81198,0.4041,0.22344,0.844,0,0,3.82066
data,1,0.33657,0.27586,1,0.67236,0.52242,0.43172,0.8091,1,0,3.67917
data,1,0.41853,0.17244,1,0.4278,0.52422,0.2026,0.8414,1,1,0.140694
data,1,0.26499,0.17332,0.69592,0.48834,0.4965,0.4196,0.5349,1,0,1.81009
data,1,0.40452,0.20996,0.5,0.40692,0.69984,0.33988,1.2667,1,0,3.31488
data,1,0.21162,0.2036,0.65816,0.49992,0.84504,0.38456,1.207,1,1,0.594389
data,1,0.27684,0.16082,1,0.61848,0.87174,0.57088,0.535,0,1,0.290969
data,1,0.3825,0.20712,0.42232,0.83988,0.78672,0.40556,0.6702,1,1,0.290022
data,1,0.3225,0.1967,0.86392,0.55686,0.65784,0.35872,0.6177,1,0,1.55742
data,1,0.42081,0.27368,0.73432,0.63216,0.7242,0.524,0.6625,1,1,0.995238
data,1,0.30444,0.26982,0.81016,0.81612,0.87312,0.2328,0.7378,0,1,0.606564
data,1,0.24489,0.21506,1,0.70512,0.8973,0.51072,1.2581,1,1,0.259948
data,1,0.27714,0.22496,0.5964,0.55314,0.49932,0.23132,1.0707,0,0,2.65031
data,1,0.36294,0.13866,0.64104,0.75504,0.53268,0.26416,1.4763,0,0,5.61045
data,1,0.28983,0.21854,0.87936,0.5169,0.57678,0.2076,0.8676,1,1,0.441302
data,1,0.35964,0.11266,0.51776,0.55002,0.76638,0.20712,1.259,0,0,7.04326
data,1,0.37572,0.22612,0.83408,0.53856,0.41946,0.2246,0.5596,1,0,1.84549
data,1,0.20082,0.20718,0.67072,0.56088,0.50484,0.46784,0.8149,0,0,3.63242
data,1,0.29826,0.14008,0.9076,0.81336,0.7158,0.41556,1.3194,0,0,4.75723
data,1,0.36309,0.17114,0.70392,0.58074,0.50052,0.21116,0.6458,0,1,1.04723
data,1,0.41559,0.23018,0.60624,0.71316,0.31902,0.26784,1.1808,0,1,3.08292
data,1,0.17199,0.2893,0.93664,0.8757,0.56808,0.32928,0.7667,1,1,0.165419
data,1,0.28854,0.15594,0.88352,0.44646,0.759,0.49844,0.6339,1,1,0.316936
data,1,0.31332,0.23246,0.93408,0.59784,0.35142,0.59552,1.212,0,0,3.54279
data,1,0.43443,0.1706,0.9656,0.71586,0.61428,0.59092,1.4407,0,1,0.64861
data,1,0.28137,0.27542,0.91984,0.47832,0.74076,0.4144,0.5477,0,0,2.95628
data,1,0.35841,0.13412,1,0.47214,0.34776,0.31968,1.4983,1,1,0.130475
data,1,0.44514,0.2513,1,0.54396,0.70344,0.41444,1.0434,0,0,8.13848
data,1,0.40926,0.10056,1,0.57828,0.88344,0.2978,0.7724,1,0,0.962351
data,1,0.2307,0.26572,0.47288,0.89496,0.46806,0.45812,1.3479,1,0,2.62995
data,1,0.25518,0.22952,1,0.74226,0.4065,0.35108,1.4652,0,0,5.72814
data,1,0.32043,0.12888,0.81168,0.72414,0.68328,0.28964,1.0128,1,1,0.217632
data,1,0.16221,0.12216,0.7608,0.86466,0.44058,0.40196,0.7735,1,1,0.139556
data,1,0.40599,0.18312,0.52672,0.66906,0.47934,0.58464,0.7012,1,0,3.69927
data,1,0.28335,0.15306,0.5256,0.61044,0.8136,0.2596,0.7894,1,1,0.45462
data,1,0.35889,0.11336,0.41288,0.75708,0.83814,0.42352,1.1353,1,1,0.426743
data,1,0.18912,0.1418,0.78616,0.71592,0.74406,0.53436,0.663,0,0,2.80959
data,1,0.33762,0.22468,1,0.31932,0.30318,0.41124,0.9227,1,1,0.436226
data,1,0.2397,0.11492,0.72072,0.3183,0.62724,0.4082,1.4874,1,0,0.90103
data,1,0.3348,0.24234,1,0.88068,0.4611,0.33544,1.1282,0,0,6.44453
data,1,0.17379,0.14598,0.83816,0.4707,0.4248,0.49108,1.4257,0,0,4.16608
data,1,0.2046,0.29076,0.48736,0.66102,0.8604,0.53204,0.6738,1,0,2.56059
data,1,0.40128,0.22486,0.72976,0.3837,0.55236,0.36728,1.0475,0,0,6.14929
data,1,0.1647,0.2439,0.64648,0.3528,0.62946,0.33416,1.3847,0,1,1.05964
data,1,0.23814,0.1341,1,0.81426,0.70614,0.22644,0.7393,1,1,0.0322501
data,1,0.25509,0.28768,0.49984,0.61668,0.31632,0.23,0.7314,1,1,0.941187
data,1,0.41034,0.19838,0.60352,0.41052,0.82896,0.353,1.1724,1,0,2.04403
data,1,0.26253,0.23276,0.40848,0.73458,0.46476,0.4276,1.3873,0,0,6.81646
data,1,0.3993,0.21568,0.70008,0.33804,0.80928,0.41472,0.5567,1,1,0.904102
data,1,0.24084,0.25462,0.74912,0.51216,0.72114,0.22452,1.4562,0,0,3.83691
data,1,0.29193,0.16818,0.99944,0.73788,0.77688,0.51864,0.7024,1,1,0.268763
data,1,0.2754,0.26086,0.76024,0.73044,0.62808,0.21456,1.3787,1,1,0.269492
data,1,0.26931,0.29206,0.68168,0.86292,0.48168,0.32744,0.8722,1,1,0.611534
data,1,0.43503,0.27814,0.40736,0.81084,0.89508,0.25644,1.4965,0,0,6.59432
data,1,0.41877,0.21978,0.94288,0.69216,0.67176,0.49428,1.3852,0,0,6.05861
data,1,0.2832,0.22036,0.79512,0.88866,0.8481,0.2238,1.1595,1,1,0.173284
data,1,0.19347,0.26288,0.80184,0.80556,0.80448,0.59496,0.849,0,1,0.864252
data,1,0.33627,0.24236,0.6112,0.8736,0.67818,0.4326,0.6348,1,0,1.1787
data,1,0.3429,0.1083,1,0.89274,0.38286,0.29496,0.5194,0,1,0.0247107
data,1,0.23157,0.2543,0.51152,0.86358,0.33186,0.2072,1.2946,0,0,2.76204
data,1,0.28242,0.18938,0.4164,0.78672,0.32766,0.33604,1.0932,0,0,3.81169
data,1,0.44217,0.2294,1,0.81126,0.39564,0.29904,0.8115,1,1,0.0868779
data,1,0.20043,0.24434,0.63696,0.3948,0.38502,0.26572,1.0298,0,0,3.44262
data,1,0.22941,0.27058,0.63216,0.86598,0.7395,0.34068,1.2675,0,0,4.93557
data,1,0.31833,0.17822,0.73728,0.42876,0.84414,0.40836,1.0929,0,0,4.3734
data,1,0.16467,0.16134,0.8532,0.39228,0.56076,0.5768,0.6256,1,1,0.83819
data,1,0.31296,0.19948,0.75648,0.58236,0.54006,0.25132,1.1297,1,1,0.352567
data,1,0.42369,0.20298,1,0.66576,0.50994,0.47324,0.9223,1,1,0.16811
data,1,0.27903,0.2569,0.59864,0.69942,0.51324,0.55136,0.571,0,0,3.06177
data,1,0.31242,0.1328,0.76088,0.56862,0.38904,0.50916,0.7954,0,0,1.87836
data,1,0.21582,0.28398,1,0.59466,0.88056,0.42596,1.2239,0,0,3.90652
data,1,0.27594,0.12454,0.93224,0.40068,0.33456,0.3266,1.1914,0,1,0.246611
data,1,0.24357,0.26724,0.91176,0.564,0.58698,0.311,1.0314,0,0,3.89294
data,1,0.3417,0.19216,0.79856,0.5418,0.3756,0.47904,0.7618,1,0,3.30812
data,1,0.34821,0.1712,0.85888,0.60588,0.8826,0.26412,1.1545,1,1,0.161748
data,1,0.30741,0.14982,1,0.7581,0.80094,0.59336,1.2006,1,1,0.192721
data,1,0.39384,0.19266,0.96184,0.75408,0.33684,0.59492,0.9613,0,0,5.66212
data,1,0.32583,0.16242,1,0.34008,0.82764,0.34776,1.327,0,0,2.7161
data,1,0.40707,0.24072,0.42712,0.52044,0.41556,0.33952,0.9318,1,0,3.45525
data,1,0.24054,0.14332,0.73944,0.54594,0.46254,0.20196,1.4164,0,0,2.10439
data,1,0.42675,0.13924,1,0.55776,0.46176,0.52808,0.5501,1,0,1.98785
data,1,0.40227,0.11294,0.98952,0.49956,0.58368,0.40116,0.7938,1,1,0.135327
data,1,0.21126,0.10968,1,0.3597,0.43848,0.26012,1.4831,0,0,3.53062
data,1,0.2964,0.2127,0.53696,0.88944,0.32784,0.44704,0.6139,0,0,3.59328
data,1,0.18354,0.10604,1,0.72306,0.67038,0.35144,0.6852,0,1,0.121918
data,1,0.32757,0.23874,1,0.49236,0.34536,0.52408,1.0515,0,0,2.55017
data,1,0.31461,0.1261,0.41976,0.75336,0.86316,0.58216,1.3303,1,1,0.297189
data,1,0.4386,0.19522,0.8388,0.64272,0.30732,0.3036,0.5282,1,0,3.03133
data,1,0.28536,0.13854,0.79936,0.83226,0.79704,0.4094,1.4605,0,0,6.02512
data,1,0.21972,0.29856,0.58984,0.7479,0.52368,0.31568,0.6181,0,0,2.92703
data,1,0.17637,0.2584,1,0.4242,0.39486,0.33872,1.1313,1,1,0.751269
data,1,0.33636,0.17392,0.68368,0.87792,0.5571,0.3372,1.0733,1,0,2.27609
data,1,0.18186,0.29106,1,0.4221,0.54732,0.36552,1.2946,0,0,2.68366
data,1,0.29304,0.28348,0.51576,0.53676,0.60786,0.43044,0.744,1,1,0.590391
data,1,0.43218,0.10228,0.43456,0.89448,0.30696,0.49652,1.3209,0,0,6.2594
data,1,0.23067,0.20498,0.98848,0.65952,0.81252,0.43468,1.4836,0,1,0.376971
data,1,0.2205,0.12102,0.52224,0.47556,0.89526,0.43668,0.6222,0,1,0.477498
data,1,0.23874,0.1809,0.56296,0.86868,0.8049,0.23648,1.2493,0,0,5.10192
data,1,0.42003,0.2198,0.49192,0.47274,0.80784,0.25344,1.0783,0,1,3.62326
data,1,0.28065,0.11212,0.84112,0.70818,0.47136,0.20664,1.264,0,0,3.6782
data,1,0.27684,0.2657,1,0.78954,0.61224,0.44604,1.2885,0,0,4.38962
data,1,0.26361,0.1854,0.55312,0.81576,0.72372,0.3462,0.6485,0,1,0.671267
data,1,0.26856,0.17186,0.84544,0.6258,0.7578,0.47308,0.8791,1,1,0.577579
data,1,0.22365,0.18172,1,0.6816,0.88746,0.55548,0.717,1,1,0.379958
data,1,0.32136,0.23404,0.40224,0.6771,0.35538,0.4002,0.5916,1,1,1.08945
data,1,0.33528,0.2573,0.56808,0.48936,0.87552,0.27136,1.4127,0,0,5.1445
data,1,0.37188,0.20154,0.69432,0.77814,0.38142,0.36404,0.7958,0,0,5.13859
data,1,0.15843,0.20448,1,0.39384,0.58644,0.3334,0.9887,1,1,0.59048
data,1,0.25185,0.19364,0.91984,0.312,0.84054,0.55092,1.3395,1,0,1.76089
data,1,0.15864,0.19546,0.5512,0.68244,0.78534,0.4546,0.8068,0,0,2.38835
data,1,0.33606,0.1326,0.4532,0.76554,0.52152,0.38724,1.3072,0,0,6.40244
data,1,0.28281,0.27312,0.59824,0.38334,0.61548,0.33152,0.6145,0,1,1.13141
data,1,0.1818,0.28212,0.49456,0.4731,0.8841,0.21708,0.9818,0,0,2.11781
data,1,0.32886,0.2193,0.55512,0.68544,0.5256,0.44736,1.0488,0,0,6.05025
data,1,0.39432,0.12568,0.50488,0.31218,0.41208,0.46472,0.5088,0,0,3.4931
data,1,0.41703,0.27978,0.76,0.87708,0.56856,0.28904,0.549,0,0,3.03962
data,1,0.38943,0.11188,0.75952,0.83136,0.3684,0.36244,1.0743,0,1,1.23317
data,1,0.15966,0.21288,1,0.43842,0.53388,0.27864,0.8916,1,1,0.343038
data,1,0.15072,0.12818,1,0.70698,0.77934,0.40988,1.1216,0,0,1.35832
data,1,0.20961,0.15126,1,0.7116,0.68028,0.5756,0.7807,1,1,0.369212
data,1,0.43029,0.17068,1,0.52278,0.68592,0.52956,0.9141,0,0,3.47355
data,1,0.16017,0.2368,0.53056,0.744,0.4527,0.27148,1.1955,0,0,1.69268
data,1,0.24837,0.12678,0.6728,0.7119,0.7983,0.36932,1.2127,1,1,0.40348
data,1,0.37692,0.17988,1,0.36516,0.42738,0.5658,0.9455,1,1,0.713182
data,1,0.19899,0.12968,0.44264,0.89388,0.56604,0.25548,0.8474,0,0,1.03016
data,1,0.34593,0.28066,0.5204,0.7638,0.36378,0.35092,1.2705,0,0,2.78788
data,1,0.37455,0.19202,0.68256,0.85794,0.48414,0.43988,0.8913,0,0,4.1391
data,1,0.17733,0.2914,1,0.77532,0.6378,0.22824,1.125,0,0,3.01517
data,1,0.25413,0.24446,1,0.65946,0.73554,0.35896,0.8788,0,0,1.8416
data,1,0.17739,0.20776,0.46144,0.75516,0.6261,0.24796,1.1035,0,1,0.663718
data,1,0.17943,0.25558,1,0.3207,0.70872,0.2808,1.2971,0,0,3.86235
data,1,0.25065,0.25674,0.72784,0.62658,0.38724,0.47424,1.3495,0,0,2.54937
data,1,0.22986,0.12292,0.44144,0.41988,0.37728,0.57288,0.5153,0,0,2.78557
data,1,0.28812,0.28438,0.80312,0.7791,0.48786,0.50572,0.7126,0,0,2.63768
data,1,0.22161,0.2018,0.76616,0.75516,0.48378,0.4506,0.7663,0,1,0.689835
data,1,0.44703,0.19714,1,0.34998,0.89982,0.28484,0.7041,0,0,2.17166
data,1,0.17718,0.18734,0.94416,0.87588,0.59112,0.24792,0.6193,0,0,0.785081
data,1,0.22425,0.1471,0.44408,0.65988,0.47166,0.46088,0.5364,0,0,2.33223
data,1,0.29325,0.23094,1,0.45858,0.4251,0.42812,1.0747,0,0,2.42495
data,1,0.41682,0.1748,1,0.79656,0.63966,0.44936,1.3039,0,1,0.147366
data,1,0.3705,0.1785,0.64472,0.4926,0.5163,0.43152,1.2263,1,1,1.70904
data,1,0.22065,0.16828,1,0.54954,0.35112,0.30044,1.495,1,1,0.215605
data,1,0.26061,0.15436,0.7872,0.82632,0.56586,0.59576,1.2362,1,1,0.239424
data,1,0.36765,0.19042,0.46352,0.59412,0.41004,0.30284,1.0368,1,0,2.21602
data,1,0.26859,0.18136,1,0.8367,0.48042,0.25212,0.5484,0,0,1.62831
data,1,0.30861,0.14034,1,0.41538,0.855,0.55716,1.1177,0,0,2.31703
data,1,0.36738,0.13912,1,0.60702,0.73008,0.30252,0.9444,0,0,2.58595
data,1,0.30066,0.29794,1,0.4335,0.86154,0.2054,1.1306,1,0,0.793027
data,1,0.35472,0.21808,1,0.36474,0.35394,0.35728,0.7764,1,1,0.467001
data,1,0.43905,0.17098,0.98584,0.44058,0.78528,0.263,0.8516,0,0,4.52414
data,1,0.2298,0.11006,0.6232,0.39456,0.36366,0.289,1.3897,1,0,2.34601
data,1,0.35106,0.20614,0.6304,0.85854,0.39372,0.5374,0.6944,0,0,2.81163
data,1,0.29937,0.16536,1,0.7446,0.62802,0.3402,0.7804,1,1,0.0775278
data,1,0.15177,0.24848,1,0.76314,0.8046,0.31688,1.2264,0,1,0.112049
data,1,0.24075,0.24814,0.59736,0.8265,0.89616,0.37232,0.8515,0,0,3.47971
data,1,0.28494,0.10176,0.4916,0.3576,0.47226,0.51852,1.1945,0,0,3.8998
data,1,0.18078,0.13834,1,0.42864,0.42414,0.43364,1.3778,0,0,4.5909
data,1,0.20334,0.29752,0.7396,0.8199,0.69306,0.33272,0.7345,0,0,1.86134
data,1,0.28647,0.25378,0.5456,0.37812,0.5856,0.41172,0.5719,1,1,1.13345
data,1,0.31536,0.2502,0.69448,0.60132,0.37332,0.26412,1.4613,0,0,7.06387
data,1,0.37647,0.20762,1,0.3915,0.57066,0.53936,0.6434,0,0,3.25512
data,1,0.37608,0.18584,0.46504,0.79032,0.39834,0.43548,0.7509,0,0,2.94913
data,1,0.4215,0.2915,0.57152,0.72156,0.32922,0.57628,1.048,0,0,4.07901
data,1,0.32028,0.13988,1,0.48984,0.88452,0.41876,0.8295,0,0,1.78434
data,1,0.24726,0.2006,0.744,0.5049,0.59724,0.56316,0.6363,0,1,0.639015
data,1,0.15144,0.17254,1,0.86046,0.78654,0.3318,0.5205,1,0,0.590819
data,1,0.2463,0.28152,0.72144,0.75618,0.33612,0.52308,0.627,1,1,0.571079
data,1,0.44571,0.21816,1,0.69306,0.48786,0.4598,1.2162,0,1,0.292435
data,1,0.33477,0.17066,0.64192,0.44604,0.38862,0.47344,1.2897,1,0,2.71604
data,1,0.42927,0.27706,0.62992,0.3537,0.68184,0.37604,1.1039,0,0,6.0274
data,1,0.1602,0.20584,0.8884,0.79068,0.47082,0.23752,0.8912,1,0,1.66653
data,1,0.41661,0.19424,0.53712,0.5223,0.79032,0.49812,1.0045,1,1,1.22275
data,1,0.34644,0.22016,0.49912,0.3588,0.55032,0.47184,0.9489,1,1,1.81314
data,1,0.31206,0.11044,1,0.34518,0.7584,0.38172,1.4883,1,1,0.379463
data,1,0.39765,0.16524,0.50552,0.59904,0.42456,0.47248,0.6101,0,0,2.1338
data,1,0.16803,0.2394,0.46528,0.52854,0.6651,0.39548,0.9442,1,1,0.846264
data,1,0.2829,0.25902,0.84632,0.42276,0.65736,0.28172,0.7806,0,0,1.64676
data,1,0.21297,0.1621,1,0.81426,0.3987,0.36036,0.7237,0,0,1.57875
data,1,0.41358,0.22882,1,0.66864,0.67836,0.33952,0.9787,1,1,0.307269
data,1,0.26265,0.2557,0.71872,0.58824,0.4881,0.24296,0.5303,0,0,3.004
data,1,0.18591,0.21744,1,0.46302,0.3753,0.51508,1.4632,0,1,0.495383
data,1,0.43869,0.105,0.50176,0.62442,0.3318,0.33084,0.9738,1,1,1.61326
data,1,0.44394,0.10726,0.71456,0.80022,0.5808,0.40488,0.8007,1,1,0.538517
data,1,0.37071,0.19004,1,0.53604,0.82644,0.33048,1.4902,1,1,0.16137
data,1,0.22638,0.17192,0.61888,0.89784,0.83742,0.35852,0.7655,1,1,0.180668
data,1,0.16116,0.16704,0.90912,0.60792,0.52386,0.4378,0.9715,0,0,2.65093
data,1,0.35325,0.26002,0.42296,0.7872,0.72438,0.41352,0.5901,1,1,0.57222
data,1,0.24651,0.1654,1,0.32928,0.63984,0.584,0.9308,0,1,0.572331
data,1,0.40539,0.25308,0.45792,0.53346,0.85248,0.41652,0.7867,1,0,0.81993
data,1,0.44652,0.15022,0.66384,0.38214,0.45378,0.43428,0.5623,0,1,1.11341
data,1,0.38856,0.11526,1,0.66414,0.47262,0.30964,0.8554,0,0,4.39136
data,1,0.35673,0.24464,0.69856,0.6669,0.7857,0.22568,1.1944,1,1,0.300419
data,1,0.42657,0.283,1,0.52548,0.5556,0.47728,1.1319,1,0,4.47472
data,1,0.25953,0.13698,1,0.67518,0.71334,0.20812,0.8428,1,1,0.0955082
data,1,0.4323,0.29504,0.50408,0.69018,0.4284,0.33484,1.429,1,0,3.46518
data,1,0.2751,0.10462,0.83968,0.76842,0.7827,0.47896,0.9935,0,1,0.31679
data,1,0.2997,0.24914,0.48056,0.8883,0.30744,0.30288,0.7194,1,1,0.908839
data,1,0.1782,0.11084,0.84936,0.33342,0.7572,0.5056,0.6205,0,1,0.315648
data,1,0.42066,0.16906,1,0.41748,0.71226,0.2562,0.6061,1,0,1.42683
data,1,0.25482,0.29272,1,0.57816,0.38988,0.46276,0.8953,0,0,4.5279
data,1,0.30396,0.16646,1,0.3954,0.71424,0.35412,1.2481,0,1,0.514916
data,1,0.30684,0.1534,0.55536,0.71718,0.53568,0.38804,0.9807,1,1,0.416204
data,1,0.37188,0.24562,0.88472,0.41418,0.4518,0.3018,0.9545,1,1,0.637307
data,1,0.18888,0.12672,0.56544,0.45222,0.87588,0.2896,0.7843,0,1,0.70995
data,1,0.16836,0.18962,0.64288,0.69936,0.4029,0.38804,0.8399,0,0,1.22026
data,1,0.35955,0.1105,0.93264,0.52944,0.65346,0.4982,0.7011,0,0,2.34864
data,1,0.20628,0.26624,1,0.47574,0.7416,0.35944,1.0874,1,0,2.01201
data,1,0.19914,0.11792,1,0.8295,0.8637,0.3726,1.1173,1,1,0.102023
data,1,0.28524,0.1784,0.99336,0.47634,0.36042,0.53236,1.4982,1,1,0.325786
data,1,0.31737,0.13274,0.76224,0.64284,0.4704,0.21324,0.9115,0,0,3.97843
data,1,0.42426,0.2485,1,0.5424,0.70284,0.3088,0.7931,0,0,4.80324
data,1,0.43698,0.29634,0.4508,0.42018,0.6351,0.41728,1.4509,1,0,2.05585
data,1,0.22104,0.16918,0.47176,0.7941,0.5535,0.36528,0.8658,0,0,2.9191
data,1,0.29148,0.23148,0.82872,0.5997,0.78162,0.328,1.2967,1,1,0.647782
data,1,0.34851,0.18054,0.83208,0.69126,0.51102,0.47448,0.984,0,0,6.41995
data,1,0.36162,0.2653,0.74968,0.64596,0.71898,0.35872,1.1242,0,0,2.60634
data,1,0.4428,0.2184,0.77008,0.61854,0.37992,0.37452,0.8972,0,0,6.22223
data,1,0.35379,0.13564,1,0.3027,0.5091,0.25056,0.7875,0,0,3.82805
data,1,0.22923,0.2395,0.9,0.88446,0.3474,0.36368,0.5698,1,1,0.135653
data,1,0.27159,0.1842,0.80912,0.65106,0.50478,0.4234,0.6328,0,1,0.356333
data,1,0.42528,0.24646,0.63064,0.39084,0.3258,0.30024,0.6347,0,0,3.49425
data,1,0.1881,0.22626,0.5388,0.87432,0.55536,0.26796,0.6596,0,0,1.75557
data,1,0.39234,0.1987,0.70288,0.5607,0.7044,0.5388,1.0485,0,0,4.6223
data,1,0.39588,0.26052,0.72432,0.81828,0.7722,0.43628,1.0661,1,1,0.636691
data,1,0.17274,0.12826,0.65472,0.83424,0.57744,0.58732,0.8131,0,0,1.46928
data,1,0.43815,0.13764,0.43864,0.75978,0.45168,0.24652,1.4222,0,0,7.74092
data,1,0.21981,0.10748,0.70496,0.32622,0.78342,0.2096,1.1229,0,1,0.803898
data,1,0.42321,0.17208,1,0.32178,0.82212,0.42536,1.2958,1,1,0.575064
data,1,0.30492,0.28858,0.65336,0.30522,0.82326,0.40092,1.3143,1,1,1.05063
data,1,0.20478,0.18212,0.41008,0.82818,0.64974,0.59896,0.6245,0,1,1.09188
data,1,0.43488,0.292,0.4464,0.56814,0.3093,0.27616,1.052,0,1,3.71583
data,1,0.2064,0.25494,0.47336,0.72336,0.79782,0.36264,1.1668,1,1,0.48058
data,1,0.3831,0.27106,1,0.30948,0.51978,0.3382,0.7462,1,1,0.678911
data,1,0.18285,0.13706,0.74664,0.54456,0.813,0.25708,1.1499,1,1,0.215747
data,1,0.20454,0.28994,0.89312,0.7947,0.6327,0.4834,1.1709,1,1,0.313235
data,1,0.25824,0.1805,0.52256,0.32898,0.6249,0.5806,0.995,0,0,5.21314
data,1,0.24993,0.24082,0.98208,0.43416,0.34044,0.47628,0.8115,1,0,3.52751
data,1,0.1764,0.24156,0.92328,0.68574,0.73818,0.39704,0.9448,1,1,0.206822
data,1,0.35601,0.20232,0.70872,0.40896,0.444,0.3184,0.8411,1,1,1.29291
data,1,0.40551,0.18962,0.46696,0.83082,0.6963,0.53836,0.6915,1,0,2.20518
data,1,0.33843,0.10602,1,0.69894,0.89604,0.42744,1.1767,1,1,0.0866479
data,1,0.39564,0.28328,1,0.75234,0.71454,0.36408,1.357,1,1,0.1553
data,1,0.33513,0.273,0.78512,0.76584,0.3873,0.58164,1.1304,0,0,7.58956
data,1,0.21945,0.25658,0.61112,0.32934,0.65622,0.40092,0.6393,0,0,2.20159
data,1,0.25431,0.1322,1,0.57822,0.67098,0.4176,0.5,1,0,0.852622
data,1,0.24051,0.12598,0.83664,0.36564,0.31326,0.33336,0.5271,0,0,1.40231
data,1,0.42792,0.1691,1,0.3495,0.72732,0.29776,1.1945,1,1,0.459564
data,1,0.28452,0.24298,0.5192,0.33618,0.61776,0.56468,0.8346,0,1,1.38934
data,1,0.23601,0.15454,1,0.81474,0.78744,0.27076,0.8308,0,1,0.103433
data,1,0.20601,0.23366,0.41424,0.74604,0.3567,0.48304,1.0485,0,1,1.11069
data,1,0.15099,0.20834,0.91432,0.74094,0.82704,0.32652,0.9029,0,1,0.284803
data,1,0.35229,0.17084,0.43376,0.57258,0.87126,0.55636,0.7475,0,0,4.07735
data,1,0.16875,0.28812,0.866,0.77346,0.696,0.37836,1.1126,0,0,2.52635
data,1,0.27015,0.10038,1,0.84756,0.81276,0.24064,1.4171,0,0,4.58021
data,1,0.32928,0.29222,0.64392,0.64176,0.46236,0.4036,0.7887,1,1,1.19367
data,1,0.16062,0.28082,1,0.75246,0.64512,0.39532,1.2871,0,0,2.76377
data,1,0.27159,0.26604,0.51744,0.45624,0.72168,0.54168,0.5204,0,0,1.61761
data,1,0.15204,0.22084,0.53768,0.71178,0.47634,0.21956,0.895,1,1,0.603189
data,1,0.21984,0.1744,0.41048,0.45654,0.89232,0.40304,0.7447,1,0,0.483818
data,1,0.32703,0.15124,1,0.30066,0.67992,0.2236,1.1019,1,0,2.07764
data,1,0.37782,0.21704,1,0.4098,0.76848,0.40896,1.4061,0,1,0.359057
data,1,0.23283,0.20822,1,0.55848,0.83538,0.51484,1.0019,1,1,0.29596
data,1,0.44031,0.18676,0.56512,0.4428,0.51006,0.26372,1.4564,0,0,5.81072
data,1,0.24081,0.10422,0.98248,0.49356,0.438,0.52592,1.0372,1,0,2.19559
data,1,0.42153,0.13312,0.51512,0.56802,0.38982,0.28684,0.6951,0,1,1.05891
data,1,0.39153,0.29956,0.7112,0.45366,0.56166,0.26172,1.1244,0,0,3.79798
data,1,0.21105,0.19408,0.58072,0.75492,0.37188,0.34696,1.1151,1,1,0.790082
data,1,0.32592,0.2209,0.50768,0.38376,0.34398,0.512,0.8085,1,1,0.803889
data,1,0.42531,0.10204,0.79,0.41874,0.40656,0.3576,0.6403,1,1,0.603152
data,1,0.31749,0.12418,0.52176,0.78024,0.61062,0.40432,1.1426,1,1,1.02061
data,1,0.36678,0.17856,1,0.7806,0.33546,0.42612,0.8884,1,1,0.223679
data,1,0.24726,0.23126,0.59872,0.67584,0.44316,0.23368,1.4251,1,1,0.822399
data,1,0.33717,0.19512,0.70952,0.66084,0.39894,0.3162,1.049,0,1,1.13043
data,1,0.33717,0.20936,0.4608,0.453,0.32466,0.51808,1.0843,0,0,3.35444
data,1,0.27783,0.16382,1,0.69486,0.7581,0.40064,0.8839,0,0,2.35086
data,1,0.21555,0.28342,0.71784,0.5367,0.51222,0.51136,0.8566,1,0,1.18061
data,1,0.29331,0.19388,0.5808,0.60786,0.43098,0.384,0.782,1,0,1.07074
data,1,0.30213,0.21312,0.61832,0.32508,0.41556,0.26456,0.6602,1,1,1.15304
data,1,0.2721,0.10072,0.53032,0.84372,0.6612,0.4962,1.3901,0,1,2.05978
data,1,0.3,0.23332,0.58896,0.77358,0.85404,0.49608,0.86,0,1,1.62608
data,1,0.44523,0.1976,0.78488,0.85284,0.84438,0.5316,0.5692,1,1,0.194602
data,1,0.16407,0.28228,0.62768,0.33462,0.47592,0.37336,1.0202,0,0,2.54227
data,1,0.19584,0.21976,0.89512,0.39768,0.85236,0.41892,0.878,1,0,1.21676
data,1,0.28242,0.24266,1,0.42258,0.83736,0.5106,1.0792,0,0,4.77646
data,1,0.20814,0.18808,1,0.6294,0.64476,0.26344,0.8871,1,1,0.264217
data,1,0.4047,0.13954,1,0.63132,0.62532,0.55212,1.1906,1,1,0.340594
data,1,0.44556,0.149,0.5208,0.38322,0.82734,0.31732,1.1129,0,1,3.64581
data,1,0.19023,0.11418,0.90056,0.61488,0.59424,0.46004,0.9544,1,1,0.398251
data,1,0.43536,0.24324,0.71352,0.85152,0.65214,0.50296,1.1601,1,0,3.87648
data,1,0.42267,0.26028,0.99232,0.3285,0.86808,0.40336,1.2467,1,0,1.07597
data,1,0.36675,0.21698,0.632,0.67326,0.64422,0.57344,0.6775,1,0,2.46964
data,1,0.38571,0.18036,0.93616,0.69606,0.62946,0.28144,1.4924,1,1,0.344444
data,1,0.26283,0.1288,1,0.42192,0.76242,0.24096,0.618,1,0,0.795123
data,1,0.1695,0.13046,0.7916,0.64194,0.46176,0.24084,0.9375,1,1,0.311535
data,1,0.25734,0.24536,0.7104,0.70314,0.66726,0.48516,1.3288,0,1,1.25647
data,1,0.38133,0.10146,0.91432,0.45594,0.4284,0.25932,1.0222,0,0,5.3661
data,1,0.19707,0.27628,0.92576,0.52272,0.52122,0.47456,0.5289,1,1,0.608599
data,1,0.20607,0.12442,0.86696,0.8928,0.3657,0.57304,0.8687,0,0,1.95342
data,1,0.25776,0.17512,0.86968,0.69684,0.32454,0.45328,1.2519,0,0,5.69127
data,1,0.37017,0.18616,0.4792,0.63546,0.41124,0.36528,0.5478,1,1,1.24249
data,1,0.15192,0.11316,0.99144,0.7512,0.5574,0.32316,1.3964,1,1,0.0986739
data,1,0.43293,0.21174,0.52312,0.47202,0.49008,0.49572,1.0704,0,1,2.71959
data,1,0.16629,0.23264,1,0.74598,0.51336,0.44668,1.3566,0,0,4.39889
data,1,0.22422,0.11842,1,0.59124,0.46194,0.53804,1.1036,1,1,0.384175
data,1,0.19647,0.24132,0.9456,0.88794,0.8313,0.56728,0.9063,0,0,4.31365
data,1,0.28209,0.28874,1,0.35256,0.48726,0.57588,1.1694,0,0,3.74895
data,1,0.23181,0.23178,1,0.30234,0.60444,0.4848,0.6814,1,1,1.13969
data,1,0.32814,0.27284,0.47704,0.77826,0.45258,0.27728,1.2111,0,0,6.00838
data,1,0.25317,0.296,0.9824,0.36588,0.38742,0.4622,0.7092,0,1,1.16853
data,1,0.37242,0.24458,0.51976,0.3342,0.52476,0.52832,1.1033,1,0,1.97224
data,1,0.17703,0.10558,0.88416,0.53364,0.38868,0.49148,1.0073,1,1,0.416778
data,1,0.36966,0.28634,0.54528,0.62016,0.34134,0.2152,0.6967,1,1,1.39421
data,1,0.39759,0.19824,1,0.47196,0.58278,0.36432,1.2371,0,0,7.85371
data,1,0.16287,0.26138,0.72768,0.45012,0.57102,0.50068,1.4907,1,1,0.928301
data,1,0.24192,0.1466,0.5716,0.39006,0.33936,0.2318,1.1212,1,1,1.38849
data,1,0.27882,0.23396,0.92784,0.79614,0.3276,0.32048,0.6311,0,0,3.16916
data,1,0.30333,0.19004,0.8248,0.87294,0.54702,0.31884,0.7312,0,0,2.59712
data,1,0.27303,0.28136,1,0.79914,0.54216,0.37668,0.7102,0,0,4.39997
data,1,0.39432,0.28516,1,0.61848,0.73896,0.49824,1.1479,0,1,0.701963
data,1,0.30561,0.14904,0.79464,0.31566,0.88644,0.22484,1.1018,0,1,0.815381
data,1,0.25161,0.28076,0.75504,0.76818,0.5097,0.4172,0.5819,1,1,0.416873
data,1,0.26253,0.2931,0.97176,0.40812,0.35994,0.58028,1.3257,0,0,3.13357
data,1,0.43551,0.2353,1,0.87312,0.71796,0.48696,1.3571,0,0,4.02411
data,1,0.16911,0.2431,0.76584,0.74598,0.88098,0.2918,1.0795,0,0,2.6794
data,1,0.16485,0.21376,0.85968,0.36264,0.39528,0.378,0.5199,1,0,1.80853
data,1,0.27969,0.29852,0.9384,0.60552,0.38118,0.39308,0.5639,0,1,0.787032
data,1,0.372,0.27012,0.47704,0.5862,0.52584,0.20024,1.4012,1,1,1.51816
data,1,0.3342,0.27686,1,0.36054,0.62322,0.26832,1.3835,1,1,0.624197
data,1,0.33147,0.15752,0.41552,0.86346,0.67362,0.2736,1.2111,1,1,1.12152
data,1,0.42504,0.13086,0.73368,0.7011,0.73806,0.35928,0.5232,1,0,0.558751
data,1,0.2133,0.1258,0.78688,0.78216,0.83676,0.53108,1.0765,1,0,1.10477
data,1,0.31596,0.12058,0.58816,0.52494,0.60066,0.42024,1.2477,1,1,0.753585
data,1,0.43908,0.2972,0.6768,0.69654,0.4587,0.57624,0.6289,0,0,4.35227
data,1,0.2631,0.13748,0.48904,0.45312,0.40326,0.44136,0.6419,0,1,0.706107
data,1,0.39207,0.1627,0.61352,0.69264,0.38874,0.56148,1.2994,0,0,6.61911
data,1,0.36447,0.10504,0.67304,0.384,0.69612,0.57672,1.2782,0,0,4.33474
data,1,0.22905,0.10964,0.47352,0.65706,0.38814,0.29684,1.4209,0,0,4.61788
data,1,0.28326,0.20086,0.8728,0.80424,0.34512,0.57896,1.1875,0,0,6.15936
data,1,0.40641,0.2289,0.48456,0.82644,0.56862,0.20944,0.6503,1,1,0.99682
data,1,0.24711,0.12132,0.50848,0.56508,0.3984,0.5482,1.4819,0,1,1.33351
data,1,0.26973,0.1903,0.9832,0.52356,0.64464,0.58596,1.1619,0,0,4.4781
data,1,0.44403,0.15932,1,0.76464,0.88512,0.33648,1.1558,0,0,3.53524
data,1,0.21186,0.2479,1,0.55296,0.61134,0.41984,0.671,0,1,0.513474
data,1,0.20787,0.1106,0.52224,0.3402,0.50622,0.51172,0.9445,0,1,0.726397
data,1,0.17529,0.16854,0.87096,0.6693,0.6708,0.28872,1.2947,1,1,0.297163
data,1,0.15588,0.2625,0.68344,0.64092,0.8841,0.489,0.71,0,1,1.14325
data,1,0.43878,0.17,1,0.31074,0.39852,0.335,1.1696,1,0,3.77328
data,1,0.20382,0.15886,0.49624,0.71292,0.73338,0.41228,0.5624,1,1,0.344171
data,1,0.19794,0.2513,0.69816,0.76608,0.32514,0.48752,1.262,1,1,1.08083
data,1,0.3792,0.15148,1,0.61476,0.51546,0.54008,0.7043,0,0,2.15155
data,1,0.21768,0.2158,1,0.73458,0.41856,0.5502,0.9971,0,0,2.81889
data,1,0.18765,0.22998,0.74424,0.30042,0.8373,0.3846,1.1581,0,0,2.42076
data,1,0.39522,0.26682,0.7756,0.40122,0.51318,0.39608,1.0851,0,0,2.71116
data,1,0.31248,0.13474,0.47696,0.43344,0.40788,0.407,1.1021,0,0,4.52719
data,1,0.3492,0.12004,0.8928,0.86484,0.89928,0.45088,0.8932,0,0,2.82465
data,1,0.34812,0.1895,0.6204,0.35502,0.3891,0.23324,1.3384,0,0,5.68736
data,1,0.31068,0.14642,0.97056,0.76614,0.81612,0.37584,1.0286,1,0,0.667164
data,1,0.37641,0.10346,0.91376,0.5235,0.81846,0.48036,1.1025,0,0,5.29143
data,1,0.22593,0.18504,0.93768,0.3186,0.3015,0.3836,1.478,1,1,0.326464
data,1,0.26463,0.20364,0.46496,0.7188,0.89772,0.37096,0.5615,1,1,0.157708
data,1,0.40299,0.23986,0.82328,0.8139,0.43722,0.493,1.0375,1,1,0.870274
data,1,0.36501,0.29764,0.47384,0.47106,0.67446,0.22492,1.3973,0,1,3.57564
data,1,0.35667,0.22592,1,0.8232,0.88398,0.30088,1.418,0,0,5.58472
data,1,0.44553,0.2998,0.9344,0.54174,0.31008,0.52832,0.8067,0,0,3.5666
data,1,0.1521,0.17164,1,0.35406,0.32952,0.3784,1.284,0,0,1.45529
data,1,0.34263,0.21996,0.52448,0.71256,0.64866,0.53852,0.539,0,0,3.0604
data,1,0.33171,0.23608,0.5048,0.7641,0.69714,0.49644,1.2357,1,1,0.771438
data,1,0.18357,0.1757,0.48776,0.41328,0.564,0.53772,0.6741,0,0,3.14196
data,1,0.39051,0.12356,1,0.87252,0.81726,0.488,0.5079,0,1,0.0784427
data,1,0.43251,0.15048,0.81704,0.72324,0.61782,0.35388,0.9146,1,1,0.569235
data,1,0.20109,0.18208,0.47784,0.89964,0.75864,0.34392,1.3877,1,1,0.354093
data,1,0.15165,0.1681,1,0.79896,0.75096,0.2922,1.1456,0,0,2.7221
data,1,0.44334,0.21286,0.88536,0.89556,0.41874,0.53944,1.1965,0,0,8.04537
data,1,0.31299,0.20492,0.40632,0.7074,0.8541,0.42852,1.4451,1,1,0.341288
data,1,0.41475,0.10514,0.9672,0.75042,0.3474,0.3206,1.4549,1,1,0.236242
data,1,0.2595,0.18914,1,0.6513,0.69108,0.23532,1.0959,0,1,0.139557
data,1,0.30435,0.12862,1,0.85482,0.84402,0.50944,0.7424,0,0,2.51454
data,1,0.2007,0.22544,0.81544,0.59754,0.5019,0.46044,0.9714,0,0,3.89615
data,1,0.28104,0.28376,0.58256,0.61452,0.7782,0.45692,1.1072,1,1,0.741021
data,1,0.40806,0.273,1,0.46944,0.81078,0.47176,0.8309,1,1,0.704698
data,1,0.40815,0.11226,0.99792,0.64782,0.87366,0.24528,1.3103,1,1,0.14747
data,1,0.38688,0.21334,0.59336,0.5736,0.76668,0.48832,0.637,0,0,3.68187
data,1,0.31965,0.17676,1,0.47346,0.861,0.49524,1.0776,0,0,5.59561
data,1,0.44874,0.2347,0.9128,0.42342,0.34074,0.43368,0.8014,0,1,0.748552
data,1,0.21798,0.11534,1,0.4884,0.60732,0.56436,0.6128,1,1,0.332018
data,1,0.3807,0.16964,1,0.60624,0.87948,0.55448,0.7548,1,0,1.46968
data,1,0.16416,0.15384,0.69576,0.74238,0.34002,0.39692,1.4466,1,0,2.51461
data,1,0.31662,0.1821,1,0.30402,0.71226,0.35704,0.5835,0,0,2.42347
data,1,0.40479,0.25972,0.54184,0.81678,0.41898,0.27344,1.3717,1,1,2.18441
data,1,0.28803,0.12114,0.76256,0.6696,0.74346,0.44152,0.9239,0,0,2.60663
data,1,0.44469,0.16932,1,0.6861,0.63132,0.50404,0.5459,0,0,4.54025
data,1,0.30111,0.14858,1,0.49854,0.60078,0.27596,0.5142,1,0,1.2934
data,1,0.22479,0.1206,0.7712,0.30444,0.852,0.22296,0.5206,1,1,0.121737
data,1,0.29271,0.25398,0.77432,0.52944,0.31398,0.5272,0.9237,1,1,1.57269
data,1,0.26916,0.26396,1,0.5427,0.77178,0.2358,1.3865,0,0,5.32533
data,1,0.26712,0.25344,0.7224,0.51426,0.37626,0.26204,0.7222,1,0,1.05919
data,1,0.19992,0.26726,1,0.6465,0.78786,0.35724,1.2427,1,1,0.377603
data,1,0.21105,0.28994,0.57136,0.46098,0.82932,0.58816,0.8526,1,0,2.86993
data,1,0.17736,0.10618,1,0.39936,0.31206,0.51336,0.7183,0,0,1.60005
data,1,0.30408,0.12992,0.50584,0.68544,0.59148,0.56776,1.2668,0,0,5.60772
data,1,0.38964,0.20816,0.81576,0.76314,0.61464,0.4598,1.0941,0,0,4.51493
data,1,0.30531,0.12052,0.64664,0.48294,0.72474,0.37556,1.4078,0,0,6.66962
data,1,0.29169,0.18074,1,0.50418,0.60222,0.364,1.1153,1,1,0.441834
data,1,0.38943,0.14414,0.69824,0.67038,0.62784,0.42436,1.3951,0,0,6.65935
data,1,0.23727,0.16564,0.86168,0.8772,0.6402,0.57132,0.6117,1,1,0.23118
data,1,0.42672,0.25782,1,0.89898,0.8697,0.29376,0.7815,0,1,0.038997
data,1,0.44793,0.2519,0.93464,0.71334,0.53442,0.34044,0.6037,0,0,2.12884
data,1,0.23556,0.25138,0.85912,0.68532,0.61128,0.28856,1.1134,1,0,1.47042
data,1,0.44964,0.22578,1,0.68346,0.60006,0.23628,1.4866,0,0,9.52752
data,1,0.39159,0.13832,0.62936,0.70914,0.75366,0.24916,1.0501,0,1,1.81098
data,1,0.16155,0.15566,1,0.61314,0.8319,0.33572,1.2513,1,0,0.827206
data,1,0.41529,0.2789,0.72056,0.48708,0.37026,0.56208,0.5087,1,0,1.6197
data,1,0.15108,0.26962,0.87728,0.66702,0.3396,0.22288,0.8175,1,0,0.790591
data,1,0.34503,0.20092,0.98944,0.471,0.66954,0.39392,0.9361,1,0,2.54469
data,1,0.39987,0.19488,0.5776,0.74514,0.59442,0.48004,1.3259,0,0,3.95886
data,1,0.43617,0.11652,0.532,0.74676,0.64896,0.59752,0.9732,0,0,4.95487
data,1,0.15783,0.22386,1,0.64692,0.52176,0.23408,1.486,0,0,1.87886
data,1,0.39864,0.2942,0.456,0.5625,0.62928,0.3666,1.1111,0,0,6.68815
data,1,0.24591,0.12476,0.71688,0.32556,0.85158,0.31368,1.3692,1,1,0.476413
data,1,0.31395,0.20788,0.92272,0.72582,0.77214,0.39764,1.154,0,1,0.493453
data,1,0.20889,0.24846,1,0.52722,0.3474,0.32172,0.9227,1,1,0.301803
data,1,0.28497,0.25794,0.64392,0.88578,0.43728,0.59956,1.4582,0,1,0.832792
data,1,0.23652,0.12424,0.96952,0.66312,0.6768,0.52832,0.8948,0,1,0.152784
data,1,0.20541,0.28938,0.82888,0.36756,0.49356,0.26068,1.4957,0,0,4.46649
data,1,0.30579,0.15502,1,0.79572,0.60978,0.39408,1.1592,1,1,0.0891662
data,1,0.40554,0.21288,0.95784,0.63954,0.8397,0.45228,1.4172,0,1,0.549934
data,1,0.2223,0.22804,0.97704,0.76986,0.38232,0.34068,1.4206,0,0,3.61261
data,1,0.19233,0.28504,1,0.81126,0.63084,0.58344,0.8855,1,1,0.331365
data,1,0.26238,0.24082,0.936,0.3051,0.8706,0.44544,0.6017,0,1,0.882863
data,1,0.4323,0.16462,0.44272,0.7554,0.54012,0.53396,1.031,1,1,1.27338
data,1,0.32412,0.22646,0.55976,0.80808,0.39282,0.29492,0.6118,1,1,0.357224
data,1,0.33165,0.1968,1,0.82596,0.78846,0.48324,0.5754,1,1,0.209443
data,1,0.36837,0.22912,0.5364,0.89022,0.4845,0.5166,1.1791,0,1,2.6323
data,1,0.42195,0.2955,0.43632,0.4515,0.85548,0.52548,1.1431,0,0,5.66581
data,1,0.21501,0.27418,0.97952,0.73638,0.70272,0.2288,1.2647,0,1,0.122691
data,1,0.43905,0.11704,1,0.46014,0.54888,0.53188,0.5593,0,0,1.7536
data,1,0.43056,0.13262,1,0.70218,0.52422,0.46272,1.4403,1,1,0.259373
data,1,0.237,0.1686,0.5236,0.55656,0.40758,0.37124,1.3642,1,1,1.70652
data,1,0.34842,0.10466,0.83168,0.50484,0.86796,0.31184,1.1099,0,0,5.11521
data,1,0.19401,0.137,0.98808,0.54246,0.68472,0.5004,0.8234,0,1,0.302697
data,1,0.24723,0.1799,1,0.7755,0.53382,0.28828,0.8435,1,1,0.109932
data,1,0.37422,0.18522,0.9124,0.36708,0.63228,0.36572,1.028,1,0,1.6895
data,1,0.44934,0.29798,0.6276,0.52116,0.3606,0.354,1.1898,1,0,4.8642
data,1,0.33726,0.10852,0.56544,0.63324,0.71934,0.36524,1.4714,1,1,0.425594
data,1,0.3285,0.17226,1,0.73722,0.82344,0.43948,0.7065,1,1,0.2022
data,1,0.39933,0.2453,0.62864,0.52692,0.744,0.32984,1.3905,0,1,1.28964
data,1,0.23058,0.21924,0.94104,0.3351,0.52662,0.44716,0.8597,1,1,0.974543
data,1,0.35259,0.2278,0.43744,0.5676,0.4584,0.41516,0.6005,0,0,4.57342
data,1,0.21513,0.15668,0.54088,0.56376,0.65328,0.32404,1.4157,1,1,0.66611
data,1,0.22008,0.14394,0.63888,0.50058,0.34398,0.40872,0.6225,0,0,1.39588
data,1,0.2961,0.13482,0.83848,0.31182,0.89106,0.20012,1.0244,1,0,0.563569
data,1,0.36063,0.24514,0.4008,0.68412,0.71562,0.5344,0.5615,0,0,4.82369
data,1,0.22125,0.1727,0.49864,0.73332,0.7011,0.27012,0.8288,0,0,2.58682
data,1,0.37176,0.23992,0.402,0.52662,0.75678,0.2604,1.2363,0,0,6.88522
data,1,0.2037,0.25074,0.49248,0.64896,0.32412,0.49892,1.4987,1,0,4.38124
data,1,0.39525,0.18166,0.91808,0.69702,0.49614,0.36576,0.8564,0,1,0.583515
data,1,0.26139,0.23102,1,0.36108,0.61782,0.35708,1.391,0,1,0.750852
data,1,0.24999,0.20734,1,0.45732,0.72102,0.50308,1.3575,1,1,0.799053
data,1,0.16488,0.19392,0.94872,0.31848,0.64758,0.56348,0.8081,0,0,3.03016
data,1,0.41967,0.13646,0.60136,0.5934,0.87576,0.258,0.8328,1,0,0.592625
data,1,0.17307,0.17834,0.79624,0.72732,0.76698,0.28168,0.6395,0,0,1.22954
data,1,0.31179,0.18258,0.48208,0.56088,0.80688,0.51752,1.2614,0,0,2.60231
data,1,0.21612,0.21842,0.68248,0.65886,0.85686,0.37276,0.9765,0,1,0.871831
data,1,0.37557,0.2242,0.606,0.41262,0.54564,0.55972,1.0787,0,0,4.21787
data,1,0.32196,0.2772,0.82024,0.69852,0.67128,0.28092,0.5152,0,1,0.580159
data,1,0.28029,0.29274,0.81536,0.41472,0.56616,0.26996,1.048,0,0,3.68411
data,1,0.34413,0.26598,0.93736,0.54606,0.63234,0.40228,0.7101,0,0,2.26701
data,1,0.37845,0.15378,0.41216,0.34104,0.80952,0.25792,1.2936,1,1,1.05207
data,1,0.27669,0.1003,0.58224,0.69,0.85476,0.30348,0.717,0,1,0.703803
data,1,0.34785,0.10324,0.89304,0.5988,0.67596,0.52296,1.0001,1,0,2.3414
data,1,0.41247,0.27946,0.52192,0.41784,0.79608,0.31228,1.4474,0,0,7.68582
data,1,0.26574,0.20162,1,0.85548,0.68412,0.3022,0.9457,1,0,0.766953
data,1,0.21504,0.121,0.8872,0.34272,0.80712,0.53648,1.0927,0,0,4.22183
data,1,0.18216,0.2473,0.6856,0.6345,0.62274,0.49528,1.3287,1,0,1.37597
data,1,0.20847,0.29994,0.85608,0.4857,0.84492,0.42556,1.3577,1,0,1.72874
data,1,0.34038,0.25898,0.53048,0.4416,0.8784,0.58668,0.6662,0,0,3.20456
data,1,0.28863,0.17138,1,0.63528,0.5058,0.51844,0.5715,1,0,0.998877
data,1,0.38385,0.29282,0.82592,0.31194,0.61638,0.43964,1.3092,0,1,1.50795
data,1,0.2829,0.13584,1,0.75978,0.58026,0.37788,1.3964,0,0,6.26975
data,1,0.34695,0.16288,0.81416,0.80634,0.69198,0.4288,1.1356,0,0,2.75521
data,1,0.22452,0.23734,1,0.3936,0.79278,0.49936,1.4587,1,1,0.399378
data,1,0.31668,0.17654,0.80136,0.88332,0.32358,0.5256,1.3142,0,1,0.582392
data,1,0.2037,0.11166,0.42528,0.7239,0.49104,0.59804,0.7137,0,0,1.93085
data,1,0.34257,0.1302,0.67872,0.30192,0.89418,0.2616,0.7605,0,0,3.59305
data,1,0.36552,0.12108,1,0.65586,0.40656,0.59648,1.0943,1,1,0.312395
data,1,0.23124,0.12352,0.7764,0.59676,0.52056,0.4204,1.2019,0,0,4.07965
data,1,0.17487,0.11732,0.69576,0.4125,0.34236,0.4384,0.9314,1,0,1.04101
data,1,0.32745,0.10682,0.75944,0.82584,0.44262,0.50628,1.2868,0,0,2.99149
data,1,0.29805,0.18782,1,0.73818,0.67056,0.53252,1.4223,0,0,4.87993
data,1,0.30681,0.12264,0.54024,0.52614,0.70476,0.58488,1.4529,1,1,0.621889
data,1,0.20436,0.29396,0.92136,0.4314,0.41982,0.21384,0.5604,1,1,0.47379
data,1,0.18552,0.17602,0.88224,0.75954,0.6915,0.44448,1.4706,1,1,0.38597
data,1,0.19074,0.25184,0.65352,0.80892,0.41334,0.37812,1.0428,1,1,0.874936
data,1,0.35772,0.1227,1,0.40644,0.67686,0.25664,1.2591,1,1,0.105567
data,1,0.28239,0.27106,0.40056,0.44418,0.66234,0.48876,1.0507,0,0,4.73998
data,1,0.27471,0.23786,0.59888,0.36612,0.58638,0.465,0.9793,1,1,1.00596
data,1,0.3822,0.15992,0.66056,0.47232,0.54084,0.58856,0.5159,0,0,2.73239
data,1,0.2475,0.28848,0.98824,0.53028,0.34212,0.52824,0.5315,1,0,1.72363
data,1,0.39849,0.13348,0.4596,0.70032,0.70944,0.4366,1.186,1,1,0.908113
data,1,0.29442,0.14674,1,0.33024,0.88404,0.36684,0.7329,0,1,0.211308
data,1,0.38553,0.12944,0.78688,0.86694,0.34416,0.3976,1.0269,1,1,0.628743
data,1,0.4005,0.18994,0.49736,0.88152,0.46026,0.2818,1.1303,1,0,1.78982
data,1,0.3573,0.15078,0.80096,0.66036,0.35352,0.27864,0.546,0,0,2.70601
data,1,0.24846,0.13088,0.7604,0.7872,0.33948,0.48164,1.2942,0,0,2.05142
data,1,0.23928,0.11962,1,0.83736,0.5511,0.2754,0.9517,1,1,0.0547149
data,1,0.22848,0.2853,0.8668,0.71676,0.86736,0.49644,0.8151,0,1,0.50484
data,1,0.39138,0.28172,0.66568,0.62976,0.47058,0.4078,0.6243,1,1,0.863225
data,1,0.40587,0.1142,0.73456,0.51294,0.61392,0.4664,1.292,0,1,1.7496
data,1,0.22017,0.10988,0.8048,0.45318,0.4518,0.317,0.7176,1,1,0.232476
data,1,0.32346,0.29856,1,0.3795,0.57954,0.28516,1.4167,0,0,4.69537
data,1,0.37857,0.16638,0.75248,0.38562,0.70578,0.3308,0.7196,1,1,0.433467
data,1,0.16455,0.23278,0.58448,0.33444,0.37344,0.53132,1.0693,0,1,0.847399
data,1,0.37035,0.13726,1,0.5238,0.50928,0.39712,1.1662,0,1,0.149019
data,1,0.2472,0.15366,0.74352,0.39018,0.3246,0.23912,1.1,0,0,1.58313
data,1,0.20304,0.17352,0.84296,0.3027,0.37296,0.23104,0.6298,0,0,1.06624
data,1,0.38376,0.29502,0.77048,0.36498,0.81216,0.40384,1.0154,0,0,5.67171
data,1,0.29172,0.14254,1,0.8193,0.65868,0.23088,1.1863,0,1,0.040777
data,1,0.28245,0.27622,0.45744,0.30528,0.68526,0.2614,0.8567,1,0,0.916587
data,1,0.32901,0.24096,1,0.75174,0.73542,0.4756,1.2876,1,1,0.241092
data,1,0.43551,0.25558,1,0.59202,0.71676,0.3746,0.7074,0,0,5.29045
data,1,0.24057,0.10456,0.7588,0.88266,0.33636,0.20072,0.805,0,0,1.57722
data,1,0.24675,0.19702,0.98824,0.8535,0.48966,0.548,1.1496,1,1,0.0924159
data,1,0.28953,0.15324,0.96408,0.63024,0.53838,0.21304,1.4742,0,0,6.39263
data,1,0.25902,0.28228,0.87728,0.5667,0.62568,0.41932,0.5198,0,0,2.06148
data,1,0.16422,0.2579,0.49448,0.783,0.6756,0.3216,1.0233,0,1,0.687802
data,1,0.24372,0.18294,0.51024,0.31512,0.64434,0.3172,1.1843,1,1,0.924684
data,1,0.39999,0.26704,0.97664,0.80682,0.72228,0.45956,0.6391,1,1,0.359228
data,1,0.2796,0.12178,0.69936,0.54246,0.89646,0.39736,1.2844,1,0,0.680396
data,1,0.24459,0.1473,0.76064,0.34542,0.64848,0.56688,1.0335,0,0,3.58951
data,1,0.43044,0.15852,1,0.72996,0.36066,0.44916,0.8569,1,1,0.212998
data,1,0.3312,0.20288,0.84648,0.61926,0.69324,0.52564,1.0614,1,1,0.37387
data,1,0.32013,0.26326,0.89208,0.4551,0.82398,0.42244,0.8428,1,1,0.56799
data,1,0.34965,0.23174,0.52552,0.54816,0.68286,0.5484,1.1441,1,1,0.766284
data,1,0.29892,0.21346,0.61784,0.47214,0.49482,0.28312,0.9627,0,0,4.58795
data,1,0.41775,0.27872,1,0.38832,0.77244,0.23136,0.5954,0,0,4.27724
data,1,0.41016,0.27204,0.93696,0.84894,0.3819,0.25388,1.4362,0,0,3.50656
data,1,0.40434,0.23878,0.80736,0.5751,0.6114,0.26264,0.9279,1,0,1.28026
data,1,0.16983,0.21786,0.88408,0.54606,0.48534,0.4522,0.8596,0,0,2.49881
data,1,0.36288,0.16044,0.9024,0.64062,0.89034,0.5012,0.9905,0,1,0.904987
data,1,0.42699,0.174,0.69344,0.65436,0.85572,0.30776,0.6946,0,0,3.07596
data,1,0.40026,0.10834,0.82224,0.51186,0.72384,0.3756,0.9597,0,0,2.2112
data,1,0.21186,0.17234,0.63504,0.59688,0.55224,0.5196,1.1302,1,1,0.595122
data,1,0.22032,0.26626,0.44224,0.85314,0.5322,0.4806,0.972,0,0,4.43279
data,1,0.31962,0.23464,1,0.46656,0.8154,0.59268,1.3445,1,1,0.693246
data,1,0.43896,0.23254,0.43448,0.76272,0.4041,0.27276,1.0968,1,0,5.02575
data,1,0.22632,0.23772,1,0.42762,0.58596,0.38312,0.5073,0,1,0.761406
data,1,0.31752,0.18572,0.64072,0.76152,0.36384,0.53216,1.2977,0,0,2.67394
data,1,0.16065,0.22688,1,0.55146,0.60072,0.26448,0.8435,0,1,0.267559
data,1,0.37221,0.10572,0.90424,0.58074,0.45978,0.53136,1.1602,1,1,0.272413
data,1,0.25353,0.14186,1,0.40398,0.51618,0.50376,1.3701,0,0,4.30929
data,1,0.16911,0.22508,1,0.71952,0.7878,0.29136,0.796,0,0,2.99105
data,1,0.43173,0.19184,1,0.40938,0.34014,0.2632,0.5775,0,1,0.422753
data,1,0.36,0.23702,1,0.6342,0.73386,0.42748,1.2377,1,0,1.34824
data,1,0.25434,0.25532,1,0.31656,0.55692,0.48988,1.0488,0,0,2.67697
data,1,0.15777,0.19092,0.64168,0.36714,0.6237,0.22252,0.6913,1,1,0.570021
data,1,0.39519,0.29136,1,0.54336,0.46836,0.25388,1.3486,0,0,9.00857
data,1,0.32061,0.10106,1,0.47274,0.4662,0.42376,1.0702,1,1,0.15587
data,1,0.33414,0.23626,0.88392,0.5544,0.79518,0.41832,1.173,1,1,0.612021
data,1,0.16161,0.19512,0.91672,0.8349,0.49938,0.5924,1.2561,0,0,4.61155
data,1,0.26217,0.29932,0.52352,0.45252,0.87048,0.29548,0.716,0,0,3.88553
data,1,0.34638,0.1142,0.87576,0.42462,0.33966,0.28116,1.3291,1,1,0.300792
data,1,0.26133,0.18264,0.85256,0.41598,0.31158,0.52084,1.016,0,0,4.60029
data,1,0.29151,0.11678,0.72024,0.37494,0.52758,0.44344,1.4808,0,0,3.75981
data,1,0.26052,0.2707,0.57072,0.43332,0.52782,0.56784,1.4224,0,1,2.27226
data,1,0.23772,0.22466,1,0.30462,0.53958,0.2274,0.7124,0,0,2.18257
data,1,0.36588,0.18178,0.6868,0.56868,0.58194,0.30024,0.9487,0,0,2.83552
data,1,0.1779,0.1929,0.69672,0.51096,0.42876,0.59192,0.8531,1,1,0.940906
data,1,0.31401,0.1228,0.4724,0.35538,0.6666,0.58444,0.7986,0,0,2.70383
data,1,0.30948,0.20892,0.55808,0.37398,0.36402,0.41128,0.5801,0,0,3.14165
data,1,0.26004,0.1123,0.46616,0.3369,0.7953,0.54604,1.0471,0,1,2.63106
data,1,0.34539,0.1262,0.62912,0.82824,0.33714,0.3606,1.4628,0,1,1.25415
data,1,0.15291,0.18526,0.9744,0.33054,0.56064,0.307,0.7722,1,1,0.47166
data,1,0.19641,0.28178,1,0.3309,0.31632,0.53224,0.8211,0,0,4.65843
data,1,0.30807,0.18874,0.98048,0.36648,0.42378,0.51344,0.6561,1,1,0.83625
data,1,0.24843,0.17778,0.5776,0.66924,0.711,0.30732,0.6705,1,0,1.4888
data,1,0.27081,0.13372,0.64896,0.84618,0.37182,0.45792,0.5137,1,1,0.298876
data,1,0.39426,0.18552,0.84288,0.4266,0.3654,0.29632,0.5809,1,0,1.70366
data,1,0.43716,0.27666,0.74136,0.72774,0.8439,0.38932,1.0549,0,1,1.02147
data,1,0.31134,0.2573,0.92888,0.5247,0.65934,0.20696,1.1793,0,0,2.7823
data,1,0.28473,0.28946,0.46696,0.48108,0.4482,0.5258,0.5159,0,0,4.16992
data,1,0.27549,0.25414,1,0.86886,0.75108,0.2978,0.9703,1,0,2.00447
data,1,0.27027,0.22032,1,0.46056,0.37578,0.31948,0.546,1,1,0.438971
data,1,0.17106,0.11204,0.65696,0.81948,0.69162,0.44296,1.3718,0,0,1.87517
data,1,0.23436,0.26438,0.94248,0.83544,0.78606,0.20432,0.8163,0,1,0.235417
data,1,0.37971,0.10392,0.51192,0.77544,0.59694,0.3814,1.3645,1,1,1.41304
data,1,0.15414,0.14772,1,0.52752,0.85416,0.25904,1.0765,0,0,1.98337
data,1,0.32199,0.18988,0.91256,0.60402,0.4098,0.45744,0.9609,0,1,0.78365
data,1,0.33219,0.21286,1,0.39042,0.43446,0.38616,1.0401,1,1,0.676034
data,1,0.26937,0.2047,0.40096,0.33108,0.30882,0.47044,1.2046,0,1,2.32579
data,1,0.43395,0.19418,0.44824,0.40422,0.33972,0.41612,1.4636,0,1,2.64258
data,1,0.42369,0.29946,1,0.31872,0.5517,0.52256,0.568,0,0,2.82685
data,1,0.43272,0.14992,1,0.6588,0.45168,0.5828,0.5397,1,0,2.03773
data,1,0.19002,0.20626,0.95248,0.62808,0.51558,0.45516,0.6095,0,1,0.271743
data,1,0.39807,0.17818,0.59528,0.45852,0.49338,0.5148,0.9197,0,0,6.77363
data,1,0.21498,0.24854,1,0.48474,0.36156,0.45008,0.6153,0,1,0.402778
data,1,0.42027,0.20812,0.98,0.52092,0.82878,0.59256,1.2961,1,0,1.2116
data,1,0.32691,0.13806,0.60272,0.6825,0.7935,0.41592,0.6579,1,0,1.27935
data,1,0.20397,0.28776,0.81664,0.8568,0.62946,0.45976,1.468,0,0,3.81907
data,1,0.41304,0.24786,1,0.56748,0.3237,0.57912,1.2218,1,0,6.20058
data,1,0.38811,0.13418,0.85368,0.35802,0.57048,0.3496,0.8257,1,0,1.98839
data,1,0.19938,0.28666,0.77432,0.69744,0.88584,0.36752,0.6251,1,0,1.31743
data,1,0.22353,0.26404,0.80696,0.6162,0.31548,0.5624,0.9457,0,0,4.65372
data,1,0.34947,0.16918,1,0.84084,0.47076,0.58496,0.509,0,1,0.111423
data,1,0.42948,0.2817,1,0.3468,0.74166,0.40312,1.1772,0,1,0.428964
data,1,0.40602,0.23434,0.86248,0.84696,0.89346,0.35752,0.6245,0,1,0.309565
data,1,0.33552,0.1609,1,0.76122,0.87636,0.55784,1.2701,0,1,0.213227
data,1,0.31827,0.14314,0.57552,0.68286,0.52458,0.22064,1.2593,1,0,1.19972
data,1,0.42039,0.27486,0.96472,0.57444,0.63168,0.50996,1.0076,0,1,0.911536
data,1,0.33678,0.21214,0.87048,0.4959,0.8226,0.48696,0.6845,1,0,1.62325
data,1,0.34668,0.18772,0.52736,0.82056,0.83352,0.50188,1.4938,0,1,1.5771
data,1,0.43713,0.2873,0.80208,0.52782,0.86544,0.46516,1.2404,0,0,6.27938
data,1,0.20019,0.1186,0.68488,0.6249,0.86436,0.21708,1.185,1,0,0.496052
data,1,0.35961,0.26518,1,0.46578,0.52794,0.20552,1.2954,1,1,0.415528
data,1,0.41931,0.19632,1,0.51396,0.44538,0.28616,1.2276,1,0,2.3083
data,1,0.26532,0.1975,0.73072,0.3465,0.45726,0.32928,0.9689,0,0,4.62087
data,1,0.34278,0.19806,0.77,0.31794,0.82614,0.59844,0.9835,1,1,1.33288
data,1,0.23271,0.24688,0.77984,0.54756,0.87276,0.38552,0.7528,0,0,3.97674
data,1,0.16116,0.26018,1,0.54618,0.48432,0.34864,0.5382,1,1,0.28993
data,1,0.2922,0.13276,1,0.68154,0.59994,0.27888,1.413,0,0,4.55931
data,1,0.2841,0.18214,0.48832,0.84696,0.35514,0.36688,1.2588,0,0,4.50892
data,1,0.38766,0.20862,0.4696,0.35778,0.8301,0.42904,0.873,1,1,0.55533
data,1,0.24576,0.23682,0.95776,0.5145,0.30288,0.54784,0.592,0,0,4.12486
data,1,0.30294,0.21904,0.45872,0.71634,0.35892,0.53628,0.9679,1,0,1.92886
data,1,0.40674,0.18504,0.99968,0.52578,0.5763,0.46908,1.4572,1,0,3.11805
data,1,0.3453,0.15604,0.99856,0.72,0.51126,0.25504,0.8823,0,0,1.73433
data,1,0.41766,0.15232,0.87112,0.35364,0.7485,0.54992,0.8554,0,0,4.9488
data,1,0.27876,0.18504,0.85184,0.55092,0.79008,0.5472,1.0173,1,1,0.342468
data,1,0.17856,0.2477,0.66752,0.5841,0.79788,0.33172,0.5082,0,1,0.642603
data,1,0.39441,0.15074,0.83656,0.74934,0.56166,0.22156,1.202,1,1,0.308543
data,1,0.31602,0.26796,0.77328,0.79098,0.61098,0.3408,1.4425,1,0,1.90828
data,1,0.31281,0.2804,0.62464,0.56274,0.38358,0.40904,0.5959,1,1,1.19344
data,1,0.15561,0.26176,0.98864,0.8976,0.3357,0.27172,1.2212,1,1,0.123481
data,1,0.31533,0.13294,0.698,0.6264,0.46662,0.36076,0.9106,0,0,2.45326
data,1,0.32703,0.2834,0.5044,0.7689,0.72594,0.22852,0.6663,0,1,1.81117
data,1,0.37134,0.12444,1,0.40266,0.46896,0.38444,0.5773,0,1,0.19112
data,1,0.35133,0.24106,1,0.7572,0.75744,0.23808,1.0229,1,1,0.195935
data,1,0.27393,0.14372,0.6724,0.41034,0.50352,0.3068,1.2446,1,0,2.77752
data,1,0.33222,0.26944,0.68328,0.32652,0.49572,0.48276,0.7784,1,1,1.61596
data,1,0.42609,0.23572,0.64568,0.55842,0.78522,0.29408,0.7973,0,0,5.8718
data,1,0.2463,0.24484,1,0.84966,0.51984,0.24288,1.1477,1,1,0.060883
data,1,0.29352,0.15156,1,0.62616,0.79368,0.42844,0.6703,0,0,3.01561
data,1,0.29622,0.22738,0.9196,0.72366,0.55212,0.24832,0.9531,0,1,0.433044
data,1,0.39642,0.13574,0.67536,0.62904,0.64776,0.55796,1.1496,0,1,1.05079
data,1,0.16581,0.14906,0.8804,0.75042,0.32484,0.52496,1.0805,1,0,2.5497
data,1,0.35031,0.10816,1,0.4593,0.77076,0.38324,1.4028,0,0,5.99954
data,1,0.26031,0.11712,1,0.45912,0.58206,0.21616,0.6788,0,0,2.9571
data,1,0.25131,0.10242,0.5684,0.31398,0.756,0.53688,1.133,0,0,3.88743
data,1,0.28569,0.10404,0.48312,0.54216,0.56766,0.22576,1.1861,0,0,3.65244
data,1,0.34008,0.21612,1,0.65238,0.65988,0.51496,1.2709,0,1,0.350743
data,1,0.32043,0.2314,0.63392,0.79452,0.44652,0.26792,0.5123,1,0,1.43132
data,1,0.22275,0.11448,0.72704,0.51546,0.73308,0.5976,1.0426,1,1,0.654409
data,1,0.27267,0.12732,0.69848,0.41484,0.79074,0.29484,1.0259,1,1,0.23857
data,1,0.44439,0.20966,0.84608,0.3807,0.46176,0.5244,1.3856,1,1,1.25902
data,1,0.3171,0.12416,0.89544,0.5658,0.32076,0.5998,0.7294,1,1,0.398045
data,1,0.31599,0.1569,0.72888,0.88884,0.80538,0.5134,1.3756,0,0,4.8045
data,1,0.3585,0.14636,1,0.56466,0.6009,0.51744,1.2999,1,1,0.297615
data,1,0.37551,0.26732,1,0.85086,0.4731,0.59664,1.4483,1,1,0.154686
data,1,0.18309,0.13884,0.80312,0.85272,0.39048,0.2122,0.9425,1,1,0.259337
data,1,0.27567,0.13858,1,0.78516,0.53688,0.22232,0.6903,0,0,3.27765
data,1,0.41067,0.15318,0.54112,0.88506,0.69468,0.56328,0.9836,0,0,5.40564
data,1,0.23616,0.1866,0.52512,0.57378,0.82416,0.4136,1.1596,1,0,1.46262
data,1,0.27189,0.20806,1,0.63354,0.66936,0.341,1.1002,1,1,0.197052
data,1,0.31647,0.16834,0.4408,0.84468,0.64158,0.25408,0.5969,0,0,1.23041
data,1,0.39471,0.19772,1,0.4674,0.63132,0.44388,1.1958,0,1,0.530487
data,1,0.2199,0.26396,0.5732,0.63366,0.67524,0.56088,0.8309,1,1,1.06144
data,1,0.17661,0.25244,0.71984,0.84828,0.44964,0.33276,1.1971,0,0,3.6263
data,1,0.3825,0.23576,0.98872,0.78018,0.40218,0.51832,1.3598,1,0,5.91972
data,1,0.42906,0.1224,1,0.44514,0.88782,0.56856,1.0494,1,1,0.455526
data,1,0.25935,0.11726,0.41584,0.46788,0.7632,0.23716,1.2162,1,1,0.343685
data,1,0.28689,0.16996,0.43928,0.7431,0.3489,0.3232,0.8681,1,1,0.931143
data,1,0.15618,0.13116,0.90936,0.70728,0.8145,0.27084,1.3327,0,0,1.6942
data,1,0.21615,0.26796,0.93576,0.56928,0.8487,0.47508,1.014,0,0,4.87461
data,1,0.39177,0.14902,0.99728,0.6087,0.8637,0.50756,1.4709,0,1,0.19222
data,1,0.24522,0.1052,0.8488,0.68436,0.4917,0.38648,1.381,1,0,2.34264
data,1,0.18366,0.25602,0.55528,0.89964,0.58104,0.24312,0.8697,0,1,1.07151
data,1,0.19914,0.28876,0.82984,0.78762,0.47784,0.29944,1.4683,1,1,0.665018
data,1,0.29595,0.17364,0.86136,0.52278,0.67506,0.2264,1.2163,0,0,2.12455
data,1,0.34173,0.20086,0.60864,0.42102,0.714,0.23752,0.9786,1,0,1.89869
data,1,0.23832,0.13686,0.6072,0.37674,0.75264,0.47196,1.3587,0,0,3.16933
data,1,0.36612,0.18714,0.81456,0.76206,0.33012,0.5786,1.4545,0,0,5.67429
data,1,0.38895,0.20726,0.58112,0.32856,0.70614,0.50364,0.8531,0,0,5.77482
data,1,0.29724,0.1313,1,0.45588,0.71616,0.53896,0.8084,1,1,0.292907
data,1,0.32493,0.2233,1,0.87954,0.89238,0.47712,0.7652,0,1,0.167213
data,1,0.19392,0.19186,0.69632,0.48576,0.69138,0.46616,1.4948,0,0,5.29857
data,1,0.15777,0.28558,1,0.5217,0.46434,0.4262,1.1453,1,0,2.17259
data,1,0.43908,0.21966,0.6868,0.75192,0.61098,0.5218,0.911,0,1,1.38513
data,1,0.38862,0.21948,1,0.77478,0.87288,0.5332,0.7495,1,1,0.301864
data,1,0.31137,0.20424,1,0.38862,0.88182,0.3686,1.4149,1,0,1.09965
data,1,0.18861,0.11042,0.45128,0.38952,0.52224,0.56784,0.7547,1,1,1.07563
data,1,0.18879,0.29478,0.55088,0.43356,0.44646,0.53556,0.5004,1,1,0.921694
data,1,0.16563,0.18526,0.97728,0.70968,0.774,0.36596,1.218,0,0,1.81208
data,1,0.30876,0.24248,0.5304,0.71364,0.61014,0.33084,1.4258,0,0,2.70687
data,1,0.18294,0.24846,0.96856,0.62748,0.33972,0.55824,0.7869,0,0,2.6058
data,1,0.43632,0.16148,0.83504,0.87858,0.55308,0.37552,1.4631,0,1,0.878825
data,1,0.23178,0.21206,0.59456,0.8052,0.82056,0.57968,1.244,1,0,2.1924
data,1,0.37299,0.23426,0.70696,0.66366,0.54738,0.57332,1.213,0,1,2.49887
data,1,0.4437,0.26156,0.52768,0.34992,0.80256,0.46012,1.0656,0,1,2.66784
data,1,0.28464,0.29676,1,0.40506,0.64728,0.23428,0.5269,1,0,1.24726
data,1,0.39792,0.18274,1,0.31716,0.72222,0.3232,0.7706,0,0,5.39552
data,1,0.20292,0.22352,1,0.41898,0.38022,0.2452,0.6462,0,0,1.52726
data,1,0.3504,0.13214,0.58712,0.81378,0.87774,0.52476,1.4719,1,1,0.362523
data,1,0.32274,0.13954,0.688,0.82998,0.50418,0.39224,1.2261,1,0,2.75853
data,1,0.34338,0.16552,0.6688,0.56592,0.5169,0.49744,1.2602,1,0,3.35474
data,1,0.18855,0.19306,0.43816,0.42042,0.68916,0.4256,0.5475,0,0,1.89124
data,1,0.25092,0.11272,0.40832,0.37902,0.67206,0.20352,1.0627,1,0,0.906166
data,1,0.34998,0.10864,0.87336,0.82602,0.60024,0.22276,1.3702,0,0,5.83687
data,1,0.2178,0.18902,0.78824,0.77448,0.31416,0.58744,1.4209,1,1,0.476121
data,1,0.18927,0.11792,1,0.8577,0.70698,0.41192,0.7075,1,1,0.0594296
data,1,0.31398,0.11708,1,0.44388,0.74262,0.35824,0.5969,0,0,1.47958
data,1,0.21153,0.24314,1,0.64344,0.75744,0.43208,1.0651,0,0,4.78588
data,1,0.22146,0.25804,1,0.68712,0.64296,0.47872,1.4877,1,1,0.506737
data,1,0.32631,0.12684,0.50088,0.88926,0.84924,0.41488,0.9263,0,1,1.67676
data,1,0.3996,0.27036,0.60056,0.62394,0.61416,0.51592,1.4731,1,0,2.93214
data,1,0.30723,0.1589,0.59616,0.63834,0.61338,0.41608,1.3983,1,1,1.12722
data,1,0.369,0.19222,0.43272,0.774,0.78096,0.21868,1.4841,1,1,1.15049
data,1,0.39489,0.29588,0.79304,0.88194,0.84906,0.568,1.2122,1,0,3.59436
data,1,0.31494,0.1068,0.94992,0.67578,0.54102,0.23772,1.3449,0,1,0.284542
data,1,0.23847,0.29794,0.66608,0.49656,0.60744,0.28048,1.3658,0,0,4.55352
data,1,0.22749,0.1264,1,0.39456,0.45054,0.3006,1.3509,1,1,0.289416
data,1,0.16257,0.17948,0.99928,0.7161,0.5709,0.32968,1.0774,0,0,2.8475
data,1,0.19476,0.19224,1,0.49674,0.5133,0.44192,1.3285,1,0,2.30115
data,1,0.17544,0.19706,0.53576,0.40092,0.54858,0.21268,1.3404,0,1,1.16084
data,1,0.15165,0.25192,0.912,0.6924,0.84042,0.27952,1.2447,1,1,0.272574
data,1,0.16029,0.22098,0.8228,0.8901,0.74322,0.20868,0.9149,1,1,0.11136
data,1,0.22419,0.26134,0.62584,0.6063,0.66216,0.3736,0.5151,1,1,0.446412
data,1,0.34602,0.2003,0.46808,0.8313,0.51246,0.37412,1.3192,1,1,1.35369
data,1,0.26514,0.23508,0.42688,0.49206,0.70014,0.47908,1.4831,1,1,1.81174
data,1,0.27546,0.24864,0.5104,0.72636,0.82194,0.33336,1.1903,0,0,3.95733
data,1,0.39462,0.28114,1,0.8388,0.86178,0.44836,1.2342,1,0,2.84448
data,1,0.24945,0.15602,0.74256,0.89616,0.82986,0.53976,0.8374,0,0,3.60253
data,1,0.20973,0.12218,1,0.64524,0.4017,0.26924,1.4742,1,0,3.24054
data,1,0.31629,0.19062,0.72832,0.31098,0.50394,0.39448,0.6062,1,1,0.640003
data,1,0.17136,0.21828,1,0.54912,0.84822,0.36832,0.9248,0,0,1.67902
data,1,0.32088,0.14268,1,0.49278,0.37566,0.30152,1.1698,1,0,2.23011
data,1,0.39723,0.10158,0.5484,0.42894,0.5874,0.4608,1.1655,0,1,2.82144
data,1,0.17508,0.2453,0.8184,0.68934,0.5217,0.45944,0.7537,0,1,0.626905
data,1,0.25773,0.18542,1,0.89022,0.51114,0.37988,0.73,0,0,1.50804
data,1,0.2838,0.12282,1,0.70194,0.76698,0.44216,0.7312,1,0,0.805069
data,1,0.16833,0.2433,0.53304,0.40668,0.82698,0.28352,0.7765,1,0,0.762899
data,1,0.20103,0.11186,0.60456,0.45936,0.3033,0.308,1.1046,0,1,0.712384
data,1,0.25209,0.28646,0.46856,0.57726,0.48984,0.42912,0.5053,1,0,2.13015
data,1,0.43482,0.28124,0.81888,0.36294,0.84408,0.496,0.9683,1,0,1.0489
data,1,0.24591,0.13028,0.77472,0.8763,0.69798,0.483,1.2123,0,0,3.04575
data,1,0.37893,0.2911,1,0.46902,0.65256,0.25092,1.1404,1,1,0.49671
data,1,0.18132,0.10504,0.66312,0.86514,0.85692,0.55584,1.4215,0,0,3.07343
data,1,0.38094,0.16114,1,0.49014,0.3639,0.493,1.498,0,0,7.71202
data,1,0.40758,0.15094,1,0.72426,0.45414,0.35464,1.0503,1,0,3.10666
data,1,0.28041,0.22808,0.97992,0.5106,0.78936,0.56444,1.2126,1,0,2.12081
data,1,0.2517,0.18956,1,0.7686,0.81936,0.27672,1.442,0,0,5.59802
data,1,0.17019,0.17472,1,0.63492,0.53544,0.33928,1.0209,1,0,1.07012
data,1,0.41478,0.21044,0.84536,0.68946,0.74286,0.3438,0.6644,0,0,1.91987
data,1,0.18681,0.1427,0.76496,0.58296,0.86112,0.4976,0.5867,1,1,0.413456
data,1,0.18501,0.14,0.80496,0.37794,0.48798,0.33,0.9334,0,0,2.36378
data,1,0.28602,0.13108,1,0.3021,0.43788,0.5696,0.5046,0,0,3.11402
data,1,0.25671,0.29968,0.96072,0.5226,0.76164,0.35804,1.1742,1,1,0.780478
data,1,0.20109,0.19598,0.71384,0.3573,0.64806,0.33692,0.854,1,1,0.469557
data,1,0.3636,0.28302,0.63288,0.50034,0.47484,0.43148,0.6987,1,1,1.45097
data,1,0.39639,0.12428,1,0.333,0.32058,0.58284,1.287,1,0,4.51771
data,1,0.38007,0.23028,0.92496,0.63312,0.74052,0.52652,1.0049,0,1,0.473603
data,1,0.41244,0.22724,0.47608,0.8826,0.39426,0.24324,0.8527,1,0,3.67766
data,1,0.28989,0.11218,1,0.55692,0.35004,0.3674,0.6915,0,0,2.08951
data,1,0.2028,0.14402,1,0.71202,0.41928,0.56144,0.8567,1,1,0.254186
data,1,0.25281,0.27082,1,0.40656,0.65298,0.49404,0.9966,1,1,0.659733
data,1,0.36294,0.10504,1,0.33738,0.85752,0.49716,0.9344,1,1,0.191805
data,1,0.30441,0.24016,0.5588,0.756,0.77382,0.54652,1.0014,0,0,6.21252
data,1,0.41832,0.17734,0.9524,0.46782,0.3024,0.4996,0.5252,0,0,2.54996
data,1,0.1956,0.23344,1,0.80196,0.37218,0.39128,0.7019,0,0,1.42872
data,1,0.2229,0.21624,0.69144,0.5808,0.77178,0.50448,0.9338,0,0,3.00134
data,1,0.29079,0.17338,0.97112,0.37218,0.68868,0.4388,0.8217,1,0,0.820344
data,1,0.3306,0.22424,0.99464,0.89808,0.4206,0.43956,0.6971,1,0,3.00657
data,1,0.28521,0.25198,1,0.39072,0.31506,0.30092,1.1857,0,1,0.606826
data,1,0.17355,0.12424,0.81024,0.47652,0.88662,0.2814,0.9174,0,0,1.9936
data,1,0.37176,0.24702,0.586,0.73662,0.58656,0.35804,1.2613,1,1,0.582486
data,1,0.21168,0.17586,0.91952,0.82482,0.70536,0.57276,1.106,0,1,0.203305
data,1,0.32655,0.26938,1,0.5877,0.44766,0.26052,0.727,0,0,3.58024
data,1,0.33795,0.10426,0.76256,0.3405,0.64662,0.43064,1.2882,0,0,2.85506
data,1,0.31044,0.19432,1,0.83232,0.7632,0.26992,0.9273,1,1,0.0520134
data,1,0.20574,0.27526,0.46344,0.79044,0.69606,0.5376,0.5929,0,0,3.60806
data,1,0.15531,0.27156,1,0.40482,0.48174,0.3426,0.7899,1,1,0.348077
data,1,0.40485,0.29796,0.74048,0.70242,0.67962,0.21792,0.9836,0,0,2.55608
data,1,0.17007,0.20542,1,0.4407,0.79218,0.35388,0.8929,0,0,2.3059
data,1,0.20973,0.19658,1,0.47226,0.3123,0.3072,0.7486,0,0,1.9148
data,1,0.26928,0.10194,1,0.57948,0.73236,0.44088,0.6603,0,0,2.08159
data,1,0.27093,0.23832,0.5308,0.40476,0.31722,0.3066,0.9162,0,0,2.61438
data,1,0.29586,0.15444,1,0.84066,0.31158,0.46536,0.9966,0,0,2.67635
data,1,0.42366,0.13106,0.654,0.36294,0.77154,0.29252,0.5758,0,0,3.76083
data,1,0.21597,0.26294,0.93912,0.73962,0.36126,0.5036,1.2268,0,1,0.456341
data,1,0.19821,0.10806,1,0.61926,0.36732,0.24136,0.8626,1,0,1.54084
data,1,0.1842,0.19242,0.45584,0.5733,0.48714,0.31444,0.6628,1,1,0.704238
data,1,0.4485,0.12104,0.71608,0.61314,0.8997,0.34112,0.7256,1,0,0.925677
data,1,0.16764,0.29138,1,0.56172,0.8301,0.21928,0.7358,1,1,0.271409
data,1,0.23262,0.24864,1,0.32364,0.6888,0.5744,0.9751,1,0,2.92454
data,1,0.38256,0.28392,0.67152,0.80112,0.48552,0.3984,1.0259,1,1,0.758449
data,1,0.26349,0.15778,0.66072,0.4404,0.4212,0.32512,1.2347,0,0,5.31498
data,1,0.24942,0.24316,0.71504,0.40956,0.38016,0.53736,1.2433,0,0,5.73043
data,1,0.30222,0.22788,0.78056,0.81192,0.672,0.48064,0.9328,0,1,0.562725
data,1,0.18279,0.10164,1,0.76236,0.74922,0.21044,1.1962,0,0,1.82984
data,1,0.23664,0.1226,1,0.84192,0.33168,0.45948,1.4312,0,0,5.88528
data,1,0.38946,0.2315,0.62272,0.624,0.50484,0.25976,0.6772,0,0,4.79856
data,1,0.37134,0.10106,0.43856,0.86112,0.53214,0.54264,1.2015,0,1,3.77126
data,1,0.37845,0.29964,1,0.76878,0.47412,0.25776,0.7957,1,1,0.253642
data,1,0.2493,0.2141,0.86112,0.69066,0.54318,0.20332,1.1294,0,1,0.75042
data,1,0.33204,0.1861,1,0.84798,0.39204,0.34444,0.8138,0,1,0.11136
data,1,0.35718,0.18012,0.72344,0.76866,0.66024,0.25892,0.731,1,1,0.440263
data,1,0.33936,0.12774,0.64152,0.50694,0.31962,0.35012,0.7798,0,0,3.21793
data,1,0.42234,0.17086,0.50088,0.65202,0.75492,0.46172,0.6788,0,1,2.43568
data,1,0.41265,0.1202,1,0.51012,0.6069,0.3192,1.3252,1,1,0.162206
data,1,0.24813,0.20682,1,0.74022,0.55704,0.5002,1.0638,0,0,3.04144
data,1,0.36234,0.18794,0.60944,0.86112,0.55542,0.32616,0.6685,1,1,0.748311
data,1,0.41121,0.15214,0.93064,0.4977,0.50748,0.37436,1.1787,0,0,3.24989
data,1,0.28521,0.21072,0.64992,0.88074,0.84864,0.42484,1.2791,1,1,0.432523
data,1,0.44916,0.18306,0.91896,0.85068,0.66258,0.4332,1.0136,1,1,0.198623
data,1,0.30825,0.12558,1,0.5334,0.62868,0.5168,1.1827,0,1,0.416562
data,1,0.15306,0.26446,0.57352,0.63906,0.55056,0.5236,1.2935,1,1,0.943914
data,1,0.38166,0.21076,1,0.36198,0.63096,0.57312,1.4117,1,1,0.437124
data,1,0.15399,0.1142,1,0.35544,0.64944,0.22276,0.7734,0,0,1.49883
data,1,0.2046,0.20962,1,0.77082,0.75582,0.34236,1.0447,0,1,0.212383
data,1,0.44313,0.25216,0.61136,0.38712,0.77232,0.3824,1.3446,1,0,1.23771
data,1,0.26166,0.1683,1,0.7563,0.6012,0.2126,1.1552,0,1,0.0573584
data,1,0.40731,0.1889,0.67864,0.7929,0.86928,0.57044,1.4255,1,0,2.0158
data,1,0.22329,0.1009,1,0.81348,0.79584,0.35624,0.754,1,1,0.0609831
data,1,0.23553,0.16984,0.528,0.53142,0.4113,0.37,1.1598,0,1,2.1931
data,1,0.20034,0.16534,0.82536,0.53754,0.57972,0.26292,1.3894,0,0,4.60272
data,1,0.17739,0.27024,0.8108,0.49008,0.75846,0.55924,1.0665,0,0,3.46679
data,1,0.22896,0.20212,0.4404,0.40224,0.77442,0.45872,0.9137,1,0,0.789921
data,1,0.24945,0.17484,1,0.79392,0.48234,0.53008,1.1578,0,1,0.182895
data,1,0.23379,0.20456,0.60744,0.40836,0.38256,0.28036,1.3553,0,0,4.60461
data,1,0.15939,0.26556,1,0.77478,0.3717,0.5058,0.7007,0,0,2.44307
data,1,0.17127,0.24594,1,0.89484,0.48834,0.53428,0.9216,1,1,0.172381
data,1,0.17901,0.11484,0.60256,0.4908,0.38712,0.45156,0.8308,1,1,0.322115
data,1,0.42054,0.27518,0.58928,0.516,0.66276,0.21424,1.0585,0,0,6.36321
data,1,0.27684,0.11114,0.7148,0.87168,0.41778,0.35336,1.0776,0,0,1.73929
data,1,0.36912,0.26902,0.5132,0.7371,0.55584,0.3788,0.5077,0,0,2.52565
data,1,0.21615,0.23782,0.84568,0.81864,0.72618,0.5632,1.2764,0,1,0.358275
data,1,0.26898,0.101,1,0.47844,0.8451,0.46504,0.8795,0,0,1.82825
data,1,0.42873,0.14346,0.7912,0.4041,0.4248,0.3748,0.5855,0,1,0.721829
data,1,0.15003,0.1077,0.88608,0.37812,0.58356,0.57312,1.1372,1,1,0.296587
data,1,0.23514,0.28348,0.67952,0.58332,0.64314,0.51164,0.7831,0,0,3.76349
data,1,0.24126,0.13698,0.87992,0.3399,0.66576,0.31156,0.5576,1,1,0.358972
data,1,0.3306,0.10224,0.912,0.56034,0.87816,0.55352,1.3124,1,1,0.338598
data,1,0.41571,0.2358,1,0.78282,0.79626,0.31592,0.9792,0,1,0.226403
data,1,0.36663,0.24822,0.73584,0.58092,0.79284,0.38508,1.0867,0,1,1.75556
data,1,0.26838,0.17554,0.58616,0.5895,0.56814,0.42984,0.5623,1,1,0.654022
data,1,0.26154,0.16426,0.59288,0.67296,0.74562,0.5914,1.1566,0,0,5.21131
data,1,0.17043,0.28648,0.47512,0.74454,0.50286,0.41392,0.6629,1,1,0.652719
data,1,0.24819,0.27868,0.82864,0.64752,0.64734,0.23636,0.9538,1,0,2.16545
data,1,0.28359,0.21668,0.8064,0.5442,0.3522,0.25032,0.7064,1,1,0.406247
data,1,0.24261,0.18504,1,0.76938,0.85764,0.30128,0.7782,1,1,0.17493
data,1,0.37884,0.2636,1,0.78624,0.32706,0.26636,1.1109,1,1,0.167871
data,1,0.19191,0.25424,0.95328,0.46344,0.59394,0.24768,0.7832,1,0,1.84528
data,1,0.15486,0.20808,0.69008,0.76446,0.51252,0.2392,1.0385,1,1,0.491751
data,1,0.35745,0.28816,1,0.71844,0.71724,0.43848,0.687,0,0,3.59759
data,1,0.29958,0.21454,0.57608,0.48504,0.58608,0.58676,0.5986,0,0,2.38188
data,1,0.25914,0.12248,0.49744,0.38616,0.663,0.4112,0.735,0,1,1.55991
data,1,0.15393,0.14076,0.59216,0.68448,0.86964,0.52312,0.5598,1,0,0.476107
data,1,0.35313,0.13024,1,0.49548,0.51222,0.41016,1.1843,0,0,3.87256
data,1,0.21735,0.11438,0.98688,0.85068,0.60372,0.21572,0.6149,1,0,0.573266
data,1,0.40086,0.20754,0.99624,0.49902,0.39522,0.49948,1.3719,0,1,0.619601
data,1,0.23013,0.25404,0.99728,0.67314,0.53466,0.41984,0.7192,0,0,2.56625
data,1,0.19158,0.2031,1,0.77262,0.39798,0.48548,0.8699,0,0,2.83082
data,1,0.29046,0.16646,0.78888,0.73122,0.4617,0.24924,0.8718,0,1,0.874907
data,1,0.21657,0.12578,0.84288,0.68304,0.6834,0.27316,0.5094,1,1,0.240608
data,1,0.39528,0.13808,0.86576,0.44514,0.5007,0.20272,0.8339,1,0,1.77822
data,1,0.23316,0.28138,1,0.58872,0.459,0.27288,0.627,1,1,0.4645
data,1,0.22026,0.23002,1,0.49146,0.79788,0.41388,0.6969,0,0,2.42557
data,1,0.38265,0.13434,1,0.31878,0.62448,0.2246,1.4573,1,0,3.0165
data,1,0.17052,0.20086,0.65664,0.47922,0.6834,0.38164,0.7905,1,1,0.353588
data,1,0.43224,0.11066,0.5036,0.80778,0.4374,0.40044,1.3688,0,1,2.68728
data,1,0.31305,0.26144,0.86824,0.59988,0.45894,0.475,0.9518,0,0,4.22272
data,1,0.43365,0.22736,0.71952,0.78774,0.41886,0.36568,0.6697,0,0,2.47743
data,1,0.2859,0.21486,1,0.74964,0.74694,0.28576,1.0509,1,0,1.00764
data,1,0.41571,0.24032,0.50008,0.46128,0.31944,0.53268,1.1211,1,1,1.96242
data,1,0.43875,0.15892,0.82544,0.89922,0.43194,0.52772,1.3826,0,0,5.05639
data,1,0.19761,0.2966,1,0.33786,0.75552,0.45452,0.6893,0,1,1.33217
data,1,0.39966,0.19544,0.42744,0.52932,0.8583,0.43984,1.0418,0,0,4.13115
data,1,0.21294,0.18696,0.91464,0.68694,0.68388,0.36844,0.7573,1,1,0.32999
data,1,0.43809,0.18308,0.67392,0.312,0.35154,0.52068,1.4945,1,1,1.32903
data,1,0.43434,0.29272,0.66816,0.54144,0.66078,0.32312,1.1908,0,0,6.32842
