TARGET,N1A,N1L,P2A,P2L,N2A,N2L,P3A,P3L,SCRA,SCRL,RT,SCL,DELTA,THETA,ALPHA,BETA
1,-7.86,108.00,4.32,160.00,1.91,208.00,10.66,300.00,.32,4.08,.42,3.17,13.37,5.96,3.62,15.28
2,-6.03,104.00,9.87,172.00,4.33,252.00,8.79,388.00,.25,4.00,.32,3.53,8.08,8.06,2.92,13.01
3,-7.57,92.00,6.95,176.00,.17,232.00,9.86,280.00,.30,4.37,.34,3.28,9.77,4.99,3.51,14.76
4,-8.37,104.00,9.43,152.00,4.76,186.68,7.86,352.00,.28,3.53,.48,4.02,7.91,8.73,7.65,16.35
5,-7.35,124.00,2.48,156.00,-2.09,216.00,8.84,384.00,.26,3.95,.30,3.27,9.87,7.47,5.13,13.81
6,-9.57,100.00,4.72,160.00,-3.46,208.00,11.71,312.00,.30,4.21,.28,3.34,15.18,6.59,5.58,18.49
7,-13.63,112.00,-.41,168.00,-4.90,224.00,10.99,316.00,.25,3.65,.28,3.31,7.85,12.87,5.74,19.92
8,-7.46,124.00,1.44,180.00,-6.33,220.00,5.30,280.00,.25,4.00,.29,3.22,9.96,11.90,6.93,17.58
9,-6.77,100.00,8.18,168.00,-3.30,236.00,15.21,340.00,.21,4.27,.30,3.26,10.17,16.00,6.06,16.32
10,-14.84,96.00,9.62,152.00,-5.27,236.00,10.38,368.00,.20,3.91,.31,3.30,13.37,16.05,10.00,18.10
11,-11.45,96.00,5.61,160.00,-2.93,208.00,5.56,404.00,.26,4.26,.32,3.30,6.75,14.84,7.33,16.55
12,-13.85,104.00,3.69,172.00,-1.89,288.00,7.83,400.00,.32,3.96,.38,3.48,13.09,14.43,4.71,18.04
13,-16.30,92.00,3.74,160.00,-9.13,224.00,18.15,352.00,.26,3.84,.28,3.42,10.62,17.16,6.75,18.67
14,-7.79,92.00,2.34,184.00,-3.48,232.00,14.24,308.00,.26,3.98,.31,3.58,6.22,9.09,7.42,17.89
15,-12.14,96.00,1.20,152.00,-2.40,228.00,7.62,364.00,.22,3.62,.33,3.44,12.34,12.85,8.70,16.46
16,-7.60,124.00,5.31,188.00,-1.76,236.00,9.25,356.00,.36,3.77,.29,3.90,12.73,12.00,5.62,17.35
17,-6.51,120.00,6.65,184.00,-4.04,272.00,5.23,456.00,.30,3.74,.37,3.46,11.02,7.65,5.25,20.85
18,-4.43,84.00,7.26,180.00,-4.34,220.00,22.33,372.00,.20,4.10,.29,3.08,12.96,14.40,8.07,19.66
19,-7.58,84.00,5.38,200.00,-6.19,244.00,9.65,448.00,.16,3.62,.30,3.44,14.85,9.42,7.03,19.40
20,-8.22,100.00,9.96,160.00,-1.78,216.00,13.23,316.00,.23,3.44,.31,3.69,14.06,13.42,5.02,21.04
21,-4.80,104.00,2.62,200.00,-.45,288.00,17.42,520.00,.23,3.46,.33,3.61,14.21,8.39,4.81,19.72
22,-.06,108.00,9.55,176.00,-.62,228.00,6.24,316.00,.32,3.80,.29,3.91,15.58,21.65,9.63,18.03
23,-11.87,104.00,1.46,176.00,-6.38,212.00,8.61,352.00,.31,4.71,.30,3.26,10.21,12.76,8.79,21.64
24,-8.34,96.00,7.88,172.00,-6.00,232.00,7.86,288.24,.27,3.91,.30,3.50,12.88,16.13,8.58,19.24
25,-11.12,112.00,.36,160.00,-4.39,228.00,7.37,312.00,.18,5.10,.30,3.22,14.42,10.09,7.29,17.86
26,-14.66,104.00,7.57,172.00,-4.34,224.00,10.08,360.00,.21,3.44,.32,3.59,13.49,10.13,7.69,18.54
27,-11.39,104.00,-3.65,176.00,-7.15,232.00,9.32,372.00,.19,4.13,.33,3.41,9.81,15.36,12.22,15.00
28,-5.24,96.00,10.97,176.00,-2.67,216.00,12.95,312.00,.20,3.96,.36,3.21,10.66,11.76,5.54,17.25
29,-8.00,-8.36,2.88,156.00,-.69,288.00,8.79,476.00,.23,3.88,.35,3.24,8.53,13.32,5.38,15.74
30,-14.48,96.00,1.73,156.00,-4.42,228.00,6.61,324.00,.25,3.65,.32,3.64,16.51,21.25,8.20,17.22
31,-13.13,84.00,-1.13,192.00,-6.36,236.00,5.47,352.00,.17,4.33,.33,3.29,18.66,15.97,5.82,21.92
32,-9.87,92.00,2.92,180.00,-5.33,236.00,9.65,348.00,.21,4.06,.35,3.29,11.82,6.14,5.26,14.97
33,-7.38,108.00,-.60,180.00,-4.58,232.00,7.80,312.00,.24,4.41,.35,3.55,10.42,14.24,9.51,18.92
34,-6.52,108.00,2.61,200.00,-2.87,288.00,6.37,456.00,.27,3.97,.36,3.31,11.95,15.27,4.86,15.88
35,-17.69,100.00,-1.28,164.00,-6.56,244.00,4.45,388.00,.21,4.62,.34,3.14,15.65,11.27,6.09,15.43
36,-10.38,100.00,8.77,176.00,1.73,212.00,13.94,360.00,.22,3.36,.35,3.22,7.68,10.68,6.04,17.28
37,-10.03,116.00,3.94,188.00,-3.97,228.00,10.36,344.00,.28,4.07,.33,3.41,11.25,11.20,8.94,14.48
38,-12.75,108.00,-.89,172.00,-3.41,288.00,6.57,484.00,.28,4.39,.37,3.62,10.28,9.98,7.15,21.45
39,-7.40,132.00,4.65,200.00,-1.65,252.00,8.80,328.00,.21,3.62,.32,3.12,7.84,13.94,6.45,17.35
40,-8.82,120.00,2.58,196.00,-1.68,224.00,11.52,284.00,.20,3.80,.31,3.27,10.74,9.75,5.77,21.41
