a
b
xx(1)
o,1540,1,1,1,29,9.33
o,1540,1,1,5,29,8.02
o,1540,1,1,9,29,8.19
o,1540,1,5,1,29,8.20
o,1540,1,5,5,29,8.07
o,1540,1,5,9,29,8.17
o,1540,1,9,1,29,8.28
o,1540,1,9,5,29,8.18
o,1540,1,9,9,29,8.14
a
b
xx(2)
o,1540,2,1,1,31,8.52
o,1540,2,1,5,31,7.88
o,1540,2,1,9,31,7.85
o,1540,2,5,1,31,8.37
o,1540,2,5,5,31,7.93
o,1540,2,5,9,31,7.86
o,1540,2,9,1,31,8.36
o,1540,2,9,5,31,7.91
o,1540,2,9,9,31,7.87
a
b
xx(3)
o,1540,3,1,1,27,14.73
o,1540,3,1,5,27,14.18
o,1540,3,1,9,27,14.38
o,1540,3,5,1,27,14.66
o,1540,3,5,5,27,14.19
o,1540,3,5,9,27,14.21
o,1540,3,9,1,27,14.48
o,1540,3,9,5,27,14.12
o,1540,3,9,9,27,14.02
a
b
xx(4)
o,1540,4,1,1,34,9.59
o,1540,4,1,5,33,11.36
o,1540,4,1,9,34,10.50
o,1540,4,5,1,34,10.94
o,1540,4,5,5,34,10.42
o,1540,4,5,9,34,10.46
o,1540,4,9,1,34,11.45
o,1540,4,9,5,34,10.49
o,1540,4,9,9,34,10.65
a
b
xx(5)
o,1540,5,1,1,28,8.76
o,1540,5,1,5,28,7.99
o,1540,5,1,9,28,8.04
o,1540,5,5,1,28,8.52
o,1540,5,5,5,28,8.01
o,1540,5,5,9,28,7.92
o,1540,5,9,1,28,8.43
o,1540,5,9,5,28,8.00
o,1540,5,9,9,28,7.97
