ht0 -n1 10 -n2 1  -re   -c -l 112 -i
goals = NonRoots/2
roots = roots

a
b
xx(1)
o,688,1,1,1,30,1.41
o,688,1,1,5,30,1.08
o,688,1,1,9,30,1.05
o,688,1,5,1,30,1.12
o,688,1,5,5,30,1.06
o,688,1,5,9,30,1.06
o,688,1,9,1,30,1.15
o,688,1,9,5,30,1.05
o,688,1,9,9,30,1.05
a
b
xx(2)
o,688,2,1,1,30,1.11
o,688,2,1,5,30,0.93
o,688,2,1,9,30,0.93
o,688,2,5,1,30,1.04
o,688,2,5,5,30,0.95
o,688,2,5,9,30,0.94
o,688,2,9,1,30,1.04
o,688,2,9,5,30,0.95
o,688,2,9,9,30,0.94
a
b
xx(3)
o,688,3,1,1,36,1.37
o,688,3,1,5,36,1.18
o,688,3,1,9,36,1.13
o,688,3,5,1,36,1.28
o,688,3,5,5,36,1.17
o,688,3,5,9,36,1.15
o,688,3,9,1,36,1.27
o,688,3,9,5,36,1.14
o,688,3,9,9,36,1.15
a
b
xx(4)
o,688,4,1,1,28,0.78
o,688,4,1,5,28,0.64
o,688,4,1,9,28,0.65
o,688,4,5,1,28,0.76
o,688,4,5,5,28,0.65
o,688,4,5,9,28,0.64
o,688,4,9,1,28,0.76
o,688,4,9,5,28,0.65
o,688,4,9,9,28,0.64
a
b
xx(5)
o,688,5,1,1,24,1.12
o,688,5,1,5,24,1.02
o,688,5,1,9,24,1.00
o,688,5,5,1,24,1.11
o,688,5,5,5,24,1.01
o,688,5,5,9,24,0.99
o,688,5,9,1,24,1.11
o,688,5,9,5,24,1.00
o,688,5,9,9,24,0.99
