ht0 -n1 10 -n2 1  -re   -c -l 28 -i

a
b
xx(1)
o,272,1,1,1,38,0.14
o,272,1,1,5,38,0.11
o,272,1,1,9,38,0.10
o,272,1,5,1,38,0.12
o,272,1,5,5,38,0.10
o,272,1,5,9,38,0.10
o,272,1,9,1,38,0.12
o,272,1,9,5,38,0.10
o,272,1,9,9,38,0.10
a
b
xx(2)
o,272,2,1,1,55,0.16
o,272,2,1,5,55,0.13
o,272,2,1,9,55,0.13
o,272,2,5,1,55,0.14
o,272,2,5,5,55,0.13
o,272,2,5,9,55,0.12
o,272,2,9,1,55,0.15
o,272,2,9,5,55,0.13
o,272,2,9,9,55,0.12
a
b
xx(3)
o,272,3,1,1,44,0.20
o,272,3,1,5,44,0.16
o,272,3,1,9,44,0.16
o,272,3,5,1,44,0.18
o,272,3,5,5,44,0.16
o,272,3,5,9,44,0.16
o,272,3,9,1,44,0.18
o,272,3,9,5,44,0.16
o,272,3,9,9,44,0.16
a
b
xx(4)
o,272,4,1,1,37,0.18
o,272,4,1,5,37,0.15
o,272,4,1,9,37,0.14
o,272,4,5,1,37,0.16
o,272,4,5,5,37,0.14
o,272,4,5,9,37,0.14
o,272,4,9,1,37,0.16
o,272,4,9,5,37,0.14
o,272,4,9,9,37,0.14
a
b
xx(5)
o,272,5,1,1,45,0.14
o,272,5,1,5,45,0.11
o,272,5,1,9,45,0.11
o,272,5,5,1,45,0.12
o,272,5,5,5,45,0.10
o,272,5,5,9,45,0.10
o,272,5,9,1,45,0.12
o,272,5,9,5,45,0.10
o,272,5,9,9,45,0.10