5.983
2.727
11.64
5.225
17.117
9.236
13.472
14.899
14.402
4.142
6.191
6.859
14.067
11.048
17.28
11.782
8.223
11.375
4.811
0.714
4.426
2.053
12.475
7.157
9.171
23.692
20.597
11.291
14.238
10.622
14.845
4.829
11.119
8.659
6.191
12.589
3.104
10.04
19.737
13.58
8.919
15.641
18.536
10.532
2.513
7.76
19.286
16.571
11.613
11.904
11.999
12.444
3.41
11.583
11.484
5.598
9.922
11.349
12.85
10.968
18.833
14.619
14.396
8.157
16.643
0
16.348
11.803
8.273
12.202
11.729
11.935
4.718
17.473
1.453
7.618
8.028
1.525
6.481
13.027
0
8.313
15.238
2.05
11.102
8.327
7.33
12.552
11.92
1.415
6.739
0
6.491
14.231
12.058
13.816
10.299
8.155
12.646
7.386
24.061
5.378
13.62
5.621
10.688
16.012
9.911
16.369
3.212
12.245
5.218
0
7.586
11.382
9.283
12.309
11.656
20.299
10.759
13.603
11.127
9.733
9.449
14.722
22.841
8.49
19.427
6.755
15.094
12.822
15.889
12.026
4.046
9.808
9.925
12.012
13.423
10.07
18.838
16.266
8.582
12.61
6.971
0
14.626
13.349
11.615
14.307
11.496
12.51
18.808
16.96
14.904
6.968
12.712
10.694
11.182
9.37
13.678
5.557
3.9
8.359
10.895
8.993
6.336
6.024
18.409
12.014
9.344
22.095
21.359
2.093
15.018
13.002
9.019
22.344
18.064
11.659
0
15.156
23.524
15.979
16.504
11.846
5.267
1.213
6.903
19.071
9.775
9.443
8.585
12.482
7.345
11.493
5.947
14.507
8.808
5.05
19.072
2.083
13.22
7.368
10.227
8.475
8.384
6.283
16.075
7.832
0
2.484
12.524
11.627
1.363
3.77
13.569
16.412
9.584
6.627
14.716
12.752
20.568
12.313
0
8.044
13.538
13.926
20.465
6.919
3.789
6.884
12.199
10.907
17.324
9.075
14.552
8.31
12.603
12.918
9.543
12.095
9.805
11.474
15.252
12.325
9.888
17.769
14.951
7.009
0
4.184
13.202
4.769
10.295
6.413
14.105
18.12
14.186
3.507
4.653
6.619
2.73
14.484
6.285
3.856
8.382
1.143
10.203
12.238
0.674
20.067
16.091
10.459
4.319
13.07
8.962
15.828
17.837
8.594
9.477
16.826
7.877
7.582
0
0.018
29.772
8.52
6.349
13.449
4.935
5.765
8.61
17.742
15.237
10.031
7.749
14.635
17.365
7.608
7.54
4.73
12.247
9.795
18.833
17.937
6.171
15.339
19.361
12.525
8.372
0
13.068
5.181
14.305
0
15.872
19.108
13.918
4.746
8.642
10.407
14.13
22.383
18.152
9.215
7.658
9.659
22.898
13.188
11.741
15.383
11.911
3.97
20.382
6.712
18.632
12.758
2.386
13.291
13.329
8.395
10.243
3.575
11.028
10.574
19.105
15.582
3.163
13.449
14.796
3.507
17.655
6.558
8.947
8.001
9.672
11.617
9.629
15.793
19.288
11.196
14.754
8.486
11.56
15.403
5.507
9.252
9.646
9.138
16.257
14.543
12.492
4.458
17.957
10.272
13.832
12.657
17.043
16.727
3.609
9.063
6.02
10.135
14.843
12.924
0
15.279
14.135
9.614
12.403
2.396
17.825
8.587
13.332
12.28
10.811
15.006
8.115
2.383
11.912
16.227
9.333
12.165
6.745
11.268
8.991
21.452
12.377
3.607
19.655
12.253
8.289
11.189
17.526
20.513
11.689
14.807
4.998
12.591
7.841
9.43
20.526
17.189
8.943
12.63
0.242
9.202
5.125
6.035
6.458
5.222
8.858
6.413
13.839
10.902
4.809
18.075
9.856
3.134
14.58
7.114
9.506
12.752
8.807
12.628
14.922
0
14.69
16.325
20.254
2.764
14.275
15.189
10.311
2.271
20.463
16.93
14.067
9.637
9.167
11.542
4.246
4.746
8.603
11.857
4.99
14.475
13.917
16.725
8.28
27.223
13.361
6.486
17.465
5.328
7.164
10.599
10.753
17.104
11.692
19.748
6.28
20.384
11.395
9.015
8.537
18.481
2.131
7.935
11.927
7.798
19.632
17.371
12.483
10.578
13.747
7.252
15.934
6.65
0
18.412
13.052
3.596
11.939
20.302
25.376
12.355
9.537
11.398
10.906
10.758
2.015
11.767
9.649
8.919
9.207
8.134
11.783
6.402
14.308
20.569
0.336
10.463
9.384
12.718
14.582
4.927
2.553
5.624
4.375
18.493
7.22
9.376
5.579
8.703
5.968
0
5.508
13.66
3.955
10.676
11.157
10.256
6.85
9.107
14.309
15.64
13.787
3.017
12.45
5.275
14.576
5.394
8.292
0
9.44
6.096
5.291
17.987
14.138
10.716
0.141
16.943
6.305
8.872
9.957
13.373
11.856
18.028
5.096
11.105
14.394
12.199
14.305
14.457
5.066
16.223
6.509
12.872
11.514
13.577
1.679
16.706
14.526
11.803
5.858
16.463
13.463
15.519
12.122
11.514
10.503
0.17
8.645
7.415
13.78
10.247
4.946
6.468
12.265
10.664
10.688
9.676
3.802
1.888
15.74
8.921
9.601
3.571
7.7
19.469
11.798
12.616
8.984
11.956
7.483
4.04
15.996
12.045
12.526
23.481
9.934
6.372
18.71
2.878
7.645
12.546
21.111
13.51
11.618
16.686
1.091
9.606
12.726
3.572
15.771
10.285
11.591
17.043
15.849
11.334
10.937
9.376
11.473
5.601
7.905
10.91
10.322
11.639
6.777
12.819
10.211
10.397
10.278
9.157
11.849
16.173
8.581
12.823
9.224
15.598
7.068
11.891
6.514
9.539
10.145
4.796
10.901
17.853
13.22
14.227
1.142
11.025
6.661
18.742
19.87
9.654
13.63
15.51
15.896
6.24
11.799
14.855
8.927
5.384
4.107
6.936
7.617
17.41
3.728
10.738
2.449
3.863
0
13.67
17.122
10.701
13.299
3.72
1.165
14.478
2.168
22.813
4.038
16.042
14.434
13.294
8.446
2.915
15.977
14.287
12.128
4.94
17.968
4.53
8.953
10.367
13.019
5.519
9.454
12.872
0
11.516
8.303
11.213
12.289
14.518
10.355
12.902
10.493
14.539
13.042
3.592
11.958
13.393
14.243
7.39
2.294
10.74
8.572
24.455
16.002
14.983
11.083
8.689
15.95
7.269
17.272
0
21.812
0
19.832
8.739
14.87
12.368
15.985
20.174
17.826
14.288
10.711
13.249
17.217
2.796
13.046
5.122
1.285
13.866
13.864
14.691
6.477
3.904
9.653
14.485
19.675
11.782
9.616
6.387
11.041
13.36
4.323
12.203
15.261
14.134
13.422
10.574
21.252
9.442
0.953
11.504
14.277
15.785
5.207
10.847
19.223
3.821
11.917
10.262
10.044
12.367
7.015
6.316
19.437
17.721
3.807
8.46
5.6
3.318
10.58
6.709
8.268
11.611
6.968
5.262
15.902
16.581
9.98
13.308
10.526
13.363
5.619
14.726
12.294
11.478
10.955
11.188
4.048
22.509
8.931
13.406
4.706
5.55
6.292
13.447
21.123
8.353
11.231
12.911
9.198
7.88
27.885
22.445
22.29
1.235
12.143
13.303
1.203
22.792
16.573
7.981
12.944
16.409
5.602
10.886
11.825
17.529
9.908
8.982
9.229
9.153
14.155
10.415
16.105
7.627
4.64
15.59
11.179
14.079
8.624
14.113
17.008
10.178
14.446
7.016
7.665
18.423
16.707
11.539
15.285
6.466
6.092
9.911
14.56
2.609
14.045
16.714
11.833
10.379
11.755
9.707
0
0
17.545
17.532
2.494
14.67
18.523
14.538
17.779
8.79
16.593
5.077
8.93
10.87
10.495
17.144
11.359
6.508
10.481
14.354
15.748
13.41
12.918
21.688
25.26
13.54
12.043
4.933
10.748
12.936
16.301
14.29
20.13
15.26
10.092
11.18
11.094
16.64
10.952
10.208
9.486
6.23
7.407
10.899
13.087
1.58
7.129
10.572
10.411
6.76
11.32
5.861
15.295
11.687
6.793
17.104
0
4.429
3.517
2.385
8.145
0.779
20.418
8.897
11.309
3.337
14.784
0
20.329
15.909
12.374
19.125
13.796
20.753
11.198
11.454
12.868
19.192
14.288
7.064
14.399
13.014
11.963
18.776
9.99
8.352
10.489
11.436
5.078
7.603
12.759
4.367
5.884
14.063
8.254
14.927
0
9.981
10.025
3.23
12.572
15.298
13.219
4.63
3.131
9.87
7.867
13.481
14.152
5.599
9.074
11.25
