5.983
2.727
11.64
5.225
17.117
9.236
13.472
14.899
14.402
4.142
6.191
6.859
14.067
11.048
17.28
11.782
8.223
11.375
4.811
0.714
4.426
2.053
12.475
7.157
9.171
23.692
20.597
11.291
14.238
10.622
14.845
4.829
11.119
8.659
6.191
12.589
3.104
10.04
19.737
13.58
8.919
15.641
18.536
10.532
2.513
7.76
19.286
16.571
11.613
11.904
11.999
12.444
3.41
11.583
11.484
5.598
9.922
11.349
12.85
10.968
18.833
14.619
14.396
8.157
16.643
0
16.348
11.803
8.273
12.202
11.729
11.935
4.718
17.473
1.453
7.618
8.028
1.525
6.481
13.027
0
8.313
15.238
2.05
11.102
8.327
7.33
12.552
11.92
1.415
6.739
0
6.491
14.231
12.058
13.816
10.299
8.155
12.646
7.386
24.061
5.378
13.62
5.621
10.688
16.012
9.911
16.369
3.212
12.245
5.218
0
7.586
11.382
9.283
12.309
11.656
20.299
10.759
13.603
11.127
9.733
9.449
14.722
22.841
8.49
19.427
6.755
15.094
12.822
15.889
12.026
4.046
9.808
9.925
12.012
13.423
10.07
18.838
16.266
8.582
12.61
6.971
0
14.626
13.349
11.615
14.307
11.496
12.51
18.808
16.96
14.904
6.968
12.712
10.694
11.182
9.37
13.678
5.557
3.9
8.359
10.895
8.993
6.336
6.024
18.409
12.014
9.344
22.095
21.359
2.093
15.018
13.002
9.019
22.344
18.064
11.659
0
15.156
23.524
15.979
16.504
11.846
5.267
1.213
6.903
19.071
9.775
9.443
8.585
12.482
7.345
11.493
5.947
14.507
8.808
5.05
19.072
2.083
13.22
7.368
10.227
8.475
8.384
6.283
16.075
7.832
0
2.484
12.524
11.627
1.363
3.77
13.569
16.412
9.584
6.627
14.716
12.752
20.568
12.313
0
8.044
13.538
13.926
20.465
6.919
3.789
6.884
12.199
10.907
17.324
9.075
14.552
8.31
12.603
12.918
9.543
12.095
9.805
11.474
15.252
12.325
9.888
17.769
14.951
7.009
0
4.184
13.202
4.769
10.295
6.413
14.105
18.12
14.186
3.507
4.653
6.619
2.73
14.484
6.285
3.856
8.382
1.143
10.203
12.238
0.674
20.067
16.091
10.459
4.319
13.07
8.962
15.828
17.837
8.594
9.477
16.826
7.877
7.582
0
0.018
29.772
8.52
6.349
13.449
4.935
5.765
8.61
17.742
15.237
10.031
7.749
14.635
17.365
7.608
7.54
4.73
12.247
9.795
18.833
17.937
6.171
15.339
19.361
12.525
8.372
0
13.068
5.181
14.305
0
15.872
19.108
13.918
4.746
8.642
10.407
14.13
22.383
18.152
9.215
7.658
9.659
22.898
13.188
11.741
15.383
11.911
3.97
20.382
6.712
18.632
12.758
2.386
13.291
13.329
8.395
10.243
3.575
11.028
10.574
19.105
15.582
3.163
13.449
14.796
3.507
17.655
6.558
8.947
8.001
9.672
11.617
9.629
15.793
19.288
11.196
14.754
8.486
11.56
15.403
5.507
9.252
9.646
9.138
16.257
14.543
12.492
4.458
17.957
10.272
13.832
12.657
17.043
16.727
3.609
9.063
6.02
10.135
14.843
12.924
0
15.279
14.135
9.614
12.403
2.396
17.825
8.587
13.332
12.28
10.811
15.006
8.115
2.383
11.912
16.227
9.333
12.165
6.745
11.268
8.991
21.452
12.377
3.607
19.655
12.253
8.289
11.189
17.526
20.513
11.689
14.807
4.998
12.591
7.841
9.43
20.526
17.189
8.943
12.63
0.242
9.202
5.125
6.035
6.458
5.222
8.858
6.413
13.839
10.902
4.809
18.075
9.856
3.134
14.58
7.114
9.506
12.752
8.807
12.628
14.922
0
14.69
16.325
20.254
2.764
14.275
15.189
10.311
2.271
20.463
16.93
14.067
9.637
9.167
11.542
4.246
4.746
8.603
11.857
4.99
14.475
13.917
16.725
8.28
27.223
13.361
6.486
17.465
5.328
7.164
10.599
10.753
17.104
11.692
19.748
6.28
20.384
11.395
9.015
8.537
18.481
2.131
7.935
11.927
7.798
19.632
17.371
12.483
10.578
13.747
7.252
15.934
6.65
0
18.412
13.052
3.596
11.939
20.302
25.376
12.355
9.537
11.398
10.906
10.758
2.015
11.767
9.649
8.919
9.207
8.134
11.783
6.402
14.308
20.569
0.336
10.463
9.384
12.718
14.582
4.927
2.553
5.624
4.375
18.493
7.22
9.376
5.579
8.703
5.968
0
5.508
13.66
3.955
10.676
11.157
10.256
6.85
9.107
14.309
15.64
13.787
3.017
12.45
5.275
14.576
5.394
8.292
0
9.44
6.096
5.291
17.987
14.138
10.716
0.141
16.943
6.305
8.872
9.957
13.373
11.856
18.028
5.096
11.105
14.394
12.199
14.305
14.457
5.066
16.223
6.509
12.872
11.514
13.577
1.679
16.706
14.526
11.803
5.858
16.463
13.463
15.519
12.122
11.514
10.503
0.17
8.645
7.415
13.78
10.247
4.946
6.468
12.265
10.664
10.688
9.676
3.802
1.888
15.74
8.921
9.601
3.571
7.7
19.469
11.798
12.616
8.984
11.956
7.483
4.04
15.996
12.045
12.526
23.481
9.934
6.372
18.71
2.878
7.645
12.546
21.111
13.51
11.618
16.686
1.091
9.606
12.726
3.572
15.771
10.285
11.591
17.043
15.849
11.334
10.937
9.376
11.473
5.601
7.905
10.91
10.322
11.639
6.777
12.819
10.211
10.397
10.278
9.157
11.849
16.173
8.581
12.823
9.224
15.598
7.068
11.891
6.514
9.539
10.145
4.796
10.901
17.853
13.22
14.227
1.142
11.025
6.661
18.742
19.87
9.654
13.63
15.51
15.896
6.24
11.799
14.855
8.927
5.384
4.107
6.936
7.617
17.41
3.728
10.738
2.449
3.863
0
13.67
17.122
10.701
13.299
3.72
1.165
14.478
2.168
22.813
4.038
16.042
14.434
13.294
8.446
2.915
15.977
14.287
12.128
4.94
17.968
4.53
8.953
10.367
13.019
5.519
9.454
12.872
0
11.516
8.303
11.213
12.289
14.518
10.355
12.902
10.493
14.539
13.042
3.592
11.958
13.393
14.243
7.39
2.294
10.74
8.572
24.455
16.002
14.983
11.083
8.689
15.95
7.269
17.272
0
21.812
0
19.832
8.739
14.87
12.368
15.985
20.174
17.826
14.288
10.711
13.249
17.217
2.796
13.046
5.122
1.285
13.866
13.864
14.691
6.477
3.904
9.653
14.485
19.675
11.782
9.616
6.387
11.041
13.36
4.323
12.203
15.261
14.134
13.422
10.574
21.252
9.442
0.953
11.504
14.277
15.785
5.207
10.847
19.223
3.821
11.917
10.262
10.044
12.367
7.015
6.316
19.437
17.721
3.807
8.46
5.6
3.318
10.58
6.709
8.268
11.611
6.968
5.262
15.902
16.581
9.98
13.308
10.526
13.363
5.619
14.726
12.294
11.478
10.955
11.188
4.048
22.509
8.931
13.406
4.706
5.55
6.292
13.447
21.123
8.353
11.231
12.911
9.198
7.88
27.885
22.445
22.29
1.235
12.143
13.303
1.203
22.792
16.573
7.981
12.944
16.409
5.602
10.886
11.825
17.529
9.908
8.982
9.229
9.153
14.155
10.415
16.105
7.627
4.64
15.59
11.179
14.079
8.624
14.113
17.008
10.178
14.446
7.016
7.665
18.423
16.707
11.539
15.285
6.466
6.092
9.911
14.56
2.609
14.045
16.714
11.833
10.379
11.755
9.707
0
0
17.545
17.532
2.494
14.67
18.523
14.538
17.779
8.79
16.593
5.077
8.93
10.87
10.495
17.144
11.359
6.508
10.481
14.354
15.748
13.41
12.918
21.688
25.26
13.54
12.043
4.933
10.748
12.936
16.301
14.29
20.13
15.26
10.092
11.18
11.094
16.64
10.952
10.208
9.486
6.23
7.407
10.899
13.087
1.58
7.129
10.572
10.411
6.76
11.32
5.861
15.295
11.687
6.793
17.104
0
4.429
3.517
2.385
8.145
0.779
20.418
8.897
11.309
3.337
14.784
0
20.329
15.909
12.374
19.125
13.796
20.753
11.198
11.454
12.868
19.192
14.288
7.064
14.399
13.014
11.963
18.776
9.99
8.352
10.489
11.436
5.078
7.603
12.759
4.367
5.884
14.063
8.254
14.927
0
9.981
10.025
3.23
12.572
15.298
13.219
4.63
3.131
9.87
7.867
13.481
14.152
5.599
9.074
11.25
8.782
12.682
8.598
11.535
6.286
10.146
10.429
0.407
12.009
5.964
9.142
4.391
7.414
8.791
17.539
7.887
13.092
5.863
7.156
13.219
11.658
15.468
7.987
12.848
6.685
2.477
5.054
8.694
6.39
2.536
8.192
7.77
6.974
4.242
8.046
10.257
0
6.008
1.576
9.89
17.267
13.55
9.229
19.028
16.143
15.212
7.81
6.697
6.201
10.372
12.75
6.52
11.545
0
8.157
5.888
0.096
20.082
12.176
10.749
4.935
0.95
5.832
17.61
9.905
9.693
18.074
6.446
8.013
8.285
4.1
9.356
5.16
6.181
1.208
9.324
3.014
13.839
11.304
14.006
14.594
3.012
8.087
6.342
7.911
7.997
4.901
8.622
14.833
0
3.887
4.853
10.445
12.055
10.343
7.235
0
8.707
6.226
6.318
21.193
10.147
16.578
10.198
9.679
10.182
11.929
9.598
9.253
18.416
8.4
8.388
9.921
4.119
9.755
15.28
9.086
13.95
8.755
4.39
14.511
12.063
8.958
8.719
12.085
19.082
22.405
11.277
0
13.404
12.345
5.688
1.886
7.683
6.456
2.232
9.543
8.911
11.535
10.707
8.89
7.87
11.255
8.395
13.28
4.775
6.85
5.241
13.282
15.102
7.932
11.087
5.779
8.617
8.592
1.626
14.444
11.539
4.454
8.751
5.233
7.058
4.613
9.766
9.656
4.068
8.361
0
13.385
0
1.872
4.958
14.164
8.846
6.539
3.131
10.677
6.762
10.199
6.012
9.445
11.618
11.073
1.206
3.705
7.354
9.196
8.209
7.614
12.358
6.831
8.054
2.809
0
9.682
2.57
12.97
8.681
4.185
5.687
14.428
1.354
7.032
5.48
7.931
16.058
14.558
6.838
8.47
10.513
18.834
13.884
12.777
9.654
7.657
11.922
11.084
10.133
7.359
8.928
9.981
8.78
12.776
10.81
10.671
7.793
3.139
9.641
11.945
10.831
11.146
3.433
3.143
6.11
5.995
6.018
16.614
6.542
8.256
10.277
6.859
6.567
9.067
13.434
6.633
16.463
5.527
9.819
11.597
0
11.397
7.103
7.92
4.826
6.948
1.319
10.433
9.587
6.639
1.388
3.52
12.112
13.9
7.118
6.067
11.823
16.323
17.863
5.797
10.194
9.96
6.37
4.376
0.945
6.276
11.246
5.416
15.08
7.969
12.863
13.997
13.302
6.11
9.022
7.73
10.864
11.941
8.597
2.495
10.854
4.272
10.55
7.825
15.83
10.784
1.814
0.466
9.129
9.603
3.087
7.97
17.114
9.878
6.555
12.354
5.289
6.813
11.393
9.691
7.749
7.899
2.714
4.069
6.676
14.22
4.167
2.229
14.279
16.239
12.757
6.626
16.141
5.556
8.101
7.368
12.913
10.579
14.922
11.54
8.517
12.215
8.675
11.74
6.932
10.188
9.593
7.421
8.378
8.557
11.361
7.512
7.77
9.18
5.117
7.75
7.825
12.451
8.916
5.387
10.06
8.129
12.826
14.425
7.001
7.953
4.036
9.01
7.413
14.779
10.069
18.226
7.34
7.443
1.286
8.294
5.169
0.113
4.476
8.676
0.621
6.008
14.514
0
13.329
14.467
6.157
0
7.831
4.127
8.826
6.833
5.737
14.636
8.305
6.243
4.192
5.941
2.667
13.863
10.094
12.469
10.602
11.682
0
12.727
0.69
9.91
7.631
8.802
15.601
12.128
3.34
9.875
1.198
11.869
10.255
6.589
5.927
8.743
9.296
1.899
5.096
11.725
15.532
6.296
2.815
19.582
7.432
6.638
9.143
16.431
2.1
14.774
12.83
10.354
1.823
4.85
10.04
21.049
3.994
0
14.541
8.022
1.654
6.766
3.175
6.394
5.747
13.427
3.865
3.252
11.474
13.312
9.152
9.746
8.981
15.875
6.848
6.514
13.323
5.542
18.949
9.44
15.002
5.805
13.617
19.831
8.904
6.421
4.645
12.969
8.471
8.193
13.743
15.462
13.781
5.227
4.783
5.156
1.326
9.466
7.606
5.366
3.865
9.928
15.894
14.166
11.388
14.926
11.852
6.889
2.975
14.857
7.977
11.454
15.524
9.43
15.744
9.865
11.412
8.797
0
4.332
5.425
2.946
9.632
9.601
6.477
12.31
10.244
4.472
15.211
7.144
5.193
0
9.51
6.654
5.036
11.396
1.681
9.474
11.856
8.661
10.603
11.724
5.521
0.609
10.429
16.839
6.25
9.04
4.267
5.301
6.7
12.187
12.14
9.362
0.56
13.96
7.648
3.247
9.673
12.555
2.677
8.895
5.559
11.733
7.943
8.984
13.653
8.737
7.533
7.862
7.881
12.639
4.137
8.825
9.539
5.976
6.236
12.307
0.196
10.415
9.379
12.405
19.491
9.514
7.207
5.602
2.811
16.526
17.002
10.533
10.551
8.393
3.829
0.639
8.538
0
5.052
4.344
8.073
0
11.737
15.611
10.037
0.908
7.429
8.193
7.52
6.017
13.785
7.651
10.548
10.191
12.888
10.005
3.642
3.232
8.771
7.561
9.636
4.877
8.462
6.411
5.434
18.798
8.925
15.103
8.908
11.87
14.04
7.155
11.303
6.854
0
4.756
2.428
14.738
13.615
4.846
7.773
0
10.686
10.517
17.214
0
10.163
15.969
13.756
10.314
17.651
6.655
7.188
12.827
11.601
8.041
10.203
9.859
8.434
7.802
9.455
13.949
12.516
11.712
6.255
6.122
14.463
18.786
7.236
13.776
7.097
8.959
0
14.989
8.863
11.632
12.263
5.99
14.538
7.683
12.11
10.124
13.831
16.1
5.639
4.474
0.08
9.917
12.23
14.475
15.858
2.965
6.198
5.992
11.35
1.625
4.466
2.06
7.506
6.434
13.786
10.99
15.192
7.628
14.591
6.194
9.966
6.063
1.162
15.529
1.461
6.972
8.568
8.489
16.598
8.984
7.884
1.941
14.021
10.08
15.939
5.005
0
7.281
12.521
16.109
10.929
6.016
0.435
7.958
4.804
8.977
12.325
16.339
13.702
8.184
12.783
1.229
18.987
5.501
12.585
9.088
10.395
2.269
4.238
9.372
7.112
6.333
15.995
6.318
9.603
6.928
7.751
13.757
4.939
11.828
5.277
6.16
15.511
15.748
0
12.108
11.959
13.358
9.043
13.434
2.718
2.248
3.862
1.875
9.845
8.695
11.382
3.671
7.308
4.596
8.977
8.82
9.171
10.229
8.698
20.017
8.442
11.829
7.114
12.784
6.268
7.93
0.489
16.704
6.158
9.524
12.27
4.566
6.872
6.028
9.22
4.083
5.928
10.167
13.775
16.581
3.956
6.277
7.996
7.663
11.848
14.041
8.184
19.943
10.303
6.845
8.841
6.682
18.403
5.635
7.181
20.461
9.974
6.36
14.409
12.117
5.51
6.721
12.069
13.655
3.827
4.451
10.951
1.1
10.866
9.786
15.362
3.84
7.699
11.641
4.838
8.449
19.073
2.195
5.725
3.236
10.425
1.681
8.961
0
5.318
15.498
5.198
16.465
9.235
11.49
2.955
9.232
9.976
7.338
10.951
13.175
1.307
11.907
10.458
0.051
0.653
10.83
13.099
15.975
4.931
2.549
13.974
10.853
12.372
3.163
3.932
10.968
0.764
6.334
9.795
10.667
17.389
8.825
11.698
12.427
8.061
11.999
14.23
5.928
10.281
7.626
9.364
10.651
5.256
7.813
8.927
6.251
12.366
0.849
11.325
9.19
15.316
7.413
10.267
8.542
17.928
0
9.16
14.138
8.237
5.491
15.78
8.698
10.919
0.356
8.664
7.895
20.249
14.136
16.206
6.878
3.381
0
10.897
12.271
6.633
11.158
5.999
3.786
6.738
14.4
16.259
5.232
7.474
12.596
14.1
13.181
6.294
16.969
6.277
10.217
11.943
13.606
0
5.671
12.446
6.478
9.277
13.174
16.743
6.723
8.055
9.779
14.792
10.47
3.365
2.274
6.539
12.167
7.876
1.15
10.376
3.083
7.488
9.055
0.752
17.847
6.908
6.691
13.839
6.664
10.827
9.759
15.398
0
4.195
7.576
5.758
0
11.378
7.449
14.077
1.035
7.786
9.709
7.118
2.326
6.467
6.878
8.704
2.293
8.326
6.647
3.545
8.696
4.043
17.227
3.307
10.777
9.022
8.029
6.22
7.427
12.809
7.208
14.696
13.728
10.433
9.669
17.243
7.957
17.338
3.159
14.107
9.101
20.717
11.155
8.423
9.339
12.583
5.484
4.652
11.297
11.983
1.612
10.144
4.021
18.623
11.936
6.329
10.819
14.678
11.563
4.955
5.584
10.178
4.837
2.65
5.954
8.222
10.945
9.288
6.643
4.823
5.028
8.179
10.539
3.954
1.899
5.716
3.859
10.831
10.98
4.646
8.21
11.33
6.151
10.51
8.265
10.31
15.272
9.218
4.843
8.954
3.704
8.259
15.06
4.136
11.941
4.591
8.001
10.205
5.491
9.479
11.421
0
8.944
12.5
7.432
6.617
3.771
5.972
3.474
5.089
0.071
7.441
12.269
6.982
5.815
14.62
2.063
12.121
9.555
5.099
5.974
8.009
8.205
0.205
5.871
6.668
2.293
7.474
5.243
3.974
3.353
11.387
3.575
2.937
6.185
7.549
8.463
10.147
4.334
5.401
8.331
10.632
6.378
7.841
9.052
4.731
6.344
7.328
10.224
2.865
6.775
7.431
1.535
6.893
2.244
7.591
9.219
0
11.261
0
12.313
10.547
7.896
6.494
3.357
6.291
3.728
11.676
9.186
8.373
4.971
7.806
11.31
6.056
3.66
13.208
4.829
3.319
8.036
12.971
4.587
5.869
2.868
10.587
2.177
6.06
2.553
11.814
13.134
7.341
2.731
4.491
2.922
0
7.636
6.643
3.209
8.831
8.32
4.837
9.179
2.308
2.759
3.121
6.371
3.637
3.277
0.3
5.986
6.191
7.357
9.873
9.79
12.467
4.97
4.426
8.03
7.066
0.089
13.943
1.905
8.624
7.621
11.049
7.877
4.234
5.641
0
9.318
2.23
14.616
8.305
9.807
2.16
5.538
2.787
5.058
8.823
6.114
16.361
5.341
7.545
7.218
0
5.382
5.478
6.252
13.008
4.18
7.39
8.016
10.283
6.273
8.311
1.601
8.623
3.394
5.884
5.361
2.96
2.707
8.893
0.776
3.358
7.667
6.116
6.646
4.094
7.465
2.161
7.738
3.909
7.155
3.951
8.231
11.112
10.951
2.959
3.948
6.927
0
3.301
5.778
8.893
2.98
9.401
8.939
9.066
4.748
5.114
14.62
4.557
4.268
14.574
4.616
10.521
4.457
7.893
3.809
4.801
10.036
9.558
8.625
4.669
9.231
0.694
8.045
9.385
13.045
3.961
11.114
5.951
6.359
7.317
4.599
9.284
1.32
7.341
11.766
6.748
7.822
4.716
0
0
6.413
2.307
4.001
9.144
0
4.155
1.793
6.564
6.772
9.519
5.07
9.908
8.104
6.526
8.115
4.73
8.318
3.475
7.594
3.57
7.682
4.775
12.416
11.361
4.562
8.358
7.943
4.902
7.897
0
5.809
7.897
3.771
5.612
8.905
7.069
3.934
6.799
6.282
3.71
4.217
4.815
9.381
8.428
6.738
7.414
5.894
8.606
8.841
7.73
2.214
8.569
11.165
9.539
4.345
8.694
7.537
6.946
11.773
7.491
8.941
2.344
3.205
8.532
6.758
9.086
11.898
7.14
4.281
1.21
13.607
7.471
5.556
4.558
3.889
4.983
4.843
10.091
6.85
10.162
12.589
5.788
1.845
7.003
9.698
6.222
2.072
4.456
14.026
9.421
7.483
3.985
8.885
9.459
3.888
7.692
11.07
2.065
7.995
5.145
3.19
1.35
10.011
10.923
7.567
4.679
11.241
5.593
6.61
2.439
5.262
7.338
2.891
11.934
10.624
6.517
4.519
9.921
7.383
7.964
11.894
8.777
8.086
9.629
8.309
4.858
7.788
4.564
6.717
7.614
4.995
5.267
4.672
3.618
7.662
0
0.384
14.3
6.524
8.705
7.681
8.179
11.007
2.528
5.897
6.506
12.549
0.7
4.368
11.838
8.468
7.466
4.217
3.524
8.28
8.202
3.173
9.175
8.073
1.99
5.422
5.622
3.957
8.619
5.026
8.014
6.732
7.052
7.433
3.448
7.97
5.684
5.625
3.709
9.445
6.436
4.059
14.869
11.266
9.082
9.27
8.084
5.846
8.684
6.969
9.001
7.435
5.806
6.367
4.149
3.784
3.205
8.579
4.519
14.866
0
2.767
3.882
3.446
8.099
5.472
12.172
9.703
3.413
1.8
10.994
7.339
5.136
7.156
3.375
7.021
6.522
10.676
9.762
2.421
7.149
12.006
7.995
4.21
1.683
4.687
4.44
5.233
6.397
2.584
10.09
7.475
9.359
6.739
8.493
10.105
0
7.795
2.916
8.156
5.666
2.943
4.492
5.596
5.455
3.391
12.677
9.048
9.714
5.362
4.274
4.659
13.048
9.776
10.011
7.166
5.512
8.707
14.933
4.119
3.893
9.195
3.963
8.998
8.488
2.164
9.344
9.602
10.719
7.988
0
6.956
6.937
2.333
2.911
10.567
5.005
11.424
7.913
15.613
7.91
8.909
5.225
9.859
4.397
9.806
3.619
11.675
4.799
6.581
7.413
6.953
0
9.458
8.533
2.222
1.255
4.648
9.476
5.635
6.712
10.603
8.814
6.786
9.662
8.088
6.324
6.427
3.312
3.403
7.129
1.535
0.722
4.112
4.639
10.81
6.688
8.517
8.662
6.356
13.614
8.081
4.913
9.175
2.221
3.537
0.487
14.446
4.596
5.726
7.293
1.462
9.398
2.577
9.238
7.75
7.39
4.318
8.946
8.151
0
8.956
9.905
9.963
12.295
8.488
7.13
10.527
5.964
0.606
11.184
6.784
5.614
2.311
8.988
3.285
7.629
12.084
9.796
4.57
10.696
5.322
10.126
11.93
4.511
1.496
12.151
8.991
5.008
14.228
1.598
3.713
13.908
12.9
6.261
13.004
6.714
0
4.122
7.189
6.277
2.443
8.834
6.744
0.85
7.942
7.187
7.722
6.024
9.417
3.988
0
10.001
9.945
5.671
10.453
3.37
9.103
5.327
3.161
4.089
1.629
0
11.997
0.72
11.189
11.932
1.47
7.298
7.779
8.684
13.472
10.747
0.031
6.946
6.578
3.196
4.027
8.987
6.404
10.642
4.188
7.436
0.643
5.895
10.501
2.108
6.89
6.077
0
5.544
1.536
3.521
6.263
3.749
4.697
0
6.113
7.256
11.152
7.691
9.556
0
9.545
1.41
12.833
4.695
11.17
0
11.861
8.282
7.816
10.687
7.508
7.853
6.724
5.497
6.961
1.014
5.317
6.535
7.553
6.348
1.899
2.347
4.694
7.565
5.699
5.316
2.145
11.249
11.129
8.158
4.303
15.486
2.706
10.402
4.382
12.56
7.893
2.656
0
10.882
2.519
13.737
4.389
4.347
8.191
9.238
7.485
2.321
2.47
6.058
5.435
7.218
10.295
2.625
7.035
7.58
7.961
6.269
9.424
8.219
9.632
5.564
17.389
8.269
9.941
5.66
4.888
7.582
0.934
11.789
13.15
2.283
2.208
17.213
9.198
12.023
7.038
0
4.195
6.902
5.245
2.86
9.931
0.091
8.504
3.273
9.956
3.869
7.914
4.44
0.254
6.083
3.214
3.809
3.8
5.239
6.243
4.633
2.496
9.998
7.615
7.281
4.226
9.415
13.06
9.958
6.69
13.308
3.523
4.678
16.118
4.038
4.538
8.106
11.354
5.02
6.463
5.431
8.606
10.46
17.06
16.279
9.038
10.35
8.684
7.193
11.067
11.749
3.524
5.622
10.841
12.688
5.049
5.286
7.827
6.339
3.625
4.889
7.109
3.588
1.969
12.137
0
8.228
1.43
6.137
10.056
1.362
10.21
7.463
4.928
10.273
5.337
8.681
11.628
7.481
12.421
0
6.83
9.097
9.269
6.157
13.216
10.219
8.889
4.747
5.671
0
6.374
7.791
0
5.696
6.301
5.337
5.318
5.133
7.391
11.002
6.852
1.331
5.93
5.318
4.942
4.056
3.92
7.471
11.082
5.508
7.404
8.321
5.281
12.458
8.353
1.464
5.383
0.603
9.537
6.093
5.583
8.751
4.703
9.624
8.317
4.336
2.354
8.175
1.582
3.857
2.609
4.205
9.424
0.636
2.78
3.006
9.081
9.671
11.136
0
6.993
7.22
8.226
6.326
6.547
8.068
6.937
4.473
5.049
9.226
3.444
7.803
4.181
3.806
5.1
0
5.252
1.628
4.745
0
8.848
10.868
17.266
7.83
7.532
4.163
2.563
6.096
8.241
5.606
12.314
10.808
9.568
4.708
7.747
3.487
3.27
10.544
6.553
5.996
14.973
11.624
8.13
12.132
11.009
3.423
0.76
5.614
8.296
0.015
8.377
4.769
6.393
6.831
4.642
0
7.826
5.728
10.698
6.65
17.354
14.541
9.977
0
9.054
9.804
10.694
5.551
8.777
9.148
5.873
8.644
6.211
9.849
16.642
9.338
16.395
13.694
0
6.636
2.293
6.133
7.469
5.877
1.129
4.285
7.447
4.317
5.762
5.627
5.609
2.812
3.507
4.63
6.439
5.806
4.76
2.036
7.009
5.489
5.476
5.393
2.625
5.124
3.9
4.59
9.446
6.44
2.344
4.683
4.686
2.786
3.335
3.369
0.413
2.559
2.574
2.22
3.533
0.308
0.941
4.047
4.296
0
6.448
2.293
0.726
0.907
2.879
5.923
7.47
6.674
4.277
7.118
5.066
4.985
3.162
4.008
5.364
5.164
1.66
2.228
5.518
3.478
2.85
4.362
4.454
1.42
3.964
7.481
4.343
2.456
2.316
3.71
1.306
5.684
2.521
4.384
4.477
0
1.956
6.407
3.178
3.156
3.045
1.365
3.981
6.594
1.267
0.803
0
1.716
5.704
3.53
5.401
4.394
3.075
2.549
6.037
1.615
0.577
0.971
3.561
5.654
4.624
5.41
3.535
6.453
2.262
0.445
3.581
5.264
4.961
5.413
4.921
7.862
3.578
2.631
1.33
3.411
3.43
7.636
5.199
2.641
4.541
4.426
7.116
4.689
0
4.692
4.694
3.748
2.461
7.097
0
0.452
2.712
3.271
3.688
4.104
0
6.696
2.909
2.106
4.188
6.574
5.004
1.081
2.051
3.835
3.882
0.777
4.52
2.576
0.083
1.674
1.868
2.165
4.837
1.433
1.381
7.099
4.59
2.643
5.608
0.176
1.5
5.488
3.068
1.803
7.636
1.796
3.132
5.508
4.68
3.201
4.085
4.939
4.363
5.138
6.114
7.613
4.051
0
4.448
7.897
1.473
5.54
0.63
2.195
4.848
6.247
7.194
1.873
4.543
4.846
3.649
7.836
1.862
4.975
0
1.327
3.719
4.191
4.943
6.46
3.435
4.663
6.352
3.266
5.094
4.426
4.332
5.278
5.276
7.539
2.704
4.657
0.507
1.108
1.236
5.515
4.166
3.8
4.02
3.942
6.994
6.28
5.902
6.558
4.492
0
3.921
3.727
3.28
2.555
6.623
2.577
2.029
2.568
3.786
3.354
8.455
1.146
2.477
2.494
0.84
1.958
4.926
6.133
5.363
1.201
9.106
2.344
4.261
5.294
1.648
0
4.913
2.938
2.306
4.321
7.04
5.174
7.176
3.21
4.782
3.627
7.227
0.921
6.008
3.122
2.394
0
6.892
1.426
3.928
0
5.809
2.118
2.222
6.709
3.101
4.118
2.641
0.444
5.243
2.642
2.572
8.49
4.795
3.814
9.334
5.151
6.741
4.656
4.356
2.918
2.683
1.14
5.349
3.744
1.772
0.902
6.181
2.232
1.652
4.044
6.896
4.748
2.987
0.829
0
3.418
2.983
3.962
2.007
3.047
5.057
3.761
4.238
3.931
4.526
3.117
2.829
2.117
3.771
3.843
2.474
4.522
4.551
7.24
1.989
2.932
3.776
4.181
0.467
0.162
2.802
2.73
2.211
4.775
7.696
7.439
2.49
2.658
4.656
4.367
2.7
5.736
1.634
5.091
1.035
5.931
4.481
3.787
5.244
2.421
2.825
2.311
8.17
5.259
1.94
2.814
5.22
5.102
4.222
3.336
2.721
4.96
3.07
1.49
1.865
1.524
5.687
7.264
5.13
5.677
0
1.844
5.042
5.851
3.163
3.701
4.572
4.545
7.909
1.064
5.554
1.843
1.654
2.165
4.773
3.164
2.604
3.783
3.899
4.227
3.342
3.312
7.021
7.61
5.88
2.557
2.669
2.58
3.679
3.243
0
4.142
2.194
4.485
1.879
2.542
3.353
4.295
5.042
5.258
4.687
7.859
0.608
4.853
3.149
2.543
2.679
8.158
4.079
3.016
6.374
3.525
3.52
3.014
4.656
6.758
2.761
4.155
5.75
2.931
3.713
3.124
3.228
4.661
3.358
5.662
3.608
5.362
0.173
4.571
6.723
2.325
5.049
2.08
4.585
6.273
1.456
2.17
7.73
5.199
6.238
0.292
1.346
3.816
3.737
5.637
0
3.679
4.895
3.979
2.521
3.253
2.063
6.399
2.108
5.638
3.773
3.84
6.873
4.038
4.427
3.879
3.02
4.947
0.604
5.631
4.671
1.195
5.927
2.817
4.105
3.22
6.811
2.789
2.029
4.526
4.335
6.018
1.052
0
1.138
1.164
6.01
2.267
3.35
2.126
5.379
4.704
3.337
5.485
1.611
4.15
4.353
3.33
0.938
2.379
2.749
5.89
2.652
5.444
1.653
6.703
3.969
0
3.147
7.282
2.626
0.789
3.459
2.925
4.579
3.689
2.422
4.741
3.949
4.406
4.265
2.41
4.915
1.984
4.764
5.99
1.6
3.916
0.168
0
2.95
5.708
6.365
0.799
3.759
2.862
4.037
2.133
6.017
0
2.202
5.38
3.547
8.05
2.569
6.948
9.063
3.577
5.727
3.866
2.422
6.784
2.403
2.76
3.566
3.533
2.975
3.595
3.222
1.668
3.441
5.99
4.797
7.181
1.459
3.824
6.676
4.916
3.021
4.065
0
3.535
5.342
4.215
3.113
0.717
2.412
5.583
2.071
0
3.709
6.391
6.744
4.094
4.589
4.065
3.706
2.543
3.134
2.961
2.283
1.531
2.749
0.95
6.928
5.579
4.817
3.87
3.534
3.139
4.461
5.694
2.614
4.764
1.435
2.103
4.511
0.587
2.974
2.128
5.059
2.422
7.348
0.235
4.132
4.532
7.249
4.785
7.746
3.48
3.963
4.17
2.684
0.43
1.346
3.875
0.877
3.314
5.779
1.117
3.528
3.181
4.257
3.208
2.812
3.648
4.373
4.515
0
1.767
3.136
2.186
8.619
4.974
2.588
0.474
2.362
6.126
2.858
5.035
3.405
6.052
1.513
4.224
3.906
2.227
1.347
2.829
6.372
4.183
3.441
3.881
3.497
5.746
0.777
3.257
3.211
4.933
2.624
2.126
3.896
4.666
5.709
3.867
5.705
4.198
5.512
7.087
4.751
1.617
0.334
3.289
2.321
2.193
4.826
5.602
2.66
7.46
4.072
0.335
3.715
3.578
3.467
7.415
5.453
4.984
4.405
4.895
3.87
5.406
3.988
2.376
7.353
4.284
4.995
3.804
2.28
3.339
1.535
4.183
11.541
4.578
4.989
4.381
5.237
3.347
5.012
0.192
5.136
4.475
3.995
4.984
6.954
1.486
1.568
4.691
3.431
0.57
3.86
2.011
3.913
5.409
3.603
2.383
4.936
5.126
7.697
1.175
7.003
4.511
2.96
7.001
4.173
9.169
5.088
3.357
3.57
3.865
1.172
4.951
3.247
0.068
3.91
6.252
4.781
5.473
2.339
5.355
3.708
3.781
2.983
8.075
3.633
0.246
4.319
2.968
2.848
1.63
2.394
7.647
4.683
1.182
2.786
3.837
1.385
4.408
1.793
2.327
0
5.36
2.468
2.582
6.468
4.244
4.151
1.286
3.113
0
2.729
2.045
2.509
1.55
1.871
4.151
4.007
3.598
1.773
1.405
5.009
0.234
5.113
3.015
5.601
1.701
4.075
5.373
4.42
3.65
3.348
4.131
1.339
2.402
4.105
4.318
0.47
4.679
5.745
4.865
8.519
0.532
3.458
6.676
4.124
4.238
3.886
1.239
3.95
3.842
5.581
4.399
1.759
0.968
3.801
4.838
2.406
4.235
4.643
4.38
3.318
2.48
4.168
0.682
2.357
6.676
1.888
2.683
0
3.777
4.979
0.751
3.343
5.265
1.172
5.864
4.645
6.4
1.643
2.91
3.988
2.633
4.43
1.725
4.17
2.521
4.715
6.383
1.644
3.941
0.344
2.38
6.01
1.876
0.7
0.752
3.454
5.457
1.942
2.927
1.004
2.895
3.388
5.831
4.122
2.87
2.242
2.167
4.862
2.575
8.77
4.249
5.034
2.536
2.689
0.551
7.342
6.518
4.18
5.097
3.038
0
1.848
4.449
4.522
5.184
3.868
1.25
0.802
5.509
3.868
8.503
5.056
1.749
2.126
3.413
1.784
3.929
2.424
4.134
5.709
3.065
3.954
8.11
3.195
4.088
4.208
3.596
2.503
4.39
5.766
1.523
5.752
0.394
2.741
5.007
6.53
6.069
4.825
5.614
3.184
4.452
6.992
5.114
1.258
6.509
6.771
2.813
5.774
7.953
3.934
3.849
6.922
1.34
0
2.539
5.381
2.726
2.872
6.862
3.069
6.063
1.948
3.259
5.091
2.837
3.336
5.327
6.678
1.857
3.418
3.357
3.246
3.013
5.175
3.301
1.695
1.114
4.596
2.699
3.006
1.298
2.572
5.347
1.345
3.056
1.532
0.433
0.774
0.129
1.42
0
1.558
0
1.019
0
0.485
0.86
0.894
1.284
0.43
2.634
1
1.488
1.341
1.264
0
1.241
1.611
1.643
0.5
1.891
0.894
0.692
0.23
1.688
3.224
1.835
0.565
1.437
0.842
1.883
1.095
0.4
1.129
0
0.486
1.735
0.897
0.191
1.236
1.308
0.376
1.902
1.226
1.093
0.096
1.455
1.278
2.419
1.523
1.026
2.869
1.28
0
1.47
1.429
1.367
0.789
1.57
0.709
1.276
1.004
0.165
0.212
0.908
1.358
0.425
1.436
0
1.374
0.469
2.557
1.578
1.33
1.204
0.098
2.18
1.588
1.613
1.142
2.276
0
0.391
1.226
1.834
2.267
1.091
1.642
0.824
0
2.341
0.634
0.328
1.155
1.503
0.369
0.958
1.506
0.442
1.494
2.15
0.564
1.021
1.635
2.606
0.913
0.351
1.494
0.248
1.992
0
0.373
0.23
0.037
0.293
1.718
0
1.072
1.4
0.422
0.57
1.588
1.754
1.167
0.133
1.471
0.629
0.893
1.278
1.488
1.406
1.476
1.699
1.456
0.324
0.9
0.339
1.322
2.104
2.032
0.958
0.952
0.018
0
0.741
1.269
0.928
0.321
1.124
1.61
0.529
1.131
0
1.489
0
0.47
1.319
1.665
1.778
1.024
1.304
0.604
2.579
1.371
2.444
1.735
1.521
0.546
1.157
0
1.691
0
1.956
1.832
0.123
2.037
1.903
2.321
1.52
1.403
0.578
0.773
0.763
1.548
1.37
1.627
1.215
1.366
1.141
0.695
0
1.524
1.301
1.394
1.636
1.46
1.619
0
0.552
1.509
1.188
1.803
1.556
0.335
1.639
0
2.163
0.876
1.142
1.359
1.34
1.083
1.01
1.347
0.15
0
0.903
1.219
1.761
1.887
1.64
1.599
0.89
1.06
1.301
2.02
0.942
0.11
1.036
0.91
1.787
1.503
0.767
1.488
0.14
0.807
1.598
0.681
0
1.403
1.75
0.381
0.684
0.777
2.271
1.909
0.59
0.575
1.39
1.251
1.151
1.075
0
0.111
0.338
0
1.309
0.716
1.612
1.538
1.741
0.413
0.997
0.939
2.057
0.616
1.098
0
0
0.975
0.848
0.186
0.424
1.213
1.672
1.16
0.422
0
1.686
0.559
0
1.845
1.107
1.371
0.861
0.882
2.217
1.015
0.387
0
1.702
1.289
1.78
0.676
0.889
0.382
0.46
0.892
1.443
0.718
0.759
0.847
0.329
1.876
0.87
0.91
0.138
1.45
1.847
0.783
2.699
1.896
1.506
0
1.196
1.062
0.082
0.976
1.545
0.983
1.927
2.059
0
1.512
1.034
1.471
1.628
2.004
0.841
1.389
1.115
1.682
1.739
1.704
1.163
1.221
0.539
1.011
1.566
1.562
1.417
0.638
0
1.406
1.117
0
0.233
0
0.419
0.317
1.223
1.478
0.791
0
0.849
2.18
0
2.116
1.648
1.078
0.088
1.084
1.079
0.93
0.743
0.217
1.013
1.183
0.891
0.685
0.424
0.975
0.551
1.247
0.626
0
0.591
0.31
1.469
1.732
0.755
0.389
0.671
0.779
1.284
0
2.002
1.283
1.334
1.003
0.999
1.156
0.593
1.763
0.805
1.235
0.48
1.299
0
2.193
1.104
1.242
2.337
1.921
2.282
0.519
0
0.956
1.349
0.859
1.682
1.675
1.049
1.865
1.462
0.54
1.133
1.585
1.979
1.539
2.06
1.178
1.256
1.132
0
0.99
0.393
1.489
0
1.979
1.374
1.397
1.339
1.565
1.325
2.176
0
1.783
2.158
1.65
0.803
1.858
0.721
1.408
1.578
1.595
1.921
1.658
1.563
1.075
1.492
1.129
1.32
0.807
0.728
0.556
1.345
1.714
1.413
0.02
1.365
0.334
1.278
1.378
2.082
1.54
1.194
0.612
0.57
0.835
1.059
1.188
1.319
0
0
1.134
0
1.084
0.295
1.12
1.104
0.948
0
1.354
0.058
0.543
0.55
0.791
1.25
0.667
1.391
1.455
1.282
1.748
1.787
1.004
0.794
1.297
0.398
0.967
1.064
0.048
0.012
1.012
0.882
0.598
0
1.571
0
0.752
0.827
0.978
0
1.919
0.287
1.332
2.235
0.532
1.306
0.579
0.868
1.147
0.774
1.026
1.173
1.442
0
1.014
2.153
2.819
0.671
1.088
1.73
1.492
0.45
0.592
2.902
0.653
1.608
1.814
0.922
1.533
0.913
1.417
1.728
0.377
2.027
2.468
0
1.712
1.099
0.986
2.502
1.561
0.651
1.63
0
0.333
1.554
1.491
1.554
1.047
0.37
1.485
0.476
1.599
0
1.75
1.391
1.121
1.49
0.962
1.167
1.029
1.156
1.007
0.761
2.396
1.731
1.218
0.638
1.383
0
1.28
0.538
0.214
0.967
1.117
0.884
2.626
2.5
0.969
0
0.251
0.627
1.188
1.443
1.562
1.697
1.138
1.223
1.386
0.266
1.046
0.298
0.558
1.916
1.243
0.518
0.528
0
1.088
0.227
2.07
1.771
1.208
1.347
1.347
0.372
1.499
0.836
1.249
1.806
1.551
0.358
1.215
0.871
0.688
0.949
0.859
0
1.336
0.641
2.342
0.793
1.669
1.061
0.021
0.882
0.431
0
1.381
1.678
1.805
1.485
1.211
1.211
1.588
0.815
0.8
1.283
0.922
0.994
1.457
0.644
0.301
1.556
1.363
1.035
1.721
0.758
1.142
0.841
1.033
1.136
0.902
1.119
0.427
0.914
1.467
1.324
2.351
0.667
0.696
1.322
1.127
2.09
1.518
1.151
0.548
1.222
0.858
0.901
1.102
1.476
1.067
1.496
1.397
0.214
1.502
1.907
0
0
1.145
0.994
1.662
0
1.239
2.23
1.227
1.769
0.465
0.569
2.605
2.048
1.693
1.091
0.795
0.697
1.413
0.335
0.837
0.548
1.077
1.302
0.481
0.71
2.364
1.447
1.184
0
1.025
0.866
1.272
0
1.353
0.421
0.183
1.788
1.362
1.253
0.494
0.531
1.372
0.8
0.381
0.251
1.598
0.581
1.036
0.632
1.198
0
1.261
0.276
1.872
1.881
1.042
1.583
1.145
0.097
1.42
0.812
1.619
1.397
0.986
0.219
0.187
1.038
0
1.497
0
1.136
2.266
1.658
1.59
1.11
0.447
0.619
0
1.552
0.016
0.796
2.054
0.451
1.375
1.104
1.522
0.107
0.802
2.051
1.123
0.906
0
1.713
1.192
1.764
1.012
1.6
1.69
0.775
1.58
0.025
1.783
1.614
2.464
1.801
0.719
0.588
1.172
0.697
0.985
0.747
1.483
1.525
0.762
0.634
1.361
0
1.376
1.196
0
0
0.282
1.395
0.911
0.818
2.174
1.227
0.859
0.557
0.444
1.116
1.849
2.284
0.627
0.356
1.513
1.222
1.968
0.236
2.018
0.397
1.881
1.466
0.364
1.257
0
0.397
0
1.592
0.989
0.593
0.652
0.799
1.491
1.435
0.441
0.671
1.299
1.71
0.216
1.132
1.546
1.016
1.175
1.357
0.909
1.472
0.272
0.768
1.711
0.662
1.674
0.813
0.264
1.455
1.929
1.678
0.799
0.649
0.782
1.293
1.362
1.828
1.572
0
2.156
1.312
1.17
0.724
0.85
2.097
1.839
1.112
1.597
1.833
1.269
0.737
1.101
2.352
0.672
0
1.824
1.674
1.059
0
1.503
0
0.673
0.795
1.472
1.461
1.328
0
1.928
1.253
1.703
0.945
0.318
0.892
1.745
1.428
2.043
1.029
1.77
1.57
2.292
1.046
0.614
1.175
1.719
1.693
0.741
1.378
1.177
1.357
1.078
0.72
0.737
0.959
1.303
1.09
2.481
0
0
1.785
1.775
0.067
0.429
1.327
1.19
1.184
1.413
0.792
1.685
1.247
1.181
0.644
0
1.331
0.61
1.086
1.148
2.741
1.677
0.718
1.805
0
1.639
1.082
0.857
1.309
0.509
0.624
0.492
0.807
0.691
0.845
1.072
1.275
1.282
0
1.65
1.254
1.714
1.742
2.845
1.439
0.909
1.887
1.244
0.244
0
1.86
1.401
1.637
0.676
1.873
1.156
0.79
2.265
1.421
1.565
0.921
