8.782
12.682
8.598
11.535
6.286
10.146
10.429
0.407
12.009
5.964
9.142
4.391
7.414
8.791
17.539
7.887
13.092
5.863
7.156
13.219
11.658
15.468
7.987
12.848
6.685
2.477
5.054
8.694
6.39
2.536
8.192
7.77
6.974
4.242
8.046
10.257
0
6.008
1.576
9.89
17.267
13.55
9.229
19.028
16.143
15.212
7.81
6.697
6.201
10.372
12.75
6.52
11.545
0
8.157
5.888
0.096
20.082
12.176
10.749
4.935
0.95
5.832
17.61
9.905
9.693
18.074
6.446
8.013
8.285
4.1
9.356
5.16
6.181
1.208
9.324
3.014
13.839
11.304
14.006
14.594
3.012
8.087
6.342
7.911
7.997
4.901
8.622
14.833
0
3.887
4.853
10.445
12.055
10.343
7.235
0
8.707
6.226
6.318
21.193
10.147
16.578
10.198
9.679
10.182
11.929
9.598
9.253
18.416
8.4
8.388
9.921
4.119
9.755
15.28
9.086
13.95
8.755
4.39
14.511
12.063
8.958
8.719
12.085
19.082
22.405
11.277
0
13.404
12.345
5.688
1.886
7.683
6.456
2.232
9.543
8.911
11.535
10.707
8.89
7.87
11.255
8.395
13.28
4.775
6.85
5.241
13.282
15.102
7.932
11.087
5.779
8.617
8.592
1.626
14.444
11.539
4.454
8.751
5.233
7.058
4.613
9.766
9.656
4.068
8.361
0
13.385
0
1.872
4.958
14.164
8.846
6.539
3.131
10.677
6.762
10.199
6.012
9.445
11.618
11.073
1.206
3.705
7.354
9.196
8.209
7.614
12.358
6.831
8.054
2.809
0
9.682
2.57
12.97
8.681
4.185
5.687
14.428
1.354
7.032
5.48
7.931
16.058
14.558
6.838
8.47
10.513
18.834
13.884
12.777
9.654
7.657
11.922
11.084
10.133
7.359
8.928
9.981
8.78
12.776
10.81
10.671
7.793
3.139
9.641
11.945
10.831
11.146
3.433
3.143
6.11
5.995
6.018
16.614
6.542
8.256
10.277
6.859
6.567
9.067
13.434
6.633
16.463
5.527
9.819
11.597
0
11.397
7.103
7.92
4.826
6.948
1.319
10.433
9.587
6.639
1.388
3.52
12.112
13.9
7.118
6.067
11.823
16.323
17.863
5.797
10.194
9.96
6.37
4.376
0.945
6.276
11.246
5.416
15.08
7.969
12.863
13.997
13.302
6.11
9.022
7.73
10.864
11.941
8.597
2.495
10.854
4.272
10.55
7.825
15.83
10.784
1.814
0.466
9.129
9.603
3.087
7.97
17.114
9.878
6.555
12.354
5.289
6.813
11.393
9.691
7.749
7.899
2.714
4.069
6.676
14.22
4.167
2.229
14.279
16.239
12.757
6.626
16.141
5.556
8.101
7.368
12.913
10.579
14.922
11.54
8.517
12.215
8.675
11.74
6.932
10.188
9.593
7.421
8.378
8.557
11.361
7.512
7.77
9.18
5.117
7.75
7.825
12.451
8.916
5.387
10.06
8.129
12.826
14.425
7.001
7.953
4.036
9.01
7.413
14.779
10.069
18.226
7.34
7.443
1.286
8.294
5.169
0.113
4.476
8.676
0.621
6.008
14.514
0
13.329
14.467
6.157
0
7.831
4.127
8.826
6.833
5.737
14.636
8.305
6.243
4.192
5.941
2.667
13.863
10.094
12.469
10.602
11.682
0
12.727
0.69
9.91
7.631
8.802
15.601
12.128
3.34
9.875
1.198
11.869
10.255
6.589
5.927
8.743
9.296
1.899
5.096
11.725
15.532
6.296
2.815
19.582
7.432
6.638
9.143
16.431
2.1
14.774
12.83
10.354
1.823
4.85
10.04
21.049
3.994
0
14.541
8.022
1.654
6.766
3.175
6.394
5.747
13.427
3.865
3.252
11.474
13.312
9.152
9.746
8.981
15.875
6.848
6.514
13.323
5.542
18.949
9.44
15.002
5.805
13.617
19.831
8.904
6.421
4.645
12.969
8.471
8.193
13.743
15.462
13.781
5.227
4.783
5.156
1.326
9.466
7.606
5.366
3.865
9.928
15.894
14.166
11.388
14.926
11.852
6.889
2.975
14.857
7.977
11.454
15.524
9.43
15.744
9.865
11.412
8.797
0
4.332
5.425
2.946
9.632
9.601
6.477
12.31
10.244
4.472
15.211
7.144
5.193
0
9.51
6.654
5.036
11.396
1.681
9.474
11.856
8.661
10.603
11.724
5.521
0.609
10.429
16.839
6.25
9.04
4.267
5.301
6.7
12.187
12.14
9.362
0.56
13.96
7.648
3.247
9.673
12.555
2.677
8.895
5.559
11.733
7.943
8.984
13.653
8.737
7.533
7.862
7.881
12.639
4.137
8.825
9.539
5.976
6.236
12.307
0.196
10.415
9.379
12.405
19.491
9.514
7.207
5.602
2.811
16.526
17.002
10.533
10.551
8.393
3.829
0.639
8.538
0
5.052
4.344
8.073
0
11.737
15.611
10.037
0.908
7.429
8.193
7.52
6.017
13.785
7.651
10.548
10.191
12.888
10.005
3.642
3.232
8.771
7.561
9.636
4.877
8.462
6.411
5.434
18.798
8.925
15.103
8.908
11.87
14.04
7.155
11.303
6.854
0
4.756
2.428
14.738
13.615
4.846
7.773
0
10.686
10.517
17.214
0
10.163
15.969
13.756
10.314
17.651
6.655
7.188
12.827
11.601
8.041
10.203
9.859
8.434
7.802
9.455
13.949
12.516
11.712
6.255
6.122
14.463
18.786
7.236
13.776
7.097
8.959
0
14.989
8.863
11.632
12.263
5.99
14.538
7.683
12.11
10.124
13.831
16.1
5.639
4.474
0.08
9.917
12.23
14.475
15.858
2.965
6.198
5.992
11.35
1.625
4.466
2.06
7.506
6.434
13.786
10.99
15.192
7.628
14.591
6.194
9.966
6.063
1.162
15.529
1.461
6.972
8.568
8.489
16.598
8.984
7.884
1.941
14.021
10.08
15.939
5.005
0
7.281
12.521
16.109
10.929
6.016
0.435
7.958
4.804
8.977
12.325
16.339
13.702
8.184
12.783
1.229
18.987
5.501
12.585
9.088
10.395
2.269
4.238
9.372
7.112
6.333
15.995
6.318
9.603
6.928
7.751
13.757
4.939
11.828
5.277
6.16
15.511
15.748
0
12.108
11.959
13.358
9.043
13.434
2.718
2.248
3.862
1.875
9.845
8.695
11.382
3.671
7.308
4.596
8.977
8.82
9.171
10.229
8.698
20.017
8.442
11.829
7.114
12.784
6.268
7.93
0.489
16.704
6.158
9.524
12.27
4.566
6.872
6.028
9.22
4.083
5.928
10.167
13.775
16.581
3.956
6.277
7.996
7.663
11.848
14.041
8.184
19.943
10.303
6.845
8.841
6.682
18.403
5.635
7.181
20.461
9.974
6.36
14.409
12.117
5.51
6.721
12.069
13.655
3.827
4.451
10.951
1.1
10.866
9.786
15.362
3.84
7.699
11.641
4.838
8.449
19.073
2.195
5.725
3.236
10.425
1.681
8.961
0
5.318
15.498
5.198
16.465
9.235
11.49
2.955
9.232
9.976
7.338
10.951
13.175
1.307
11.907
10.458
0.051
0.653
10.83
13.099
15.975
4.931
2.549
13.974
10.853
12.372
3.163
3.932
10.968
0.764
6.334
9.795
10.667
17.389
8.825
11.698
12.427
8.061
11.999
14.23
5.928
10.281
7.626
9.364
10.651
5.256
7.813
8.927
6.251
12.366
0.849
11.325
9.19
15.316
7.413
10.267
8.542
17.928
0
9.16
14.138
8.237
5.491
15.78
8.698
10.919
0.356
8.664
7.895
20.249
14.136
16.206
6.878
3.381
0
10.897
12.271
6.633
11.158
5.999
3.786
6.738
14.4
16.259
5.232
7.474
12.596
14.1
13.181
6.294
16.969
6.277
10.217
11.943
13.606
0
5.671
12.446
6.478
9.277
13.174
16.743
6.723
8.055
9.779
14.792
10.47
3.365
2.274
6.539
12.167
7.876
1.15
10.376
3.083
7.488
9.055
0.752
17.847
6.908
6.691
13.839
6.664
10.827
9.759
15.398
0
4.195
7.576
5.758
0
11.378
7.449
14.077
1.035
7.786
9.709
7.118
2.326
6.467
6.878
8.704
2.293
8.326
6.647
3.545
8.696
4.043
17.227
3.307
10.777
9.022
8.029
6.22
7.427
12.809
7.208
14.696
13.728
10.433
9.669
17.243
7.957
17.338
3.159
14.107
9.101
20.717
11.155
8.423
9.339
12.583
5.484
4.652
11.297
11.983
1.612
10.144
4.021
18.623
11.936
6.329
10.819
14.678
