11.563
4.955
5.584
10.178
4.837
2.65
5.954
8.222
10.945
9.288
6.643
4.823
5.028
8.179
10.539
3.954
1.899
5.716
3.859
10.831
10.98
4.646
8.21
11.33
6.151
10.51
8.265
10.31
15.272
9.218
4.843
8.954
3.704
8.259
15.06
4.136
11.941
4.591
8.001
10.205
5.491
9.479
11.421
0
8.944
12.5
7.432
6.617
3.771
5.972
3.474
5.089
0.071
7.441
12.269
6.982
5.815
14.62
2.063
12.121
9.555
5.099
5.974
8.009
8.205
0.205
5.871
6.668
2.293
7.474
5.243
3.974
3.353
11.387
3.575
2.937
6.185
7.549
8.463
10.147
4.334
5.401
8.331
10.632
6.378
7.841
9.052
4.731
6.344
7.328
10.224
2.865
6.775
7.431
1.535
6.893
2.244
7.591
9.219
0
11.261
0
12.313
10.547
7.896
6.494
3.357
6.291
3.728
11.676
9.186
8.373
4.971
7.806
11.31
6.056
3.66
13.208
4.829
3.319
8.036
12.971
4.587
5.869
2.868
10.587
2.177
6.06
2.553
11.814
13.134
7.341
2.731
4.491
2.922
0
7.636
6.643
3.209
8.831
8.32
4.837
9.179
2.308
2.759
3.121
6.371
3.637
3.277
0.3
5.986
6.191
7.357
9.873
9.79
12.467
4.97
4.426
8.03
7.066
0.089
13.943
1.905
8.624
7.621
11.049
7.877
4.234
5.641
0
9.318
2.23
14.616
8.305
9.807
2.16
5.538
2.787
5.058
8.823
6.114
16.361
5.341
7.545
7.218
0
5.382
5.478
6.252
13.008
4.18
7.39
8.016
10.283
6.273
8.311
1.601
8.623
3.394
5.884
5.361
2.96
2.707
8.893
0.776
3.358
7.667
6.116
6.646
4.094
7.465
2.161
7.738
3.909
7.155
3.951
8.231
11.112
10.951
2.959
3.948
6.927
0
3.301
5.778
8.893
2.98
9.401
8.939
9.066
4.748
5.114
14.62
4.557
4.268
14.574
4.616
10.521
4.457
7.893
3.809
4.801
10.036
9.558
8.625
4.669
9.231
0.694
8.045
9.385
13.045
3.961
11.114
5.951
6.359
7.317
4.599
9.284
1.32
7.341
11.766
6.748
7.822
4.716
0
0
6.413
2.307
4.001
9.144
0
4.155
1.793
6.564
6.772
9.519
5.07
9.908
8.104
6.526
8.115
4.73
8.318
3.475
7.594
3.57
7.682
4.775
12.416
11.361
4.562
8.358
7.943
4.902
7.897
0
5.809
7.897
3.771
5.612
8.905
7.069
3.934
6.799
6.282
3.71
4.217
4.815
9.381
8.428
6.738
7.414
5.894
8.606
8.841
7.73
2.214
8.569
11.165
9.539
4.345
8.694
7.537
6.946
11.773
7.491
8.941
2.344
3.205
8.532
6.758
9.086
11.898
7.14
4.281
1.21
13.607
7.471
5.556
4.558
3.889
4.983
4.843
10.091
6.85
10.162
12.589
5.788
1.845
7.003
9.698
6.222
2.072
4.456
14.026
9.421
7.483
3.985
8.885
9.459
3.888
7.692
11.07
2.065
7.995
5.145
3.19
1.35
10.011
10.923
7.567
4.679
11.241
5.593
6.61
2.439
5.262
7.338
2.891
11.934
10.624
6.517
4.519
9.921
7.383
7.964
11.894
8.777
8.086
9.629
8.309
4.858
7.788
4.564
6.717
7.614
4.995
5.267
4.672
3.618
7.662
0
0.384
14.3
6.524
8.705
7.681
8.179
11.007
2.528
5.897
6.506
12.549
0.7
4.368
11.838
8.468
7.466
4.217
3.524
8.28
8.202
3.173
9.175
8.073
1.99
5.422
5.622
3.957
8.619
5.026
8.014
6.732
7.052
7.433
3.448
7.97
5.684
5.625
3.709
9.445
6.436
4.059
14.869
11.266
9.082
9.27
8.084
5.846
8.684
6.969
9.001
7.435
5.806
6.367
4.149
3.784
3.205
8.579
4.519
14.866
0
2.767
3.882
3.446
8.099
5.472
12.172
9.703
3.413
1.8
10.994
7.339
5.136
7.156
3.375
7.021
6.522
10.676
9.762
2.421
7.149
12.006
7.995
4.21
1.683
4.687
4.44
5.233
6.397
2.584
10.09
7.475
9.359
6.739
8.493
10.105
0
7.795
2.916
8.156
5.666
2.943
4.492
5.596
5.455
3.391
12.677
9.048
9.714
5.362
4.274
4.659
13.048
9.776
10.011
7.166
5.512
8.707
14.933
4.119
3.893
9.195
3.963
8.998
8.488
2.164
9.344
9.602
10.719
7.988
0
6.956
6.937
2.333
2.911
10.567
5.005
11.424
7.913
15.613
7.91
8.909
5.225
9.859
4.397
9.806
3.619
11.675
4.799
6.581
7.413
6.953
0
9.458
8.533
2.222
1.255
4.648
9.476
5.635
6.712
10.603
8.814
6.786
9.662
8.088
6.324
6.427
3.312
3.403
7.129
1.535
0.722
4.112
4.639
10.81
6.688
8.517
8.662
6.356
13.614
8.081
4.913
9.175
2.221
3.537
0.487
14.446
4.596
5.726
7.293
1.462
9.398
2.577
9.238
7.75
7.39
4.318
8.946
8.151
0
8.956
9.905
9.963
12.295
8.488
7.13
10.527
5.964
0.606
11.184
6.784
5.614
2.311
8.988
3.285
7.629
12.084
9.796
4.57
10.696
5.322
10.126
11.93
4.511
1.496
12.151
8.991
5.008
14.228
1.598
3.713
13.908
12.9
6.261
13.004
6.714
0
4.122
7.189
6.277
2.443
8.834
6.744
0.85
7.942
7.187
7.722
6.024
9.417
3.988
0
10.001
9.945
5.671
10.453
3.37
9.103
5.327
3.161
4.089
1.629
0
11.997
0.72
11.189
11.932
1.47
7.298
7.779
8.684
13.472
10.747
0.031
6.946
6.578
3.196
4.027
8.987
6.404
10.642
4.188
7.436
0.643
5.895
10.501
2.108
6.89
6.077
0
5.544
1.536
3.521
6.263
3.749
4.697
0
6.113
7.256
11.152
7.691
9.556
0
9.545
1.41
12.833
4.695
11.17
0
11.861
8.282
7.816
10.687
7.508
7.853
6.724
5.497
6.961
1.014
5.317
6.535
7.553
6.348
1.899
2.347
4.694
7.565
5.699
5.316
2.145
11.249
11.129
8.158
4.303
15.486
2.706
10.402
4.382
12.56
7.893
2.656
0
10.882
2.519
13.737
4.389
4.347
8.191
9.238
7.485
2.321
2.47
6.058
5.435
7.218
10.295
2.625
7.035
7.58
7.961
6.269
9.424
8.219
9.632
5.564
17.389
8.269
9.941
5.66
4.888
7.582
0.934
11.789
13.15
2.283
2.208
17.213
9.198
12.023
7.038
0
4.195
6.902
5.245
2.86
9.931
0.091
8.504
3.273
9.956
3.869
7.914
4.44
0.254
6.083
3.214
3.809
3.8
5.239
6.243
4.633
2.496
9.998
7.615
7.281
4.226
9.415
13.06
9.958
6.69
13.308
3.523
4.678
16.118
4.038
4.538
8.106
11.354
5.02
6.463
5.431
8.606
10.46
17.06
16.279
9.038
10.35
8.684
7.193
11.067
11.749
3.524
5.622
10.841
12.688
5.049
5.286
7.827
6.339
3.625
4.889
7.109
3.588
1.969
12.137
0
8.228
1.43
6.137
10.056
1.362
10.21
7.463
4.928
10.273
5.337
8.681
11.628
7.481
12.421
0
6.83
9.097
9.269
6.157
13.216
10.219
8.889
4.747
5.671
0
6.374
7.791
0
5.696
6.301
5.337
5.318
5.133
7.391
11.002
6.852
1.331
5.93
5.318
4.942
4.056
3.92
7.471
11.082
5.508
7.404
8.321
5.281
12.458
8.353
1.464
5.383
0.603
9.537
6.093
5.583
8.751
4.703
9.624
8.317
4.336
2.354
8.175
1.582
3.857
2.609
4.205
9.424
0.636
2.78
3.006
9.081
9.671
11.136
0
6.993
7.22
8.226
6.326
6.547
8.068
6.937
4.473
5.049
9.226
3.444
7.803
4.181
3.806
5.1
0
5.252
1.628
4.745
0
8.848
10.868
17.266
7.83
7.532
4.163
2.563
6.096
8.241
5.606
12.314
10.808
9.568
4.708
7.747
3.487
3.27
10.544
6.553
5.996
14.973
11.624
8.13
12.132
11.009
3.423
0.76
5.614
8.296
0.015
8.377
4.769
6.393
6.831
4.642
0
7.826
5.728
10.698
6.65
17.354
14.541
9.977
0
9.054
9.804
10.694
5.551
8.777
9.148
5.873
8.644
6.211
9.849
16.642
9.338
16.395
13.694
