0
6.636
2.293
6.133
7.469
5.877
1.129
4.285
7.447
4.317
5.762
5.627
5.609
2.812
3.507
4.63
6.439
5.806
4.76
2.036
7.009
5.489
5.476
5.393
2.625
5.124
3.9
4.59
9.446
6.44
2.344
4.683
4.686
2.786
3.335
3.369
0.413
2.559
2.574
2.22
3.533
0.308
0.941
4.047
4.296
0
6.448
2.293
0.726
0.907
2.879
5.923
7.47
6.674
4.277
7.118
5.066
4.985
3.162
4.008
5.364
5.164
1.66
2.228
5.518
3.478
2.85
4.362
4.454
1.42
3.964
7.481
4.343
2.456
2.316
3.71
1.306
5.684
2.521
4.384
4.477
0
1.956
6.407
3.178
3.156
3.045
1.365
3.981
6.594
1.267
0.803
0
1.716
5.704
3.53
5.401
4.394
3.075
2.549
6.037
1.615
0.577
0.971
3.561
5.654
4.624
5.41
3.535
6.453
2.262
0.445
3.581
5.264
4.961
5.413
4.921
7.862
3.578
2.631
1.33
3.411
3.43
7.636
5.199
2.641
4.541
4.426
7.116
4.689
0
4.692
4.694
3.748
2.461
7.097
0
0.452
2.712
3.271
3.688
4.104
0
6.696
2.909
2.106
4.188
6.574
5.004
1.081
2.051
3.835
3.882
0.777
4.52
2.576
0.083
1.674
1.868
2.165
4.837
1.433
1.381
7.099
4.59
2.643
5.608
0.176
1.5
5.488
3.068
1.803
7.636
1.796
3.132
5.508
4.68
3.201
4.085
4.939
4.363
5.138
6.114
7.613
4.051
0
4.448
7.897
1.473
5.54
0.63
2.195
4.848
6.247
7.194
1.873
4.543
4.846
3.649
7.836
1.862
4.975
0
1.327
3.719
4.191
4.943
6.46
3.435
4.663
6.352
3.266
5.094
4.426
4.332
5.278
5.276
7.539
2.704
4.657
0.507
1.108
1.236
5.515
4.166
3.8
4.02
3.942
6.994
6.28
5.902
6.558
4.492
0
3.921
3.727
3.28
2.555
6.623
2.577
2.029
2.568
3.786
3.354
8.455
1.146
2.477
2.494
0.84
1.958
4.926
6.133
5.363
1.201
9.106
2.344
4.261
5.294
1.648
0
4.913
2.938
2.306
4.321
7.04
5.174
7.176
3.21
4.782
3.627
7.227
0.921
6.008
3.122
2.394
0
6.892
1.426
3.928
0
5.809
2.118
2.222
6.709
3.101
4.118
2.641
0.444
5.243
2.642
2.572
8.49
4.795
3.814
9.334
5.151
6.741
4.656
4.356
2.918
2.683
1.14
5.349
3.744
1.772
0.902
6.181
2.232
1.652
4.044
6.896
4.748
2.987
0.829
0
3.418
2.983
3.962
2.007
3.047
5.057
3.761
4.238
3.931
4.526
3.117
2.829
2.117
3.771
3.843
2.474
4.522
4.551
7.24
1.989
2.932
3.776
4.181
0.467
0.162
2.802
2.73
2.211
4.775
7.696
7.439
2.49
2.658
4.656
4.367
2.7
5.736
1.634
5.091
1.035
5.931
4.481
3.787
5.244
2.421
2.825
2.311
8.17
5.259
1.94
2.814
5.22
5.102
4.222
3.336
2.721
4.96
3.07
1.49
1.865
1.524
5.687
7.264
5.13
5.677
0
1.844
5.042
5.851
3.163
3.701
4.572
4.545
7.909
1.064
5.554
1.843
1.654
2.165
4.773
3.164
2.604
3.783
3.899
4.227
3.342
3.312
7.021
7.61
5.88
2.557
2.669
2.58
3.679
3.243
0
4.142
2.194
4.485
1.879
2.542
3.353
4.295
5.042
5.258
4.687
7.859
0.608
4.853
3.149
2.543
2.679
8.158
4.079
3.016
6.374
3.525
3.52
3.014
4.656
6.758
2.761
4.155
5.75
2.931
3.713
3.124
3.228
4.661
3.358
5.662
3.608
5.362
0.173
4.571
6.723
2.325
5.049
2.08
4.585
6.273
1.456
2.17
7.73
5.199
6.238
0.292
1.346
3.816
3.737
5.637
0
3.679
4.895
3.979
2.521
3.253
2.063
6.399
2.108
5.638
3.773
3.84
6.873
4.038
4.427
3.879
3.02
4.947
0.604
5.631
4.671
1.195
5.927
2.817
4.105
3.22
6.811
2.789
2.029
4.526
4.335
6.018
1.052
0
1.138
1.164
6.01
2.267
3.35
2.126
5.379
4.704
3.337
5.485
1.611
4.15
4.353
3.33
0.938
2.379
2.749
5.89
2.652
5.444
1.653
6.703
3.969
0
3.147
7.282
2.626
0.789
3.459
2.925
4.579
3.689
2.422
4.741
3.949
4.406
4.265
2.41
4.915
1.984
4.764
5.99
1.6
3.916
0.168
0
2.95
5.708
6.365
0.799
3.759
2.862
4.037
2.133
6.017
0
2.202
5.38
3.547
8.05
2.569
6.948
9.063
3.577
5.727
3.866
2.422
6.784
2.403
2.76
3.566
3.533
2.975
3.595
3.222
1.668
3.441
5.99
4.797
7.181
1.459
3.824
6.676
4.916
3.021
4.065
0
3.535
5.342
4.215
3.113
0.717
2.412
5.583
2.071
0
3.709
6.391
6.744
4.094
4.589
4.065
3.706
2.543
3.134
2.961
2.283
1.531
2.749
0.95
6.928
5.579
4.817
3.87
3.534
3.139
4.461
5.694
2.614
4.764
1.435
2.103
4.511
0.587
2.974
2.128
5.059
2.422
7.348
0.235
4.132
4.532
7.249
4.785
7.746
3.48
3.963
4.17
2.684
0.43
1.346
3.875
0.877
3.314
5.779
1.117
3.528
3.181
4.257
3.208
2.812
3.648
4.373
4.515
0
1.767
3.136
2.186
8.619
4.974
2.588
0.474
2.362
6.126
2.858
5.035
3.405
6.052
1.513
4.224
3.906
2.227
1.347
2.829
6.372
4.183
3.441
3.881
3.497
5.746
0.777
3.257
3.211
4.933
2.624
2.126
3.896
4.666
5.709
3.867
5.705
4.198
5.512
7.087
4.751
1.617
0.334
3.289
2.321
2.193
4.826
5.602
2.66
7.46
4.072
0.335
3.715
3.578
3.467
7.415
5.453
4.984
4.405
4.895
3.87
5.406
3.988
2.376
7.353
4.284
4.995
3.804
2.28
3.339
1.535
4.183
11.541
4.578
4.989
4.381
5.237
3.347
5.012
0.192
5.136
4.475
3.995
4.984
6.954
1.486
1.568
4.691
3.431
0.57
3.86
2.011
3.913
5.409
3.603
2.383
4.936
5.126
7.697
1.175
7.003
4.511
2.96
7.001
4.173
9.169
5.088
3.357
3.57
3.865
1.172
4.951
3.247
0.068
3.91
6.252
4.781
5.473
2.339
5.355
3.708
3.781
2.983
8.075
3.633
0.246
4.319
2.968
2.848
1.63
2.394
7.647
4.683
1.182
2.786
3.837
1.385
4.408
1.793
2.327
0
5.36
2.468
2.582
6.468
4.244
4.151
1.286
3.113
0
2.729
2.045
2.509
1.55
1.871
4.151
4.007
3.598
1.773
1.405
5.009
0.234
5.113
3.015
5.601
1.701
4.075
5.373
4.42
3.65
3.348
4.131
1.339
2.402
4.105
4.318
0.47
4.679
5.745
4.865
8.519
0.532
3.458
6.676
4.124
4.238
3.886
1.239
3.95
3.842
5.581
4.399
1.759
0.968
3.801
4.838
2.406
4.235
4.643
4.38
3.318
2.48
4.168
0.682
2.357
6.676
1.888
2.683
0
3.777
4.979
0.751
3.343
5.265
1.172
5.864
4.645
6.4
1.643
2.91
3.988
2.633
4.43
1.725
4.17
2.521
4.715
6.383
1.644
3.941
0.344
2.38
6.01
1.876
0.7
0.752
3.454
5.457
1.942
2.927
1.004
2.895
3.388
5.831
4.122
2.87
2.242
2.167
4.862
2.575
8.77
4.249
5.034
2.536
2.689
0.551
7.342
6.518
4.18
5.097
3.038
0
1.848
4.449
4.522
5.184
3.868
1.25
0.802
5.509
3.868
8.503
5.056
1.749
2.126
3.413
1.784
3.929
2.424
4.134
5.709
3.065
3.954
8.11
3.195
4.088
4.208
3.596
2.503
4.39
5.766
1.523
5.752
0.394
2.741
5.007
6.53
6.069
4.825
5.614
3.184
4.452
6.992
5.114
1.258
6.509
6.771
2.813
5.774
7.953
3.934
3.849
6.922
1.34
0
2.539
5.381
2.726
2.872
6.862
3.069
6.063
1.948
3.259
5.091
2.837
3.336
5.327
6.678
1.857
3.418
3.357
3.246
3.013
5.175
3.301
1.695
1.114
4.596
2.699
3.006
1.298
2.572
5.347
1.345
3.056
