1.532
0.433
0.774
0.129
1.42
0
1.558
0
1.019
0
0.485
0.86
0.894
1.284
0.43
2.634
1
1.488
1.341
1.264
0
1.241
1.611
1.643
0.5
1.891
0.894
0.692
0.23
1.688
3.224
1.835
0.565
1.437
0.842
1.883
1.095
0.4
1.129
0
0.486
1.735
0.897
0.191
1.236
1.308
0.376
1.902
1.226
1.093
0.096
1.455
1.278
2.419
1.523
1.026
2.869
1.28
0
1.47
1.429
1.367
0.789
1.57
0.709
1.276
1.004
0.165
0.212
0.908
1.358
0.425
1.436
0
1.374
0.469
2.557
1.578
1.33
1.204
0.098
2.18
1.588
1.613
1.142
2.276
0
0.391
1.226
1.834
2.267
1.091
1.642
0.824
0
2.341
0.634
0.328
1.155
1.503
0.369
0.958
1.506
0.442
1.494
2.15
0.564
1.021
1.635
2.606
0.913
0.351
1.494
0.248
1.992
0
0.373
0.23
0.037
0.293
1.718
0
1.072
1.4
0.422
0.57
1.588
1.754
1.167
0.133
1.471
0.629
0.893
1.278
1.488
1.406
1.476
1.699
1.456
0.324
0.9
0.339
1.322
2.104
2.032
0.958
0.952
0.018
0
0.741
1.269
0.928
0.321
1.124
1.61
0.529
1.131
0
1.489
0
0.47
1.319
1.665
1.778
1.024
1.304
0.604
2.579
1.371
2.444
1.735
1.521
0.546
1.157
0
1.691
0
1.956
1.832
0.123
2.037
1.903
2.321
1.52
1.403
0.578
0.773
0.763
1.548
1.37
1.627
1.215
1.366
1.141
0.695
0
1.524
1.301
1.394
1.636
1.46
1.619
0
0.552
1.509
1.188
1.803
1.556
0.335
1.639
0
2.163
0.876
1.142
1.359
1.34
1.083
1.01
1.347
0.15
0
0.903
1.219
1.761
1.887
1.64
1.599
0.89
1.06
1.301
2.02
0.942
0.11
1.036
0.91
1.787
1.503
0.767
1.488
0.14
0.807
1.598
0.681
0
1.403
1.75
0.381
0.684
0.777
2.271
1.909
0.59
0.575
1.39
1.251
1.151
1.075
0
0.111
0.338
0
1.309
0.716
1.612
1.538
1.741
0.413
0.997
0.939
2.057
0.616
1.098
0
0
0.975
0.848
0.186
0.424
1.213
1.672
1.16
0.422
0
1.686
0.559
0
1.845
1.107
1.371
0.861
0.882
2.217
1.015
0.387
0
1.702
1.289
1.78
0.676
0.889
0.382
0.46
0.892
1.443
0.718
0.759
0.847
0.329
1.876
0.87
0.91
0.138
1.45
1.847
0.783
2.699
1.896
1.506
0
1.196
1.062
0.082
0.976
1.545
0.983
1.927
2.059
0
1.512
1.034
1.471
1.628
2.004
0.841
1.389
1.115
1.682
1.739
1.704
1.163
1.221
0.539
1.011
1.566
1.562
1.417
0.638
0
1.406
1.117
0
0.233
0
0.419
0.317
1.223
1.478
0.791
0
0.849
2.18
0
2.116
1.648
1.078
0.088
1.084
1.079
0.93
0.743
0.217
1.013
1.183
0.891
0.685
0.424
0.975
0.551
1.247
0.626
0
0.591
0.31
1.469
1.732
0.755
0.389
0.671
0.779
1.284
0
2.002
1.283
1.334
1.003
0.999
1.156
0.593
1.763
0.805
1.235
0.48
1.299
0
2.193
1.104
1.242
2.337
1.921
2.282
0.519
0
0.956
1.349
0.859
1.682
1.675
1.049
1.865
1.462
0.54
1.133
1.585
1.979
1.539
2.06
1.178
1.256
1.132
0
0.99
0.393
1.489
0
1.979
1.374
1.397
1.339
1.565
1.325
2.176
0
1.783
2.158
1.65
0.803
1.858
0.721
1.408
1.578
1.595
1.921
1.658
1.563
1.075
1.492
1.129
1.32
0.807
0.728
0.556
1.345
1.714
1.413
0.02
1.365
0.334
1.278
1.378
2.082
1.54
1.194
0.612
0.57
0.835
1.059
1.188
1.319
0
0
1.134
0
1.084
0.295
1.12
1.104
0.948
0
1.354
0.058
0.543
0.55
0.791
1.25
0.667
1.391
1.455
1.282
1.748
1.787
1.004
0.794
1.297
0.398
0.967
1.064
0.048
0.012
1.012
0.882
0.598
0
1.571
0
0.752
0.827
0.978
0
1.919
0.287
1.332
2.235
0.532
1.306
0.579
0.868
1.147
0.774
1.026
1.173
1.442
0
1.014
2.153
2.819
0.671
1.088
1.73
1.492
0.45
0.592
2.902
0.653
1.608
1.814
0.922
1.533
0.913
1.417
1.728
0.377
2.027
2.468
0
1.712
1.099
0.986
2.502
1.561
0.651
1.63
0
0.333
1.554
1.491
1.554
1.047
0.37
1.485
0.476
1.599
0
1.75
1.391
1.121
1.49
0.962
1.167
1.029
1.156
1.007
0.761
2.396
1.731
1.218
0.638
1.383
0
1.28
0.538
0.214
0.967
1.117
0.884
2.626
2.5
0.969
0
0.251
0.627
1.188
1.443
1.562
1.697
1.138
1.223
1.386
0.266
1.046
0.298
0.558
1.916
1.243
0.518
0.528
0
1.088
0.227
2.07
1.771
1.208
1.347
1.347
0.372
1.499
0.836
1.249
1.806
1.551
0.358
1.215
0.871
0.688
0.949
0.859
0
1.336
0.641
2.342
0.793
1.669
1.061
0.021
0.882
0.431
0
1.381
1.678
1.805
1.485
1.211
1.211
1.588
0.815
0.8
1.283
0.922
0.994
1.457
0.644
0.301
1.556
1.363
1.035
1.721
0.758
1.142
0.841
1.033
1.136
0.902
1.119
0.427
0.914
1.467
1.324
2.351
0.667
0.696
1.322
1.127
2.09
1.518
1.151
0.548
1.222
0.858
0.901
1.102
1.476
1.067
1.496
1.397
0.214
1.502
1.907
0
0
1.145
0.994
1.662
0
1.239
2.23
1.227
1.769
0.465
0.569
2.605
2.048
1.693
1.091
0.795
0.697
1.413
0.335
0.837
0.548
1.077
1.302
0.481
0.71
2.364
1.447
1.184
0
1.025
0.866
1.272
0
1.353
0.421
0.183
1.788
1.362
1.253
0.494
0.531
1.372
0.8
0.381
0.251
1.598
0.581
1.036
0.632
1.198
0
1.261
0.276
1.872
1.881
1.042
1.583
1.145
0.097
1.42
0.812
1.619
1.397
0.986
0.219
0.187
1.038
0
1.497
0
1.136
2.266
1.658
1.59
1.11
0.447
0.619
0
1.552
0.016
0.796
2.054
0.451
1.375
1.104
1.522
0.107
0.802
2.051
1.123
0.906
0
1.713
1.192
1.764
1.012
1.6
1.69
0.775
1.58
0.025
1.783
1.614
2.464
1.801
0.719
0.588
1.172
0.697
0.985
0.747
1.483
1.525
0.762
0.634
1.361
0
1.376
1.196
0
0
0.282
1.395
0.911
0.818
2.174
1.227
0.859
0.557
0.444
1.116
1.849
2.284
0.627
0.356
1.513
1.222
1.968
0.236
2.018
0.397
1.881
1.466
0.364
1.257
0
0.397
0
1.592
0.989
0.593
0.652
0.799
1.491
1.435
0.441
0.671
1.299
1.71
0.216
1.132
1.546
1.016
1.175
1.357
0.909
1.472
0.272
0.768
1.711
0.662
1.674
0.813
0.264
1.455
1.929
1.678
0.799
0.649
0.782
1.293
1.362
1.828
1.572
0
2.156
1.312
1.17
0.724
0.85
2.097
1.839
1.112
1.597
1.833
1.269
0.737
1.101
2.352
0.672
0
1.824
1.674
1.059
0
1.503
0
0.673
0.795
1.472
1.461
1.328
0
1.928
1.253
1.703
0.945
0.318
0.892
1.745
1.428
2.043
1.029
1.77
1.57
2.292
1.046
0.614
1.175
1.719
1.693
0.741
1.378
1.177
1.357
1.078
0.72
0.737
0.959
1.303
1.09
2.481
0
0
1.785
1.775
0.067
0.429
1.327
1.19
1.184
1.413
0.792
1.685
1.247
1.181
0.644
0
1.331
0.61
1.086
1.148
2.741
1.677
0.718
1.805
0
1.639
1.082
0.857
1.309
0.509
0.624
0.492
0.807
0.691
0.845
1.072
1.275
1.282
0
1.65
1.254
1.714
1.742
2.845
1.439
0.909
1.887
1.244
0.244
0
1.86
1.401
1.637
0.676
1.873
1.156
0.79
2.265
1.421
1.565
0.921
