231 7 7.874 0.0678823
324 11 11.304 0.0491121
257 8 8.97 0.0381838
257 9 9.018 0
111 2 2.663 0
246 8 8.4805 0.104526
109 3 3.634 0.139301
302 10 10.5312 0.0931595
231 8 8.08433 0.0205508
16 0 0.566 0
111 3 3.684 0.294156
263 9 9.192 0.036756
252 8 8.73433 0.14327
100 3 3.336 0
132 2 2.863 0.0424264
126 4 4.3752 0.0769558
278 9 9.63333 0.154578
299 9 9.309 0
132 4 4.54033 0.166377
37 1 1.2785 0.00494975
284 9 9.89875 0.0791891
379 13 13.243 0
147 5 5.1382 0.0236368
335 10 10.024 0
43 0 0.007 0
360 12 12.5765 0.0388909
290 9 9.962 0
335 11 11.7357 0.0171925
477 16 16.728 0
58 2 2.035 0
168 5 5.8775 0.0120208
153 5 5.239 0.169706
179 6 6.2595 0.0166633
64 1 1.777 0
170 5 5.9505 0.00212132
209 7 7.2985 0.0318198
75 2 2.6275 0.00777817
64 2 2.25 0
200 6 6.96833 0.018037
185 6 6.476 0.0193735
200 7 7.0155 0.0205061
215 7 7.5256 0.00750333
81 2 2.63325 0.197876
433 15 15.161 0
411 14 14.328 0
408 14 14.304 0
191 6 6.6605 0.0233345
96 3 3.37017 0.0148784
221 7 7.67775 0.068041
371 12 12.978 0
236 7 7.981 0
236 8 8.245 0.0169706
301 10 10.519 0.0342637
116 3 3.903 0.0240416
137 2 2.018 0
242 8 8.454 0
116 4 4.0415 0.0233345
268 9 9.37833 0.0300378
105 3 3.63225 0.123043
27 0 0.486 0.687308
137 4 4.682 0.122243
381 13 13.335 0
122 4 4.18633 0.109208
274 9 9.332 0
422 14 14.784 0
356 12 12.2715 0.275065
33 0 0 0
295 9 9.922 0
48 1 1.433 0.325269
280 9 9.827 0
143 4 4.8635 0.1393
309 10 10.779 0
143 5 5.013 0
158 5 5.5025 0.0388909
312 10 10.9167 0.0263547
331 9 9.003 0
294 10 10.203 0.046669
54 1 1.7655 0.0982878
181 4 4.123 0
205 6 6.905 0.10748
164 5 5.7526 0.0110589
175 6 6.13267 0.00602771
86 2 2.768 0
181 5 5.916 0
60 1 1.558 0
71 2 2.512 0
205 7 7.1432 0.0689253
407 14 14.265 0
392 13 13.6265 0.150614
86 3 3 0
181 6 6.3258 0.0429558
389 13 13.64 0.0113137
60 2 2.1035 0.00353553
370 12 12.968 0
367 12 12.7085 0.210011
211 7 7.384 0.0247305
226 7 7.903 0.0341272
92 3 3.138 0.100783
247 7 7.144 0.0325269
258 8 8.9135 0.0912168
345 12 12.069 0
247 8 8.592 0.0716554
258 9 9.01367 0.00550757
232 8 8.105 0.0448107
264 8 8.776 0
17 0 0.358 0
112 3 3.384 0
101 3 3.41667 0.101476
127 4 4.416 0.0335112
279 9 9.7474 0.0482887
253 8 8.834 0.0308004
443 15 15.4885 0.00919239
264 9 9.134 0.0779487
355 12 12.3385 0.10253
23 0 0.741 0
333 11 11.623 0
300 9 9.0495 0.0190919
148 4 4.964 0
270 9 9.448 0.0277248
38 1 1.3305 0.0275772
133 4 4.671 0.00953939
285 9 9.96867 0.00986577
311 10 10.881 0
308 10 10.7717 0.0346747
148 5 5.18833 0.00802081
291 9 9.742 0.120208
428 13 13.429 0
154 4 4.939 0
293 10 10.2283 0.0654593
44 1 1.147 0
59 2 2.069 0
154 5 5.4005 0.00353553
428 14 14.976 0
169 5 5.87467 0.0564222
171 5 5.6295 0.231224
76 2 2.5 0
65 2 2 0
160 5 5.585 0.0351568
186 6 6.526 0.0108167
237 5 5.594 0
201 7 7.051 0
216 7 7.564 0
82 2 2.85175 0.027097
192 6 6.7155 0.013435
237 6 6.216 0
222 7 7.704 0.0169706
237 8 8.28067 0.0277369
269 7 7.543 0
322 11 11.232 0.0169706
300 10 10.3557 0.0960278
106 2 2.331 0
117 3 3.678 0
417 12 12.462 0
269 9 9.393 0
243 8 8.4805 0.0219203
117 4 4.07225 0.0230416
420 14 14.712 0
13 0 0.443 0
260 8 8.9415 0.0544472
399 13 13.981 0
329 11 11.497 0
260 9 9.125 0
138 4 4.75633 0.14155
275 9 9.55 0
307 10 10.7565 0.0162635
310 10 10.853 0
144 4 4.857 0.0212132
281 9 9.844 0
292 10 10.214 0
49 1 1.72 0.00989949
289 10 10.109 0
7 0 0.253 0
159 5 5.56567 0.0172434
176 4 4.151 0
144 5 5.0415 0.025671
40 1 1.4105 0.00353553
55 1 1.8195 0.133643
176 6 6.1465 0.0247487
150 5 5.26 0
165 5 5.778 0.0281188
61 1 1.767 0
72 2 2.516 0.0113137
87 2 2.898 0
206 7 7.18825 0.0517969
365 12 12.376 0
343 11 11.791 0
93 1 1.099 0
87 3 3.075 0
197 6 6.89567 0.0156312
61 2 2.13833 0.0310054
182 6 6.30183 0.102073
343 12 12.027 0
212 7 7.424 0
227 7 7.975 0.00141421
93 3 3.1995 0.114904
318 11 11.0972 0.0541175
233 7 7.978 0
259 8 8.891 0
438 15 15.361 0
233 8 8.16775 0.0256564
248 8 8.67375 0.0551808
259 9 9.071 0.0052915
18 0 0.645 0
254 8 8.912 0.00424264
265 9 9.236 0.0141421
128 4 4.3894 0.207392
24 0 0.827 0
134 4 4.649 0
292 7 7.588 0
149 4 4.959 0
288 10 10.0723 0.0313422
354 12 12.0515 0.0431335
286 9 9.77825 0.239999
271 9 9.368 0.0890955
149 5 5.20575 0.034913
45 1 1.323 0
140 4 4.80925 0.135687
3 0 0.101 0
449 15 15.707 0
155 5 5.3404 0.186955
386 13 13.5185 0.0233345
51 1 1.659 0
172 5 5.9265 0.0813173
427 14 14.902 0.0438406
77 2 2.588 0.166877
202 6 6.8025 0.16617
66 2 2.27867 0.102109
161 5 5.6115 0.0651882
172 6 6.03475 0.0119269
339 11 11.8655 0.033234
187 6 6.5385 0.0119024
342 11 11.989 0
317 10 10.925 0
83 2 2.8426 0.133897
217 7 7.591 0.0171172
202 7 7.076 0.00365148
98 3 3.41067 0.0352326
193 6 6.7205 0.0388909
320 11 11.179 0
299 10 10.3784 0.104438
223 7 7.747 0.11738
238 8 8.32367 0.0491664
255 8 8.763 0
118 3 3.916 0.0296985
107 3 3.398 0
118 4 4.12925 0.0223812
244 8 8.5065 0.0831485
261 7 7.469 0
14 0 0.514 0
261 8 8.76 0
29 1 1.019 0
290 10 10.1715 0.00636396
261 9 9.092 0.0523259
124 4 4.283 0.0984784
276 9 9.675 0.0268701
353 12 12.1753 0.164239
139 4 4.809 0.120498
250 8 8.71667 0.0876945
331 11 11.551 0
327 8 8.784 0
328 11 11.4795 0.0219203
145 4 4.911 0
151 2 2.683 0
130 4 4.5415 0.0247487
282 9 9.8585 0.0247487
35 1 1.247 0
8 0 0.2685 0.0275772
145 5 5.056 0.0259422
56 1 1.981 0
341 11 11.937 0.0452548
338 11 11.592 0
151 5 5.303 0
177 6 6.168 0.0331361
166 5 5.751 0.0929408
316 10 10.871 0
73 2 2.55 0.0311127
207 7 7.08433 0.0727278
198 6 6.935 0.00282843
316 11 11.0525 0.0205061
298 10 10.4058 0.0513319
183 6 6.399 0.0343948
228 7 7.875 0
213 7 7.455 0.0155885
228 8 8.003 0
94 3 3.234 0.031241
352 10 10.852 0
249 8 8.68425 0.0817042
234 8 8.14175 0.0938132
19 0 0.214 0
374 13 13.083 0.0182483
114 3 3.864 0.172534
266 9 9.3265 0.00919239
129 4 4.524 0.011296
103 3 3.6135 0.00636396
349 12 12.2093 0.0285365
120 2 2.436 0
352 12 12.3145 0.0346482
286 10 10.0255 0.00636396
240 8 8.393 0.0194765
327 11 11.411 0
25 0 0.8695 0.0247487
135 4 4.70483 0.0630188
120 4 4.197 0.0163911
287 9 9.7245 0.361332
272 9 9.443 0.103116
305 10 10.6627 0.0125033
450 15 15.507 0
31 1 1.072 0
141 4 4.77086 0.1833
425 14 14.892 0
340 11 11.9017 0.024379
337 11 11.726 0.139366
4 0 0.152 0
156 5 5.402 0.11985
188 5 5.007 0
173 5 5.903 0
385 13 13.4945 0.0106066
52 1 1.819 0.0240416
78 2 2.7295 0.0346482
218 5 5.508 0
297 10 10.324 0
67 2 2.315 0
203 6 6.941 0
173 6 6.0675 0.0176777
315 11 11.0405 0.000707107
84 1 1.08 0
188 6 6.592 0.0132288
162 5 5.62375 0.0866386
203 7 7.1015 0.033234
218 7 7.55843 0.0973702
84 2 2.94 0.00141421
99 3 3.45 0
194 6 6.781 0.0346121
224 7 7.645 0
395 13 13.785 0
90 3 3.144 0
239 8 8.244 0.123705
108 2 2.27 0
348 11 11.951 0
119 3 3.969 0
230 7 7.923 0
256 8 8.9675 0.0176777
230 8 8.058 0
351 12 12.289 0
108 3 3.639 0.151321
348 12 12.1945 0.0233345
119 4 4.106 0.0717147
262 7 7.429 0
245 8 8.583 0.0133292
326 11 11.429 0.0168226
15 0 0.546 0.00565685
125 4 4.36067 0.0170098
277 9 9.69425 0.0199729
251 8 8.77767 0.0196554
446 15 15.614 0
146 4 4.909 0
424 14 14.6845 0.258094
283 9 9.90167 0.0273008
131 4 4.5314 0.0841623
146 5 5.067 0
152 3 3.5955 0.457498
9 0 0.161 0.227688
384 13 13.316 0
42 1 1.341 0.00989949
57 1 1.962 0
167 5 5.647 0.20265
362 12 12.536 0.27293
296 10 10.358 0
0 0 0 0
178 6 6.2322 0.014481
152 5 5.3205 0.0275983
74 2 2.462 0.151321
89 3 3.134 0
184 6 6.383 0.114493
199 6 6.884 0.118072
229 7 7.992 0
214 7 7.3815 0.173441
95 3 3.28533 0.0783603
190 6 6.607 0.0254558
235 7 7.147 0
435 15 15.244 0
220 7 7.6435 0.0510718
347 12 12.151 0.019799
350 12 12.263 0
235 8 8.2188 0.0280482
413 14 14.421 0
115 3 3.848 0
325 11 11.3923 0.0106927
267 9 9.14 0
241 8 8.4045 0.0148492
104 3 3.57325 0.113415
115 4 4.018 0
303 10 10.618 0.00707107
110 1 1.916 0
26 0 0.888 0
285 10 10.001 0.00141421
110 3 3.692 0
121 4 4.229 0
288 9 9.825 0
136 4 4.70617 0.116664
157 4 4.951 0
142 4 4.8436 0.104299
383 13 13.406 0
5 0 0.177 0
356 9 9.463 0
295 10 10.29 0
157 5 5.51633 0.00472582
358 12 12.39 0
79 2 2.744 0
336 11 11.738 0
70 0 0.183 0
163 5 5.68875 0.054451
85 1 1.336 0
189 6 6.57925 0.0817573
174 6 6.08833 0.0200266
204 7 7.15733 0.00585947
219 7 7.5172 0.150355
314 11 11.001 0
70 2 2.27533 0.101707
195 6 6.7375 0.153442
180 6 6.265 0.019
210 7 7.2956 0.101864
225 7 7.755 0.24505
91 3 3.19 0
346 12 12.0983 0.0416813
409 14 14.321 0
