44.85
44.973
44.998
38.584
44.346
44.713
44.98
44.964
44.967
44.927
44.401
44.334
45
44.976
44.729
44.972
36.854
44.934
44.457
44.973
45
44.954
44.953
45
44.219
45
44.945
38.243
44.444
45
44.996
44.955
44.718
44.98
44.983
44.945
44.972
44.952
44.997
45
44.821
34.391
44.941
44.998
44.828
44.803
34.797
44.997
44.962
38.436
44.819
44.314
44.959
44.988
44.823
44.998
44.988
44.971
44.996
44.704
45
44.341
44.374
44.43
35.516
44.974
44.365
44.724
44.75
44.697
44.971
44.499
42.696
44.083
44.731
44.997
44.535
44.411
44.996
44.51
39.011
44.971
45
44.94
44.967
44.976
44.995
44.997
45
44.954
44.648
44.662
44.793
44.971
44.85
44.739
44.998
44.978
44.671
44.968
44.769
44.978
44.24
44.974
44.553
44.999
44.999
44.972
44.76
44.239
44.726
45
45
44.996
44.943
44.956
45
42.186
44.76
44.998
44.956
44.559
44.965
44.998
45
44.471
44.996
44.996
44.958
44.997
44.484
44.966
45
44.613
44.832
44.955
44.396
44.976
44.765
36.768
44.977
44.824
44.998
44.997
44.235
44.746
44.996
44.944
44.613
44.977
45
44.964
44.996
44.923
44.93
44.998
44.687
44.997
39.749
44.862
44.997
44.545
39.103
43.226
45
44.977
44.971
44.614
44.998
44.8
44.873
44.932
45
45
44.963
45
45
44.948
45
44.685
44.961
37.585
32.373
44.748
45
38.373
40.028
38.175
44.195
44.43
45
44.974
44.98
44.969
44.996
45
44.491
37.891
44.672
44.799
45
44.578
39.19
44.555
44.784
45
44.955
44.923
45
44.998
44.961
45
44.997
44.998
44.439
44.996
44.997
44.871
44.973
44.997
45
43.041
44.719
44.932
44.812
44.927
45
44.868
45
44.937
44.21
44.95
44.763
45
35.868
44.866
44.465
44.93
44.35
44.418
44.998
44.944
44.443
44.996
44.985
41.243
45
44.764
38.277
44.457
44.774
44.437
45
44.883
44.972
44.746
38.38
44.969
45
44.949
44.996
44.958
45
45
44.706
35.914
44.028
44.997
44.749
44.996
37.041
44.233
44.707
44.761
44.824
44.996
38.335
39.904
35.635
45
44.943
44.965
44.971
44.983
44.282
42.945
44.78
45
44.944
44.715
44.694
44.8
38.34
39.245
44.996
44.525
37.483
44.693
44.997
44.901
44.767
44.998
44.966
44.456
45
44.958
44.78
43.252
44.997
44.401
44.861
45
44.977
44.693
44.963
44.79
44.984
44.952
44.999
44.758
44.85
44.739
44.997
44.977
44.962
44.996
45
45
44.996
44.996
44.996
44.328
44.967
44.829
40.394
44.725
44.96
44.59
44.708
44.997
33.464
44.508
44.996
42.17
44.533
45
44.958
44.996
44.745
44.4
44.831
38.32
44.275
44.405
44.981
39.372
44.944
43.266
44.971
44.624
44.33
35.795
44.837
44.963
44.996
44.621
44.276
44.942
44.998
42.537
44.998
37.935
44.938
44.939
44.536
45
33.921
44.998
44.959
45
44.954
38.811
44.839
44.97
43.353
44.969
44.931
44.965
34.369
45
44.803
44.666
44.426
44.968
44.985
44.752
44.962
44.967
44.323
44.967
44.744
44.951
44.841
45
44.768
38.019
44.996
43.139
44.676
44.826
44.925
45
44.738
44.96
45
45
39.518
44.714
44.848
44.578
45
44.96
44.645
44.981
44.549
44.295
44.815
44.76
45
44.996
44.983
45
44.932
45
39.609
44.527
44.998
44.973
44.998
44.947
44.821
43.466
44.686
42.282
45
44.99
44.976
44.222
44.971
44.405
44.999
45
44.674
40.774
44.992
44.947
44.146
44.739
44.693
44.846
44.754
44.621
44.822
45
45
36.899
38.295
44.957
44.541
44.533
44.997
44.95
44.952
44.959
44.996
44.995
44.995
44.999
44.279
45
44.98
44.989
44.958
44.81
44.972
44.998
44.968
44.995
44.97
44.971
44.749
44.95
44.998
44.135
39.857
44.999
45
44.938
44.976
44.529
44.846
44.944
44.841
44.995
44.607
44.7
44.513
44.97
44.998
44.954
43.193
34.116
44.997
44.991
41.63
44.983
45
44.797
44.669
44.841
38.225
44.996
43.234
44.965
45
45
39.695
44.966
44.982
44.779
42.688
44.802
44.695
45
45
45
45
37.098
44.939
44.996
44.955
44.928
45
44.514
45
44.958
44.553
44.998
44.912
44.978
44.702
44.439
44.954
44.983
44.33
44.97
40.9
44.807
44.996
44.996
44.976
44.937
44.999
44.67
36.822
44.62
37.587
44.996
44.706
44.451
45
42.153
44.969
44.997
44.364
45
42.831
44.814
43.068
44.448
44.963
44.945
44.955
44.933
44.946
44.674
44.696
44.912
44.342
40.907
44.999
44.999
44.996
45
44.949
44.766
44.116
44.688
44.998
44.867
45
44.994
44.986
45
44.996
42.858
44.975
44.218
44.668
44.943
39.304
34.534
42.885
45
44.65
44.96
44.953
44.931
44.956
44.453
44.934
44.997
44.59
44.402
41.863
44.548
44.657
44.622
44.797
44.726
44.719
44.831
44.445
44.987
36.77
44.655
44.9
44.965
44.703
44.805
44.861
44.743
45
44.965
40.265
44.958
44.634
44.96
44.511
45
44.983
44.997
42.085
44.996
38.136
44.954
45
44.973
44.664
44.866
34.758
44.965
44.997
44.751
44.447
44.599
44.693
45
44.374
45
31.86
45
44.958
44.998
45
44.655
44.634
38.253
44.944
44.668
44.951
44.674
45
44.915
44.987
44.961
44.753
44.998
45
44.845
44.788
44.653
44.999
44.74
44.804
44.997
45
44.736
45
44.764
44.711
44.997
44.998
44.995
44.827
44.963
44.997
44.998
44.992
44.122
43.296
44.996
45
44.825
44.306
44.502
44.712
44.997
44.971
45
44.828
44.977
44.996
45
44.755
44.522
44.529
44.315
44.254
44.995
44.891
41.82
44.818
44.975
45
44.978
44.929
45
44.954
37.938
44.78
38.245
44.566
44.508
44.996
41.578
44.536
44.79
44.86
44.997
44.942
44.703
44.997
44.998
45
42.811
44.264
44.772
44.533
44.959
34.606
44.672
44.692
44.998
44.595
44.997
36.551
44.997
44.959
44.976
42.565
44.997
44.768
45
44.728
44.776
44.827
44.95
38.766
44.654
44.494
44.576
44.462
44.955
44.616
44.682
44.973
44.79
44.774
44.46
44.958
44.942
44.963
44.961
44.986
42.148
45
44.955
35.533
44.685
44.97
44.198
44.974
43.3
44.968
44.705
44.969
44.861
44.947
45
43.241
45
44.468
44.961
45
44.997
44.118
44.996
44.582
45
44.965
38.808
44.706
44.997
44.974
44.998
44.924
44.996
45
44.998
44.997
44.781
44.997
44.968
44.678
44.973
44.997
44.998
44.996
44.91
45
44.682
44.751
44.947
44.962
43.249
45
44.986
44.999
44.833
44.961
44.935
44.659
38.326
44.413
44.933
44.957
44.995
44.742
44.97
44.677
38.315
44.742
44.929
44.971
44.997
40.095
44.997
44.711
44.948
44.957
44.966
44.998
44.465
44.54
33.575
44.151
44.628
45
44.958
44.998
44.316
44.9
44.965
44.384
44.997
44.978
44.937
44.997
44.364
44.633
44.998
44.954
39.944
44.951
44.774
44.997
45
45
44.703
44.984
44.998
44.967
44.556
38.513
44.706
44.616
44.827
44.948
44.81
44.983
44.958
44.846
44.82
44.272
45
44.684
44.928
44.997
44.971
44.858
44.995
44.709
44.956
44.959
44.854
45
44.629
45
45
44.822
44.964
44.975
44.753
45
44.391
44.665
32.486
44.972
40.061
45
44.979
44.968
44.964
45
44.926
45
44.627
44.997
44.766
44.659
44.784
45
44.995
45
45
44.966
44.969
44.964
44.978
45
34.341
44.705
42.041
45
44.965
45
44.671
44.814
44.962
39.331
44.945
44.998
44.961
44.735
44.507
44.996
44.351
44.933
44.998
45
44.996
45
45
44.81
44.955
44.682
44.811
44.775
34.37
34.381
44.951
44.947
44.998
45
44.982
44.473
44.297
44.943
45
41.645
44.977
44.998
44.608
44.933
44.953
44.936
44.998
45
44.331
38.123
45
44.979
44.764
44.964
44.218
44.725
44.913
44.501
44.581
44.999
44.703
44.983
45
44.981
38.074
44.773
44.997
44.985
39.596
44.96
45
43.316
44.775
43.401
44.701
44.755
45
44.494
44.713
44.998
44.966
44.71
43.075
44.338
44.814
44.758
44.962
44.95
44.997
43.615
44.998
44.712
44.956
44.943
44.608
44.984
44.859
44.359
44.959
44.819
44.997
45
44.987
40.736
44.973
44.962
45
45
44.997
45
44.996
44.333
44.01
44.943
44.956
44.64
44.961
45
44.699
44.955
44.997
44.368
44.321
44.845
44.535
44.978
44.997
44.982
44.42
44.948
44.32
44.406
45
36.817
41.549
44.666
44.952
43.546
45
44.211
45
44.819
44.946
44.998
44.939
44.342
45
44.932
44.971
44.73
44.819
44.846
44.996
44.8
44.996
45
44.968
44.998
44.798
44.955
36.922
44.963
44.838
44.997
36.445
45
44.54
44.944
44.358
44.593
44.999
45
37.705
44.605
44.993
42.736
44.997
44.788
45
45
44.698
42.355
44.796
44.787
44.914
44.278
44.966
44.568
44.971
45
36.539
44.996
44.717
44.465
44.961
44.997
44.954
41.685
44.786
44.372
44.339
37.785
44.831
44.97
44.807
45
44.532
44.996
44.937
45
45
45
44.51
44.969
44.137
44.772
44.99
44.94
44.716
45
43.077
44.999
45
44.97
44.99
44.954
44.999
44.942
44.971
44.999
44.979
44.976
44.997
38.713
44.959
44.975
45
44.502
44.957
42.483
45
45
44.966
44.71
44.655
44.932
44.282
44.897
44.995
44.649
44.487
44.674
44.999
44.565
45
44.965
37.756
44.961
44.922
42.491
44.997
45
43.126
42.69
44.501
44.925
45
44.996
44.973
45
44.943
44.805
44.998
44.961
44.571
44.955
44.816
44.79
44.967
44.32
45
44.997
44.966
44.999
45
44.968
33.116
44.962
44.578
44.997
44.969
44.724
44.743
44.967
44.997
44.585
44.038
44.999
44.97
44.957
39.218
45
44.984
41.589
44.555
44.972
44.629
42.952
44.892
44.78
44.997
45
44.974
44.796
44.967
44.973
45
44.845
44.991
44.674
44.758
44.998
44.972
44.978
44.999
44.808
44.996
38.58
44.793
45
42.963
44.556
44.504
44.998
44.999
44.957
44.977
44.956
44.411
44.999
44.527
44.789
44.742
44.949
44.942
35.998
44.454
44.998
45
45
38.582
44.919
44.948
45
44.757
44.96
44.999
41.655
44.046
43.074
44.594
45
44.748
45
44.727
44.588
44.974
44.996
44.683
38.143
44.965
35.906
44.459
45
44.812
44.972
44.723
45
44.999
45
45
44.241
37.233
44.928
44.742
44.492
45
44.963
44.921
45
39.619
44.8
44.448
44.821
44.451
44.997
44.77
44.855
44.978
44.823
45
44.663
44.953
45
45
44.767
45
44.949
44.541
44.785
44.433
40.198
45
44.998
45
44.778
41.484
44.781
44.686
45
36.885
38.432
44.874
44.751
44.97
44.998
44.998
44.942
44.359
44.997
44.827
44.978
44.824
44.768
44.988
45
44.985
45
43.702
44.97
44.659
44.955
44.997
45
44.889
44.773
36.578
45
44.961
45
44.052
44.973
44.983
44.995
44.371
44.542
44.696
45
44.941
44.647
44.997
44.293
44.728
44.607
45
44.996
44.948
44.207
45
42.781
45
44.997
43.295
45
44.783
44.947
44.778
36.589
44.951
44.989
44.292
44.229
44.316
44.951
44.78
44.281
44.997
39.796
44.968
44.767
44.949
44.7
42.192
44.756
45
45
43.645
44.998
44.578
44.998
36.507
44.695
44.784
44.777
44.961
44.967
44.962
44.433
44.95
44.745
44.907
42.823
34.557
44.489
44.564
44.974
44.821
45
44.996
45
34.144
44.486
44.967
45
44.52
44.965
44.637
45
44.998
44.999
44.647
44.36
44.287
44.996
45
44.95
44.585
44.943
42.63
44.96
44.996
44.548
44.666
44.955
44.733
44.785
44.78
39.908
37.353
44.979
44.95
42.755
44.999
44.997
38.574
44.981
44.92
44.835
43.865
44.966
44.967
44.996
44.997
44.71
44.957
44.777
44.954
45
44.997
44.996
45
44.195
44.987
38.012
45
44.917
44.972
44.342
44.977
44.739
44.996
37.756
44.463
44.747
44.999
44.757
44.996
44.947
44.319
44.975
44.964
44.713
45
44.995
36.261
44.536
44.822
44.337
44.617
44.999
44.421
45
44.826
45
44.982
44.97
45
44.992
44.959
43.057
44.734
44.413
44.997
44.998
44.727
44.997
45
44.904
35.288
44.796
44.82
41.95
44.642
45
44.549
44.766
44.74
44.782
44.971
44.939
44.972
39.703
44.948
44.373
44.557
44.997
44.997
45
44.938
44.941
44.394
39.77
45
40.623
44.951
44.699
44.952
44.998
44.646
44.949
44.983
44.998
41.347
44.917
43.305
44.328
44.591
44.956
44.994
44.998
44.964
44.999
44.998
44.881
44.978
44.746
44.996
44.926
44.998
44.999
43.064
44.753
45
38.707
44.775
44.995
44.975
44.666
44.577
44.995
44.998
44.956
44.944
45
36.031
44.997
44.997
44.997
44.998
36.382
44.507
39.468
44.727
44.978
44.545
44.978
44.561
44.973
44.969
45
44.983
44.955
37.407
44.958
44.156
45
44.87
44.96
44.997
42.744
44.998
44.459
44.998
44.719
45
44.987
44.996
44.996
44.621
44.997
44.965
44.996
44.988
44.273
44.977
45
45
44.997
44.998
44.687
44.938
44.96
45
44.974
44.97
44.184
44.959
44.995
44.996
44.975
44.828
42.912
39.305
45
44.817
44.325
45
42.616
44.996
45
44.604
44.785
44.996
44.962
44.959
44.827
44.966
44.855
44.643
44.677
44.836
44.971
44.996
44.953
44.999
45
43.046
44.377
44.939
44.795
44.594
44.953
44.842
44.97
44.972
44.645
36.243
44.977
44.998
40.642
44.939
44.997
44.998
44.992
44.998
44.966
44.599
45
44.814
44.963
37.291
44.976
44.998
44.943
44.455
44.765
44.906
45
44.944
45
44.636
35.216
44.978
44.439
44.439
44.95
44.939
44.986
45
44.502
45
44.448
44.979
44.349
44.844
44.671
44.945
44.826
44.712
44.993
44.727
45
44.68
44.545
44.999
44.934
44.227
35.122
44.998
44.244
44.701
45
44.742
44.974
44.971
44.807
44.703
44.568
45
42.962
44.995
44.81
44.958
44.775
44.969
44.986
44.26
44.751
44.962
44.995
45
43.258
37.994
36.258
44.743
45
45
44.996
44.769
44.962
44.34
45
44.958
44.968
44.957
45
36.24
44.996
44.997
44.963
44.997
44.822
44.963
44.961
37.714
44.997
45
44.996
44.997
44.723
44.686
44.997
44.325
44.85
44.997
44.384
44.997
44.997
44.983
44.996
44.948
44.805
44.965
37.65
44.995
42.971
44.964
44.951
44.951
44.986
45
44.763
44.984
44.983
44.307
44.993
44.485
45
44.611
44.973
45
44.997
45
44.605
43.411
45
44.728
45
45
44.951
44.349
45
44.685
45
44.997
44.938
44.543
44.958
44.996
44.987
44.997
39.252
44.797
38.315
45
45
44.351
45
38.498
40.441
44.687
44.997
44.941
45
44.962
44.964
44.999
44.929
44.999
45
44.485
44.523
44.854
44.773
35.523
44.997
44.318
44.658
44.996
44.997
44.827
44.952
42.62
45
44.998
44.959
44.996
44.617
44.562
44.998
45
44.994
44.997
44.976
44.986
44.305
44.932
44.72
45
44.995
45
44.75
44.997
44.928
44.09
44.997
44.469
44.955
45
42.142
44.997
44.997
44.968
44.936
44.997
44.426
45
44.998
43.09
30.337
44.996
39.748
45
44.717
44.972
42.719
44.998
45
45
39.158
45
44.995
44.999
44.982
44.967
44.62
44.473
44.997
44.969
44.998
44.996
35.091
44.642
45
44.984
44.565
44.998
44.813
45
44.933
45
44.997
44.974
44.968
44.226
44.968
45
44.303
44.48
44.995
44.726
44.514
44.967
44.997
44.738
43.214
44.969
42.411
44.945
44.998
45
42.364
44.965
45
44.987
44.728
42.827
44.959
44.95
44.946
45
44.72
44.962
44.539
44.647
44.987
44.972
35.62
44.715
44.997
43.365
42.584
44.963
44.946
44.972
44.221
44.606
44.977
44.958
44.972
44.967
44.831
44.998
44.932
44.997
44.603
44.972
44.661
38.345
44.951
44.622
45
44.96
44.667
44.996
44.95
45
44.997
38.335
45
44.997
44.982
44.645
44.997
44.218
44.416
38.948
44.999
44.928
44.96
44.471
44.769
44.957
44.981
44.752
44.57
44.947
44.997
44.951
44.623
44.996
44.997
44.927
44.963
45
44.996
44.369
44.959
36.255
44.997
44.789
44.815
44.997
44.408
44.95
41.729
44.957
41.1
44.935
44.759
44.998
35.198
34.402
44.966
44.969
44.998
44.995
44.998
32.944
44.768
39.759
44.997
44.946
44.741
44.953
43.706
44.998
44.625
44.956
43.208
44.969
43.592
45
44.832
45
44.944
44.26
42.575
44.995
45
44.757
42.911
44.958
44.7
44.646
45
45
44.784
44.672
44.898
44.865
44.991
44.971
44.804
34.93
43.086
44.998
44.989
44.451
44.976
44.961
44.996
44.984
44.363
44.8
44.981
33.334
44.953
45
44.996
44.957
44.941
44.976
45
44.803
37.545
44.53
44.947
44.587
44.956
41.338
44.974
39.42
44.999
44.971
44.997
44.716
45
37.739
44.966
44.997
44.644
44.998
45
45
45
44.996
44.946
42.545
37.918
44.963
44.757
39.651
45
44.563
44.52
44.512
37.701
44.973
45
44.966
44.756
44.953
45
44.595
44.944
44.999
45
44.998
44.995
45
45
44.448
44.971
44.82
44.506
44.976
44.825
44.787
43.33
44.956
44.294
44.703
44.974
44.81
44.999
44.433
44.864
44.759
44.997
44.997
44.98
44.957
45
44.786
43.057
45
44.939
44.999
33.628
44.599
44.546
45
45
44.998
44.945
44.971
45
45
39.573
44.517
45
45
45
44.663
44.76
44.49
44.343
45
44.998
45
44.997
44.736
44.363
44.489
42.131
44.912
45
44.82
44.145
42.048
45
44.98
44.423
44.731
44.884
45
44.76
44.975
44.892
44.975
44.975
44.39
45
44.955
44.541
44.795
44.748
44.959
44.984
43.238
44.618
37.647
44.982
44.947
44.971
44.781
44.973
42.217
44.943
44.316
44.995
44.665
44.989
44.998
44.734
44.426
44.629
34.86
44.554
45
44.996
44.986
43.088
44.971
44.998
44.997
44.774
42.222
44.767
45
44.731
44.464
44.727
44.525
44.943
44.999
44.997
44.999
43.146
44.997
44.978
34.414
44.998
44.996
39.961
44.997
44.976
44.986
44.928
33.782
44.967
44.999
45
44.613
45
44.999
44.741
45
44.678
44.77
44.97
44.682
43.558
44.707
45
40.213
44.971
44.302
44.844
44.948
44.856
34.956
45
44.997
44.996
37.129
44.996
44.339
44.997
44.796
44.98
44.995
44.956
44.997
45
44.753
42.809
44.478
44.997
44.586
45
44.835
44.997
44.942
34.23
44.171
42.562
44.782
45
44.696
44.997
44.407
37.756
44.981
44.998
41.367
45
45
45
44.767
44.997
44.995
42.387
44.96
38.355
44.272
45
44.489
45
38.507
44.984
42.573
44.745
44.602
44.997
44.773
45
44.552
44.778
44.748
44.633
42.589
44.968
44.998
44.961
45
44.998
44.778
44.579
44.399
44.95
44.952
44.999
45
44.997
44.917
44.603
44.951
44.709
43.207
45
45
44.468
44.672
44.965
44.838
42.346
44.138
44.839
44.575
44.961
44.996
44.803
44.5
44.957
44.916
44.713
44.628
37.615
44.997
44.997
44.948
44.972
44.748
44.67
44.988
44.783
40.348
42.945
44.853
44.977
38.91
44.996
44.608
44.997
44.409
44.966
44.976
45
44.999
45
44.965
44.946
44.717
45
44.984
44.976
44.959
44.581
42.696
44.657
44.815
44.994
44.661
44.985
44.837
44.974
44.328
44.853
44.998
44.724
45
44.997
44.984
44.761
44.262
44.996
45
44.998
37.536
39.594
45
45
44.687
44.785
44.997
36.07
44.981
44.741
44.821
37.089
44.999
41.591
44.968
44.38
44.996
44.997
44.996
44.997
44.977
44.997
44.405
45
44.807
45
44.648
44.532
44.971
40.563
44.966
44.941
44.958
44.999
44.997
44.96
44.738
44.961
44.953
44.546
44.801
44.566
44.975
42.689
44.967
44.996
44.474
44.913
44.998
44.997
44.717
44.745
44.539
40.198
44.967
44.624
44.952
44.801
44.964
44.997
44.809
44.748
45
37.791
44.998
43.297
44.998
44.497
44.761
44.99
44.712
44.573
44.924
44.766
42.353
42.353
45
44.23
44.994
44.611
38.595
44.956
44.963
44.963
44.804
37.497
44.608
44.835
44.998
44.997
44.979
45
45
44.956
44.928
44.927
44.34
44.989
44.998
45
44.954
44.997
45
42.423
44.959
44.997
44.967
44.722
38.99
44.512
44.997
44.748
44.647
44.808
44.337
44.761
44.613
44.396
44.976
43.822
44.996
45
45
44.969
44.669
44.648
44.722
44.927
45
44.747
44.682
44.778
44.684
44.997
44.656
44.863
36.02
44.985
44.592
44.698
44.998
44.945
45
42.462
45
43.282
44.996
44.806
45
45
44.325
44.97
44.923
44.998
44.823
45
45
44.847
40.034
44.457
44.758
44.977
44.965
44.994
44.645
44.57
44.969
44.727
44.971
44.941
44.997
44.151
44.961
35.013
44.57
43.389
44.329
44.997
44.996
44.721
45
44.581
44.994
44.397
42.178
44.947
44.752
44.212
44.982
44.998
44.998
44.8
44.997
45
44.833
44.962
45
44.945
45
45
44.658
45
44.378
44.387
44.982
44.996
44.904
44.965
44.753
45
44.442
44.889
42.5
44.952
44.954
44.82
44.977
44.992
44.446
39.232
44.742
45
44.231
44.983
44.964
44.512
44.999
44.544
44.799
44.947
44.976
44.959
44.98
44.596
43.426
45
44.997
44.805
38.115
44.959
38.767
44.956
44.933
39.461
44.938
41.661
44.257
39.207
44.616
44.999
44.945
44.982
45
45
44.372
44.999
44.997
36.298
42.109
44.849
44.998
40.079
44.409
44.274
44.45
44.324
41.225
45
44.996
44.567
44.996
44.798
44.77
44.566
44.998
41.858
44.902
44.757
44.921
40.806
44.997
44.997
44.598
44.981
44.415
44.803
44.997
44.947
44.996
44.649
36.999
39.132
38.6
44.592
44.947
44.954
44.964
44.934
44.778
44.998
45
44.995
42.661
44.71
45
42.699
44.975
44.837
44.956
44.998
44.537
44.757
44.997
45
44.947
44.924
44.749
44.97
44.998
45
44.997
45
44.306
44.998
44.502
45
44.474
44.654
45
44.998
44.767
44.996
44.943
37.158
44.997
44.563
44.73
44.519
44.876
39.66
44.443
44.996
35.283
45
44.95
44.75
45
44.871
44.945
44.478
44.966
44.996
44.998
44.997
44.945
45
44.998
44.691
44.437
44.996
43.195
44.77
44.792
44.946
44.87
44.937
44.769
44.969
44.997
44.996
45
44.517
44.408
44.488
44.996
44.996
44.155
44.997
44.974
44.59
44.662
44.969
44.967
45
33.205
44.995
44.663
44.976
44.971
44.997
44.985
44.971
44.346
44.998
42.361
44.973
44.964
44.956
44.802
45
44.309
44.417
44.426
44.957
44.998
44.516
44.665
44.988
44.996
44.998
44.975
34.932
45
44.975
44.167
44.775
44.756
37.494
44.979
44.945
44.568
44.978
45
44.663
42.234
42.035
44.944
44.965
43.844
44.597
44.941
44.664
44.998
44.973
44.999
43.115
34.124
44.995
44.954
44.476
42.871
44.685
44.996
44.996
44.375
44.447
44.711
45
43.644
44.997
44.737
44.759
44.812
45
44.799
43.045
45
44.996
44.617
44.997
44.958
44.612
44.967
45
44.997
45
44.999
44.997
44.626
44.439
45
42.616
44.997
44.779
44.962
44.997
45
44.943
45
44.933
44.581
45
44.963
44.998
45
44.929
44.961
44.809
39.216
45
44.998
44.533
44.953
44.999
44.997
44.938
44.96
44.996
36.464
40.483
45
44.945
38.276
44.045
44.996
44.997
44.967
44.456
45
44.733
44.876
44.298
44.949
45
38.688
44.293
44.998
44.946
44.488
44.997
44.828
44.614
44.995
38.93
44.959
44.982
44.754
44.817
44.997
44.945
44.286
44.754
44.731
44.981
44.823
44.974
44.998
44.997
42.781
44.523
39.415
44.967
44.925
45
45
44.803
45
44.502
45
44.693
44.996
44.617
39.973
45
44.973
44.967
44.377
44.998
44.749
44.997
43.27
44.477
45
44.856
44.808
44.764
44.649
44.48
44.81
42.206
45
44.953
44.976
44.623
44.59
45
44.953
44.785
44.866
44.999
37.61
44.968
44.984
44.724
45
44.997
45
44.511
44.991
44.997
44.996
44.915
45
44.424
44.533
44.623
44.403
44.998
44.947
44.612
42.125
44.953
36.594
44.54
44.996
45
44.859
44.966
38.791
45
44.776
44.775
44.425
44.995
44.996
44.723
44.629
44.974
44.492
44.932
44.558
44.612
44.999
44.865
44.642
44.999
44.969
44.957
44.982
44.996
44.458
45
44.996
44.517
44.997
45
44.999
44.965
38.662
44.997
44.745
44.176
44.995
38.541
42.647
44.782
44.582
44.94
45
44.581
44.318
44.996
45
44.978
45
44.524
45
44.899
44.636
44.428
45
44.958
44.999
44.475
37.277
44.976
44.678
40.372
45
45
44.958
44.853
44.996
44.969
45
45
44.969
45
44.958
44.996
44.541
44.968
44.997
45
45
44.976
44.997
44.997
44.957
44.745
44.996
42.716
44.633
44.642
44.949
44.998
44.982
44.998
44.37
44.997
44.996
44.843
44.729
45
44.564
45
44.658
43.745
44.999
44.96
44.998
35.754
44.713
44.952
39.706
44.998
44.803
44.82
44.42
44.963
44.963
44.504
44.955
44.941
44.423
43.707
44.998
44.974
44.958
44.964
44.801
44.998
44.392
44.995
44.973
44.914
44.995
45
44.949
44.969
44.348
44.997
43.521
44.675
44.989
44.997
44.996
44.978
44.999
43.328
44.818
44.329
44.995
44.961
44.977
44.584
44.951
44.997
44.931
44.224
44.726
44.679
44.766
44.997
45
44.996
44.637
45
44.515
44.326
44.976
44.998
44.293
44.61
44.495
44.963
44.181
44.997
44.967
38.736
45
34.703
44.709
45
44.962
44.96
44.778
45
45
38.013
44.867
44.671
45
44.931
44.784
44.597
44.999
44.403
44.998
44.93
44.503
45
44.444
44.725
44.961
44.96
44.332
38.247
45
44.271
44.979
44.663
44.605
44.997
44.999
44.303
36.912
44.889
44.489
44.971
44.996
44.998
44.919
44.95
44.621
44.812
44.986
44.974
44.954
44.82
44.685
44.947
44.361
40.061
44.683
44.326
44.999
45
44.684
44.959
44.794
44.998
44.997
44.999
45
45
44.722
44.998
44.93
37.543
43.112
44.931
45
44.707
44.96
44.467
44.998
44.687
44.973
44.997
39.502
44.65
44.996
44.383
44.951
44.999
44.962
45
44.954
41.613
44.974
44.963
44.137
45
44.366
44.999
45
44.393
44.973
44.68
44.64
44.656
44.953
44.936
45
38.823
44.977
37.964
44.571
45
45
44.614
44.995
45
44.371
44.817
44.842
44.42
45
44.368
44.666
44.987
44.995
43.45
44.982
44.777
43.388
45
44.749
44.642
44.927
44.685
44.785
44.372
44.953
45
44.784
44.964
44.827
45
44.999
44.945
45
44.995
45
44.996
44.997
45
44.442
45
44.998
44.455
44.997
44.734
44.861
44.792
44.954
44.997
45
44.96
45
44.706
45
44.838
44.973
44.967
38.37
44.997
44.695
43.901
45
44.817
45
44.917
44.933
44.956
45
44.973
44.257
44.953
44.705
45
44.977
44.953
44.661
44.743
43.577
40.437
44.996
44.925
45
44.758
34.987
44.843
44.997
44.714
36.346
44.996
44.717
44.817
44.474
44.997
44.795
38.51
44.34
44.783
44.997
44.843
43.927
44.251
45
44.946
44.977
44.999
44.97
44.97
44.919
44.824
44.964
44.447
44.719
44.998
37.859
44.979
44.732
44.697
45
44.977
44.789
44.535
44.996
44.652
44.997
44.969
44.334
45
44.971
44.448
45
44.274
44.979
44.639
44.368
44.954
44.517
44.956
44.526
44.997
44.997
44.985
44.745
44.939
44.97
44.97
44.292
44.357
44.789
44.973
44.998
38.306
44.996
44.997
42.624
44.948
44.963
37.098
42.597
44.602
39.652
45
44.465
44.997
44.577
44.673
45
44.763
45
44.998
44.999
44.997
44.963
44.645
45
44.962
44.959
44.996
44.815
44.947
34.579
44.801
44.643
44.639
44.796
44.958
44.739
44.221
35.141
45
44.736
41.003
38.457
44.547
44.717
42.764
44.983
35.208
44.998
44.474
44.389
44.582
44.982
44.961
44.759
44.609
44.917
44.996
44.73
44.999
45
44.606
45
37.254
45
44.962
44.767
44.924
44.802
34.317
44.252
44.961
45
44.71
44.559
44.435
44.998
44.996
44.71
44.649
44.949
44.519
44.623
44.212
45
44.998
44.996
44.706
45
44.998
44.92
44.997
45
44.534
44.997
44.968
44.417
45
44.79
44.78
45
44.985
44.964
44.989
44.999
44.998
37.037
44.806
44.971
44.379
42.858
45
45
44.62
44.399
44.954
44.998
42.795
44.997
45
45
44.778
44.669
40.081
44.683
45
45
35.159
44.997
44.905
44.645
44.957
44.997
44.967
44.78
45
41.906
45
44.719
44.98
44.978
45
44.777
44.69
44.944
44.986
44.638
44.998
44.996
44.637
44.957
44.986
44.962
44.487
35.979
45
44.959
44.996
44.997
44.996
44.996
44.971
44.967
44.998
44.349
43.213
44.966
44.964
44.888
44.654
45
44.463
44.679
44.961
44.997
44.723
44.61
44.958
44.587
44.836
44.163
44.553
45
44.991
44.996
44.995
44.317
44.638
40.099
44.953
44.952
44.996
45
44.986
44.946
44.605
44.831
44.724
37.55
44.805
44.938
45
45
44.935
39.341
44.926
44.46
45
38.288
44.985
44.736
38.903
36.265
44.831
45
44.955
44.966
37.035
44.949
44.712
44.999
42.785
45
44.965
42.393
44.998
44.998
44.955
44.216
44.975
44.996
44.78
44.997
44.967
44.397
35.602
44.939
45
44.997
44.668
44.998
40.147
44.97
44.939
45
44.998
44.997
44.998
44.612
45
44.854
44.444
39.873
44.956
44.953
44.43
44.997
39.879
44.969
44.562
44.83
44.947
45
42.566
44.948
44.958
45
45
44.376
44.965
44.953
44.711
44.907
44.997
44.519
44.76
44.523
44.973
38.116
44.955
44.998
44.47
44.967
43.869
44.619
44.996
45
44.934
44.964
44.972
45
45
44.688
44.763
37.18
44.953
43.435
44.638
45
45
44.997
44.953
44.947
37.455
44.962
45
44.952
44.996
44.647
40.151
45
45
37.92
44.589
44.999
45
44.434
44.973
44.942
44.973
44.309
45
39.435
44.961
44.643
44.631
42.248
45
44.943
45
44.936
44.995
44.962
45
31.999
44.952
38.058
45
44.952
38.416
44.936
44.934
44.174
45
44.509
42.84
37.67
44.995
45
44.997
45
44.793
44.999
44.995
44.968
44.998
44.922
44.998
44.45
44.701
44.803
45
44.529
37.116
44.95
44.969
44.408
44.979
44.549
44.944
43.079
45
44.951
44.998
44.995
44.997
44.968
44.784
44.785
45
44.998
44.996
44.938
44.993
44.997
44.867
44.974
45
44.996
44.423
44.715
44.976
44.804
44.998
44.73
39.975
40.48
44.965
44.199
45
39.466
44.987
45
45
44.997
44.999
44.571
44.962
45
44.994
44.995
44.48
37.153
43.208
42.522
44.996
44.997
45
45
44.986
44.352
44.984
44.814
44.557
44.966
44.973
44.997
45
44.403
44.997
44.982
44.999
40.413
45
42.09
39.117
44.788
44.95
44.962
44.914
44.995
44.986
42.894
44.858
44.957
44.998
44.997
45
44.951
44.997
44.739
44.933
45
40.711
44.736
44.989
44.95
44.411
44.968
44.768
44.995
44.353
44.996
44.763
41.976
44.589
44.67
44.941
44.95
39.487
42.589
42.182
42.902
45
44.968
44.998
44.826
44.997
44.998
44.997
44.998
45
44.978
44.986
44.871
44.961
44.748
44.56
44.726
44.645
44.709
44.942
44.627
44.996
45
38.681
44.998
44.749
45
43.001
41.443
44.538
44.137
45
45
44.829
45
44.67
44.615
44.938
44.711
44.654
44.923
44.965
44.997
44.655
44.949
44.336
44.93
44.998
44.997
44.472
45
44.766
44.764
44.624
44.693
44.553
44.997
34.164
44.996
44.752
44.226
44.998
44.995
44.966
43.052
44.98
45
44.528
37.231
44.749
45
44.997
45
43.437
44.996
44.995
45
44.955
44.771
41.441
44.968
44.796
43.601
44.997
44.972
45
44.939
44.959
44.759
45
44.68
44.997
42.384
44.732
44.96
44.508
45
45
44.996
45
44.939
44.999
44.712
44.98
43.057
42.865
44.954
44.992
44.996
45
44.502
39.032
44.997
44.792
37.989
44.581
38.34
45
45
44.68
44.958
44.98
45
45
44.934
44.948
44.996
44.95
44.468
44.997
42.965
44.997
44.999
44.97
45
44.999
44.759
44.995
44.735
45
45
44.303
45
45
44.975
44.997
45
45
35.692
45
44.391
44.847
44.953
44.345
44.784
44.362
44.997
44.724
43.793
45
45
44.933
44.566
36.604
45
44.975
44.669
44.933
44.189
44.611
45
44.489
44.973
44.586
45
44.997
45
44.997
44.976
44.966
44.956
44.981
44.952
42.964
44.997
44.965
34.331
45
44.967
44.959
44.918
44.808
44.957
44.535
44.998
44.997
44.958
44.177
44.935
44.621
45
45
44.971
45
44.997
44.438
44.997
44.863
44.986
44.957
44.998
45
44.997
44.682
44.638
44.925
45
44.583
44.31
44.799
44.419
44.997
44.976
43.233
44.965
44.999
44.917
44.823
44.997
45
43.325
44.998
44.997
37.062
44.983
44.997
44.998
44.955
35.696
44.985
44.94
44.965
44.98
44.587
45
44.754
45
44.799
44.997
44.998
45
44.631
44.82
44.471
43.267
44.836
44.963
44.358
44.825
44.962
44.677
44.96
44.966
44.971
42.108
44.388
45
44.969
44.982
45
42.896
44.998
44.806
44.695
44.722
44.935
44.998
45
44.998
44.997
44.786
44.753
44.496
44.997
44.386
44.975
44.997
44.791
44.464
44.756
42.401
42.817
44.601
44.95
44.488
44.997
43.252
44.998
45
44.366
44.969
44.995
44.482
44.975
44.944
44.81
44.823
44.68
44.998
42.768
44.964
44.863
44.49
44.997
45
44.963
44.588
44.96
45
41.144
44.967
44.982
45
44.995
38.641
44.859
38.992
44.998
45
44.845
44.504
44.978
42.492
44.995
44.942
44.431
44.79
44.995
44.531
37.78
44.964
44.798
44.682
44.307
44.721
45
44.976
39.163
44.958
44.491
44.817
44.457
44.732
40.689
44.319
44.998
44.702
44.96
45
44.927
39.397
44.963
44.996
44.944
44.333
44.997
44.39
45
44.954
44.669
44.957
44.762
44.197
44.409
44.506
45
45
42.804
44.719
44.93
44.997
44.79
36.901
44.339
44.47
44.997
44.867
45
44.997
42.876
44.48
44.997
44.731
44.996
44.751
44.773
44.996
44.996
44.468
42.955
44.973
44.354
44.474
44.997
45
44.942
45
44.268
44.791
44.776
44.974
44.996
44.815
44.955
36.395
44.724
44.981
45
44.976
40.275
42.295
44.997
44.593
45
44.996
44.83
44.743
44.966
44.983
44.966
45
44.796
44.968
44.587
44.788
44.553
44.626
44.973
44.974
44.96
44.997
44.505
41.501
44.653
38.721
44.998
44.997
44.795
44.6
44.372
44.974
44.978
44.642
39.645
44.504
44.999
44.715
44.835
44.997
45
44.95
44.783
44.441
44.996
37.963
44.834
44.717
44.983
44.998
44.953
44.403
44.759
44.534
44.954
45
44.822
44.998
40.015
45
45
44.965
45
45
44.836
44.911
44.998
44.129
44.975
44.424
43.4
39.957
44.997
44.601
44.933
45
44.957
44.963
44.299
39.705
44.203
44.997
44.93
44.549
44.72
44.969
44.495
44.987
44.932
44.969
44.952
45
44.998
45
44.672
44.553
44.835
44.711
44.997
45
44.999
44.98
44.967
45
44.677
44.79
39.222
45
44.996
44.919
44.986
44.966
44.969
45
44.978
42.927
44.968
44.737
44.798
44.533
44.773
44.903
42.742
44.963
45
44.749
45
44.47
45
44.469
44.689
45
44.352
44.973
44.744
44.949
39.378
44.75
45
42.641
44.998
44.981
39.688
44.883
44.677
34.278
44.686
44.998
44.997
44.972
44.734
44.703
44.371
44.946
44.963
44.996
44.503
36.348
36.357
45
44.656
44.997
44.926
44.734
44.997
44.452
44.852
44.738
44.978
35.252
44.688
44.974
44.932
44.855
44.648
45
44.981
45
44.967
44.824
41.382
44.588
45
44.979
44.998
44.309
44.956
42.716
44.193
45
44.662
44.412
44.997
44.455
44.306
45
44.997
44.983
45
44.973
43.041
45
45
44.962
44.702
44.962
44.29
44.996
44.625
42.897
45
44.997
42.596
44.969
44.772
41.796
44.688
45
44.737
44.96
44.692
44.998
44.968
44.702
44.983
44.955
43.817
44.945
44.996
44.938
44.164
44.137
44.997
45
44.932
44.999
44.995
44.998
45
44.964
38.168
44.953
36.201
44.716
44.606
44.999
37.689
44.689
44.766
38.217
44.964
44.798
45
44.995
44.996
44.467
44.998
44.997
44.97
45
44.687
44.939
44.65
44.816
44.999
44.995
44.998
44.969
44.996
44.658
44.735
39.811
44.967
44.996
44.712
44.57
44.996
39.774
44.944
44.966
44.995
45
44.937
42.511
44.996
44.405
37.226
45
44.462
44.998
44.585
44.967
44.754
44.716
45
44.999
44.995
44.995
33.754
45
44.781
45
35.753
44.779
44.964
44.463
44.949
45
44.954
44.252
44.92
44.963
44.925
45
44.665
45
44.997
44.533
45
44.665
44.707
44.788
45
45
44.719
45
44.582
44.954
44.94
44.287
44.312
45
44.997
45
44.834
44.996
44.997
44.852
45
44.231
44.578
39.51
45
44.996
44.958
44.603
45
44.996
44.477
44.998
45
44.401
44.945
45
44.97
44.558
45
44.997
45
45
44.996
45
44.82
44.584
44.607
45
44.751
44.751
44.687
44.632
43.149
44.48
45
44.809
44.848
44.996
44.998
44.945
44.801
44.998
44.981
44.832
44.997
44.896
44.953
44.831
44.971
44.948
44.685
44.996
45
44.668
44.683
44.706
44.963
44.948
44.605
44.832
44.831
44.971
44.944
44.996
44.792
44.959
44.941
44.715
44.973
44.958
44.979
44.997
44.999
44.872
44.24
44.97
44.534
44.941
44.968
44.953
38.05
44.975
44.553
42.051
44.997
44.807
44.999
44.615
45
43.048
44.938
44.97
44.996
34.294
43.396
44.826
44.998
45
44.959
45
35.159
44.97
44.946
44.962
42.436
42.231
44.933
44.947
45
44.996
44.98
44.981
44.972
44.584
44.944
44.665
44.798
44.998
44.444
43.261
44.997
44.359
45
44.976
45
44.979
45
44.972
44.963
44.966
44.959
44.938
44.997
44.514
44.973
44.978
39.295
44.749
44.556
44.997
44.957
44.997
44.702
43.158
44.999
44.905
44.998
44.997
44.507
44.958
45
44.83
45
44.634
45
44.961
44.544
44.702
44.606
45
44.996
44.997
44.007
44.921
37.871
37.334
44.758
36.426
45
45
45
44.511
44.338
45
44.96
44.966
44.145
39.861
44.798
44.999
42.335
44.739
45
44.601
44.578
44.366
44.691
44.998
44.748
44.653
44.945
45
44.998
44.963
44.125
45
44.421
44.945
43.143
44.355
45
45
34.794
44.997
44.622
44.985
44.599
42.147
44.656
44.961
45
44.438
45
44.948
44.387
41.015
37.18
44.777
44.996
44.649
38.664
44.98
