41.42
44.569
44.636
44.633
44.597
39.3
39.144
44.615
36.684
44.676
44.576
37.657
44.561
41.214
44.604
42.38
44.466
44.589
44.53
44.558
42.118
38.925
37.816
44.573
40.084
44.358
44.66
44.397
44.774
44.527
44.582
44.612
44.717
44.694
44.674
44.645
38.795
44.615
44.712
41.521
44.721
44.586
38.658
40.304
38.803
44.784
39.543
42.164
44.658
37.269
44.652
41.416
44.591
37.414
41.929
44.639
44.506
44.731
39.364
41.199
38.103
44.764
34.645
42.03
44.599
39.048
44.498
44.663
44.702
38.761
40.957
44.414
44.584
44.494
36.461
44.815
44.71
37.784
44.272
44.723
44.609
44.551
44.641
38.72
41.507
36.785
44.768
38.834
44.614
36.285
44.71
44.565
39.682
37.997
37.985
44.742
39.234
44.674
40.071
44.574
44.53
44.718
41.492
44.697
37.955
38.986
44.696
44.635
44.856
44.549
36.253
44.725
44.396
41.451
44.525
44.57
44.578
44.427
44.747
44.769
44.653
44.574
44.772
44.646
44.507
44.471
44.392
44.597
44.369
44.79
44.705
38.532
44.759
44.624
44.672
44.422
44.674
40.242
44.637
44.65
44.586
38.879
44.808
44.72
44.683
43.059
44.696
40.677
44.684
44.793
39.239
44.684
44.604
44.659
40.642
44.769
44.702
44.62
44.532
36.279
36.963
40.117
44.711
44.678
38.476
44.623
38.68
39.375
44.361
37.53
44.653
39.548
44.749
37.266
38.433
44.664
44.697
40.663
44.716
44.597
44.531
44.63
44.297
44.712
44.605
44.623
44.739
44.754
44.723
36.993
40.34
40.979
37.451
44.67
38.78
41.823
38.251
44.64
44.521
44.677
44.648
38.722
44.843
44.589
44.652
44.594
44.456
39.289
44.571
44.742
36.413
44.672
44.511
44.765
44.74
44.658
44.484
43.326
44.728
44.558
44.557
44.606
44.671
39.241
44.744
44.636
44.629
44.712
43.147
44.56
44.78
39.5
44.434
41.749
44.675
37.476
44.747
38.316
44.619
44.719
44.477
36.277
44.716
44.739
44.763
37.165
44.811
39.31
44.759
36.721
44.635
44.509
40.357
44.71
44.889
44.738
39.207
44.547
44.765
44.519
44.67
44.479
44.751
37.467
44.526
44.633
44.662
44.405
44.38
44.712
44.656
44.599
44.719
44.502
44.626
41.569
41.063
44.724
44.764
44.397
44.637
44.43
37.798
40.606
39.59
41.586
44.531
44.647
44.635
44.457
44.839
44.909
44.608
37.435
44.684
39.77
44.661
44.679
38.489
44.544
44.685
44.563
44.765
44.748
44.615
44.752
38.531
40.024
44.812
44.535
44.745
37.817
39.147
38.092
44.552
44.502
38.177
44.837
44.706
38.3
41.146
44.63
44.594
44.624
44.448
44.793
44.726
44.563
40.607
37.681
44.706
44.605
44.682
44.5
38.417
39.243
37.384
44.407
44.782
44.54
44.643
44.451
44.722
36.699
44.642
37.822
44.757
38.057
44.631
41.353
44.616
44.348
39.541
44.517
44.372
44.508
44.709
38.432
44.712
41.536
44.807
44.649
39.591
39.838
44.7
44.358
44.487
44.49
44.591
38.487
44.641
44.73
44.514
40.225
44.659
39.931
44.52
44.562
40.143
44.439
40.23
44.809
39.208
44.533
44.736
35.47
44.766
40.887
44.465
44.561
44.441
44.414
44.643
44.714
44.563
40.546
44.8
39.224
44.488
44.604
44.649
44.68
44.71
44.668
37.07
41.621
44.695
44.686
44.483
44.68
44.756
44.616
44.826
39.185
39.702
41.636
44.789
40.308
44.761
44.657
44.639
37.348
44.545
41.344
44.892
44.653
44.633
44.813
44.647
44.754
39.175
44.642
44.693
41.03
44.842
44.574
44.608
44.715
44.649
44.672
44.751
44.547
44.796
38.296
44.786
44.766
39.57
43.84
44.479
36.987
38.187
44.523
40.794
44.72
44.572
39.236
44.633
44.696
44.437
41.036
44.751
44.735
44.368
44.49
44.777
40.469
44.625
44.601
41.606
37.602
44.701
44.663
39.795
40.482
44.702
39.201
44.628
44.672
44.725
44.733
44.692
44.579
44.735
40.836
44.609
44.779
39.223
44.715
44.716
44.742
44.555
44.296
41.643
44.814
42.398
44.436
38.926
39.785
44.71
44.67
37.553
44.709
38.922
44.714
39.598
44.714
44.773
44.773
44.79
37.243
39.938
37.682
40.264
38.77
44.658
44.503
44.572
44.82
44.502
39.143
44.819
44.725
39.347
39.889
44.445
44.558
39.232
44.84
44.814
38.279
44.751
37.888
44.735
44.706
44.472
44.715
44.774
44.69
42.074
44.569
41.417
42.346
44.661
44.626
39.236
44.659
44.552
44.478
42.405
44.8
44.369
44.738
44.737
42.296
37.98
44.782
36.825
36.366
44.496
44.781
44.636
44.596
44.744
44.684
44.633
44.676
40.944
44.685
40.337
40.832
44.659
39.222
37.808
44.645
40.447
38.193
44.452
44.682
44.682
39.957
40.999
44.661
44.704
44.46
41.423
44.593
39.224
38.925
44.667
44.659
41.413
44.328
44.886
39.528
44.485
44.821
44.574
39.742
44.626
44.459
44.483
44.718
44.651
44.706
38.771
40.802
44.741
40.542
44.607
36.39
39.75
44.638
44.305
44.625
44.38
40.145
39.857
44.656
44.782
44.688
41.747
44.701
44.432
44.487
44.543
44.618
44.623
44.626
44.652
44.696
44.673
44.756
44.493
36.861
38.972
44.597
44.577
38.769
44.701
44.518
40.188
38.739
39.753
44.661
44.571
44.573
44.864
39.626
44.742
44.763
44.717
44.575
44.489
39.768
37.389
44.636
44.679
44.869
44.725
44.613
44.584
44.462
44.584
40.365
44.629
44.707
44.641
44.447
39.795
44.743
44.744
44.637
44.852
37.38
41.848
44.698
44.731
44.55
38.723
44.422
39.074
44.639
44.652
44.589
38.722
39.985
44.648
38.203
44.931
44.739
44.757
34.546
39.979
44.653
38.026
35.617
44.7
44.341
44.821
44.7
40.081
35.97
37.175
40.906
36.289
44.546
39.688
44.63
36.519
41.902
39.759
44.727
39.663
44.861
44.621
40.945
44.654
38.567
44.653
44.737
44.513
40.759
44.731
37.691
44.61
44.649
44.46
44.724
44.404
44.841
44.549
44.708
40.145
44.629
44.55
40.298
44.495
44.639
44.729
44.657
39.214
44.59
44.622
44.402
44.623
44.731
44.689
44.701
38.137
44.731
44.788
44.585
44.683
44.704
44.782
38.99
40.932
44.463
41.962
44.795
44.417
44.763
44.523
44.64
39.666
44.392
38.641
39.302
44.453
44.722
44.564
40.095
44.4
44.768
44.657
42.524
38.993
44.638
44.46
44.357
44.682
44.628
44.766
44.631
39.024
44.688
37.567
38.673
44.811
44.648
44.738
40.153
44.796
44.788
37.302
38.156
44.512
38.103
44.657
38.654
44.528
38.024
44.339
39.098
41.85
38.953
44.631
44.703
44.586
44.6
44.739
44.611
44.621
44.654
44.686
44.595
44.582
44.104
39.21
44.689
44.777
39.104
44.482
44.518
38.027
44.737
44.558
44.484
40.989
44.529
41.153
36.245
44.685
37.017
44.752
37.6
38.023
41.324
44.636
44.651
44.606
44.729
44.715
44.659
44.819
36.903
44.705
44.718
39.302
44.77
44.621
44.687
44.863
44.711
36.977
44.442
44.718
42.031
41.908
44.704
39.033
44.782
44.37
44.477
44.695
44.682
44.697
44.454
44.599
44.722
44.746
44.798
44.823
37.576
37.593
44.725
35.94
44.621
41.161
44.846
41.469
40.745
44.639
44.784
44.619
44.732
44.742
39.243
44.747
38.168
38.423
44.671
44.469
44.738
35.922
44.671
38.724
44.681
41.811
44.564
44.638
39.586
44.584
40.144
39.509
39.313
38.796
44.692
44.82
44.774
44.776
44.451
44.668
44.714
39.081
38.354
44.876
44.686
44.752
44.665
44.659
41.849
44.635
44.622
44.705
36.819
44.795
40.002
44.557
44.679
44.618
38.911
44.79
44.689
44.66
40.704
35.634
44.556
44.529
44.675
44.491
44.665
44.721
44.772
44.494
39.887
44.563
44.662
44.725
44.642
36.794
44.767
44.337
39.435
37.359
44.536
44.446
44.553
44.66
39.736
44.791
44.665
44.506
39.925
44.65
44.573
44.754
44.681
38.347
44.628
41.195
44.799
44.553
44.832
44.581
44.773
44.615
44.709
37.074
44.612
44.378
44.693
44.696
38.41
44.61
44.438
44.799
44.429
44.635
34.916
44.511
44.563
35.591
44.618
39.812
44.587
44.556
38.186
38.059
38.252
44.661
44.755
44.679
38.098
36.534
38.764
38.463
44.627
44.572
44.532
44.669
44.717
40.559
39.334
44.42
44.513
44.72
38.137
44.791
43.53
44.666
37.764
36.845
44.635
40.449
37.414
42.409
44.582
39.354
44.748
44.65
44.523
44.778
39.13
44.451
39.074
44.701
44.696
44.705
38.421
44.733
44.581
44.632
44.843
37.175
44.649
44.642
44.428
44.568
41.119
44.914
44.717
44.366
44.554
40.773
44.644
44.728
44.701
44.656
44.745
39.796
44.502
44.657
40.828
39.247
44.785
44.88
44.698
44.732
37.603
44.787
44.764
39.781
44.813
37.145
39.034
44.491
44.819
44.467
44.583
38.004
44.651
44.676
44.62
39.215
44.464
44.676
44.267
44.528
44.794
44.688
44.332
44.776
44.357
44.618
44.684
38.477
44.532
44.542
44.784
44.597
44.587
44.497
44.77
44.73
44.511
44.78
42.046
44.857
44.503
44.608
44.752
39.574
44.591
38.368
38.456
44.623
44.646
44.572
44.547
36.535
44.592
44.542
44.573
44.562
36.896
44.639
44.7
44.739
44.757
44.752
44.679
40.21
44.625
44.765
40.889
44.783
44.747
44.48
44.543
44.759
44.35
44.558
37.599
44.672
44.361
44.595
44.657
44.756
39.498
44.698
40.111
44.399
44.687
44.397
44.474
44.72
44.709
37.963
44.773
39.269
44.718
44.685
44.452
44.66
44.667
37.401
44.882
44.672
36.57
44.646
44.615
44.663
33.831
38.563
44.503
44.606
39.848
44.554
44.817
44.753
37.178
44.63
40.361
44.585
44.62
44.582
44.547
44.606
44.608
44.576
44.66
44.576
40.214
44.685
38.76
38.251
37.277
44.738
44.475
44.712
44.733
39.224
38.695
44.577
44.694
35.15
44.73
44.808
44.669
44.804
44.697
44.768
35.488
44.491
44.587
39.732
44.604
44.495
44.646
44.585
44.631
44.541
40.901
44.408
37.824
44.485
44.688
40.051
44.657
44.465
37.824
44.643
44.776
44.285
44.631
44.572
44.472
41.125
44.717
38.124
44.722
44.476
44.708
38.139
40.588
44.638
44.854
44.807
44.719
40.524
44.591
44.775
44.813
44.465
44.581
44.426
44.734
38.565
40.066
39.067
44.699
39.51
44.52
44.639
37.458
44.505
44.729
44.613
44.658
40.063
38.804
44.788
39.606
44.507
44.56
44.677
44.728
44.765
44.797
36.765
33.557
44.763
44.788
44.342
44.412
44.786
37.931
44.708
44.665
44.459
44.823
39.961
38.32
44.683
44.731
44.481
44.421
44.745
44.511
44.483
40.104
44.45
44.512
44.748
44.502
39.802
44.801
39.648
44.645
44.684
44.509
44.622
37.508
44.713
44.534
38.311
44.739
38.093
44.439
44.677
44.663
44.629
44.614
44.667
44.472
40.926
39.152
44.703
36.341
44.82
44.532
44.725
40.47
44.633
44.741
44.696
41.694
44.554
44.438
44.628
44.466
44.75
44.446
44.615
44.669
44.744
44.704
44.629
44.689
44.734
44.76
44.741
44.627
44.647
44.497
34.531
39.833
44.71
36.156
44.516
44.774
44.783
37.014
39.496
44.369
44.736
44.763
44.563
44.704
39.858
38.563
44.565
42.026
44.556
44.55
44.725
40.483
36.592
44.534
44.733
41.154
38.973
40.407
44.783
38.175
39.733
44.529
44.793
40.542
44.586
44.798
38.799
44.654
38.778
44.533
44.589
44.606
44.675
44.494
40.395
44.608
39.221
44.44
44.589
44.654
44.711
44.683
44.638
39.366
36.928
39.949
40.29
44.732
36.397
44.435
44.256
44.668
44.753
36.929
42.492
44.64
44.58
44.473
36.627
44.723
44.713
44.629
44.712
44.522
44.452
44.611
44.382
44.742
44.743
41.975
44.654
40.13
44.46
44.772
44.548
44.767
38.175
44.768
44.606
44.545
38.778
41.636
44.616
44.445
39.546
44.777
44.694
39.648
40.235
44.722
38.873
40.304
44.855
44.723
44.727
44.552
36.506
36.624
44.552
39.761
38.283
40.362
44.602
44.656
44.673
44.66
44.647
44.88
44.464
44.694
44.58
44.815
44.72
35.927
44.514
44.687
44.677
44.586
44.465
44.818
44.65
44.667
39.301
40.038
38.292
40.763
39.153
38.672
44.735
44.617
41.528
44.552
44.653
44.62
41.049
44.727
37.147
41.025
44.631
44.375
44.764
44.554
44.504
44.475
36.253
36.711
37.475
44.665
44.565
44.777
39.605
37.934
44.644
44.577
44.542
44.892
39.532
44.535
44.425
34.422
44.651
44.555
44.454
41.07
40.227
44.559
44.531
44.554
44.484
44.755
38.483
38.102
44.428
38.22
42.134
44.846
39.041
44.757
44.461
44.652
38.45
39.15
44.664
37.254
44.738
44.715
44.725
44.65
40.968
41.047
44.66
36.875
44.191
44.559
44.621
38.412
39.078
44.715
44.578
38.19
38.206
44.654
40.509
44.61
39.564
44.63
39.855
38.637
44.603
36.334
44.76
44.576
44.559
38.866
44.685
44.685
40.933
38.728
38.483
44.537
44.585
44.688
35.517
34.387
44.439
44.703
44.591
44.667
44.652
44.56
36.759
44.648
39.033
44.645
44.536
44.818
44.848
44.609
38.305
38.897
44.567
40.309
44.711
44.648
44.708
37.629
39.607
40.707
44.505
40.741
44.624
38.59
38.649
44.784
44.715
44.619
44.473
44.708
39.63
44.625
44.749
44.672
38.234
44.634
44.707
44.432
44.76
38.844
44.716
44.446
38.98
40.681
44.664
38.611
44.677
36
38.146
44.555
38.834
44.506
44.451
38.966
44.692
44.842
40.243
44.758
44.743
44.619
36.885
44.717
44.752
39.126
44.483
44.782
38.686
35.038
44.787
36.403
39.716
44.612
38.534
35.899
44.574
44.591
44.715
44.642
44.804
44.715
40.084
44.548
38.86
42.51
44.609
40.584
37.853
39.312
37.757
39.74
44.65
37.821
44.523
44.622
44.77
44.647
39.823
44.556
44.617
41.113
36.913
44.73
44.779
44.599
44.76
44.638
44.807
37.817
44.587
35.663
44.719
33.352
44.645
44.723
44.745
44.546
44.885
44.496
44.455
44.622
44.584
44.654
44.538
44.779
35.322
44.801
36.042
39.37
44.634
42.539
44.717
44.798
44.692
44.564
38.626
40.588
44.822
44.771
44.414
44.505
37.395
44.556
44.555
40.44
44.698
44.735
44.649
44.706
36.851
37.985
38.222
44.52
44.579
44.453
44.471
44.746
44.658
39.633
44.786
44.577
44.736
44.752
44.776
34.771
44.681
40.216
38.661
36.01
44.576
44.574
44.764
44.723
44.744
44.4
44.688
40.85
44.662
44.558
38.109
44.479
44.609
40.413
40.812
44.799
34.919
44.679
44.442
44.793
44.522
44.815
44.664
44.898
38.837
44.652
44.875
44.634
44.656
37.627
37.372
39.777
44.549
44.743
44.675
44.574
38.015
44.672
44.674
40.019
37.104
44.867
35.798
39.632
44.653
38.659
44.487
44.568
44.41
44.834
40.181
44.541
44.476
44.415
44.597
44.64
44.581
44.581
39.342
35.996
44.725
44.532
40.898
44.739
44.6
44.787
44.721
44.736
44.709
44.642
44.629
37.951
44.849
44.759
39.487
39.668
44.665
40.263
40.182
44.629
44.567
37.785
44.732
44.649
44.808
39.46
44.564
39.394
38.982
44.748
40.929
44.441
37.949
44.721
44.218
37.196
44.81
42.633
44.567
38.934
44.755
44.671
44.478
44.691
40.321
44.72
44.479
40.38
44.649
44.608
44.463
44.419
44.474
39.556
44.813
44.582
44.667
44.627
44.693
44.573
38.154
44.682
44.691
41.069
42.715
44.747
36.222
44.664
44.677
34.3
39.243
44.667
44.311
44.787
44.735
39.93
42.23
36.536
38.133
44.652
44.684
44.483
44.727
36.681
44.59
44.789
44.588
40.215
44.482
36.948
44.743
38.908
38.863
43.307
44.619
44.579
44.6
44.351
44.44
44.702
41.177
35.682
44.631
44.538
38.826
44.466
44.713
44.625
44.603
44.428
44.494
32.838
44.728
39.672
44.545
44.704
39.488
38.551
44.743
44.556
44.524
44.672
44.683
38.693
44.726
44.616
44.796
44.407
44.669
38.33
36.551
39.644
44.633
44.579
44.663
44.603
44.55
37.436
44.935
37.419
40.364
38.713
44.763
44.719
39.176
38.178
38.639
44.752
44.744
44.631
44.43
44.33
44.794
39.122
44.537
44.289
44.44
36.43
40.911
38.137
37.802
44.77
44.726
38.479
38.403
44.665
44.401
44.525
44.65
44.558
44.419
37.835
44.651
44.779
44.656
44.615
44.636
44.406
44.727
44.327
39.339
44.314
44.566
44.69
44.702
44.473
41.045
44.665
44.748
40.934
44.509
44.711
44.755
38.793
44.758
44.665
39.993
44.751
40.04
44.474
40.561
44.803
44.64
44.718
44.571
44.82
44.616
33.18
36.727
40.461
44.543
44.523
44.596
36.861
44.637
41.724
44.846
44.742
38.455
38.591
44.63
44.546
39.197
44.797
44.425
44.909
44.819
44.5
37.025
44.556
40.843
41.973
44.666
44.699
44.668
44.572
44.703
44.848
44.689
44.613
44.626
44.805
41.436
37.58
44.752
44.52
37.975
44.487
41.998
43.774
40.033
44.83
40.356
38.838
44.729
38.159
44.695
44.528
44.842
44.878
38.123
44.671
44.617
39.19
44.832
44.588
44.701
44.699
44.729
36.382
44.503
39.84
37.74
44.818
37.8
36.657
44.549
40.623
42.184
44.73
38.214
44.651
37.071
36.552
44.677
44.725
39.672
39.654
36.913
44.647
44.631
44.649
44.463
44.81
40.786
44.519
35.486
44.581
36.921
44.533
35.276
44.571
44.59
44.713
37.598
44.545
36.738
44.58
40.122
44.759
44.622
37.805
44.654
44.645
44.404
44.487
38.302
43.089
44.671
44.747
38.906
44.4
41.611
44.627
44.598
44.634
44.598
39.886
44.783
39.543
44.769
44.695
41.235
41.43
44.55
37.871
44.61
44.536
39.8
44.759
44.547
44.38
44.613
44.673
39.515
44.755
44.761
44.74
44.724
37.684
35.568
38.166
44.786
44.666
39.879
40.829
44.659
44.541
44.638
44.632
44.649
39.488
39.232
44.688
44.608
39.907
44.494
44.56
36.016
44.672
40.739
44.549
44.3
39.051
44.508
37.615
40.389
44.732
39.78
44.749
36.381
40.701
39.125
38.537
44.513
40.405
44.728
44.572
44.834
38.633
37.4
44.809
44.644
44.391
44.616
44.657
44.362
44.721
40.415
44.68
36.186
42.256
44.472
44.565
44.665
44.736
39.536
44.639
40.455
44.661
44.769
44.754
44.494
44.671
44.691
44.808
38.358
44.802
44.516
41.464
44.77
39.825
37.914
39.84
44.604
44.443
44.821
44.596
44.643
44.259
37.513
37.154
44.502
40.539
37.94
44.491
39.941
44.764
44.433
44.655
38.881
39.987
44.464
39.922
44.671
39.927
44.78
41.702
39.351
44.771
44.554
34.815
44.53
39.069
44.565
44.715
44.737
44.601
44.644
41.855
44.434
44.741
39.547
44.556
44.487
44.7
44.666
41.348
40.27
44.795
44.646
44.718
44.712
44.715
44.502
44.653
43.13
37.034
44.578
44.774
44.628
38.821
44.604
44.758
44.55
44.489
44.332
39.231
39.759
44.48
44.629
39.102
44.68
44.693
44.719
44.631
44.7
39.313
44.67
44.507
44.29
44.672
33.748
44.702
38.545
35.482
44.732
38.401
44.609
44.584
44.727
44.765
38.351
44.756
44.434
44.693
38.911
44.803
44.92
44.692
44.577
44.472
39.635
44.372
44.601
37.559
38.711
44.708
41.345
40.871
44.571
40.63
37.883
44.748
44.715
44.554
44.528
44.457
44.699
37.713
44.685
44.646
44.816
37.336
44.719
39.592
44.428
44.593
36.583
44.628
44.669
39.202
40.198
44.704
44.76
44.452
44.589
39.703
44.579
40.048
38.902
39.064
44.632
44.571
44.459
38.966
34.635
44.703
44.808
44.815
44.717
39.746
38.054
44.787
44.772
40.295
44.648
44.459
44.85
44.415
42.592
40.709
44.709
44.732
44.683
44.548
38.646
42.256
44.52
44.489
37.327
44.481
44.627
44.588
41.026
40.528
39.869
44.421
38.175
44.52
44.569
44.581
37.639
44.693
39.745
44.727
44.643
44.655
42.073
44.787
44.614
37.865
40.457
44.718
44.78
44.442
44.663
44.698
44.542
44.732
39.251
44.804
44.437
37.743
44.67
44.647
37.742
36.628
39.12
44.488
44.74
44.628
44.699
41.203
44.648
37.634
44.662
39.969
44.592
40.719
44.659
44.602
44.524
44.431
44.752
44.715
44.643
44.764
44.827
44.749
44.455
38.913
44.535
44.307
44.689
44.75
44.535
38.166
44.781
38.842
44.56
37.941
44.747
41.822
44.728
40.044
44.741
44.724
44.816
44.639
44.562
40.112
44.711
44.703
44.509
44.693
44.389
44.723
42.313
44.715
41.013
44.808
35.714
44.41
38.544
44.513
44.643
44.602
37.711
44.597
44.549
39.706
44.727
44.622
37.965
41.836
44.351
39.821
39.848
44.693
39.976
44.45
44.756
44.726
44.742
42.929
44.725
37.384
44.34
37.606
44.547
44.665
44.712
37.137
44.675
39.304
41.134
44.828
37.371
44.667
44.584
38.893
44.638
39.059
44.623
38.724
44.707
44.654
40.076
44.702
44.678
44.659
44.705
44.679
44.801
44.895
44.693
37.238
44.559
44.691
44.577
44.775
38.523
44.657
44.648
44.396
44.604
44.628
40.527
39.103
37.028
44.707
44.499
37.709
44.667
44.662
44.635
44.554
44.745
38.622
44.69
44.659
39.772
40.994
35.031
44.433
44.737
44.707
44.594
44.472
44.909
44.617
44.488
41.188
44.659
44.764
44.361
41.785
44.66
40.169
44.624
44.849
44.423
44.889
44.615
39.97
44.679
41.788
44.696
44.677
44.749
44.7
44.673
44.858
44.653
44.733
39.325
44.435
44.727
39.274
44.788
44.681
44.576
43.652
44.474
37.796
40.476
38.524
44.562
44.472
37.326
44.711
44.535
39.317
44.77
44.719
44.659
44.706
44.626
44.629
38.938
40.95
44.409
38.671
44.437
44.739
44.597
44.69
39.093
44.676
44.708
42.187
41.557
44.566
40.339
44.727
38.329
44.698
39.206
38.882
44.671
44.557
39.375
42.137
37.272
42.959
44.724
39.522
44.538
38.41
44.516
44.5
44.789
39.876
44.837
42.258
41.27
44.538
44.717
44.709
44.682
39.876
44.531
39.216
38.875
44.749
38.017
44.77
44.679
44.657
35.506
41.656
44.777
44.379
44.702
44.726
44.564
44.447
44.802
44.491
37.769
44.7
38.601
44.633
44.501
39.928
40.362
41.214
38.972
44.768
44.781
44.635
38.597
44.7
44.499
44.661
44.619
37.328
44.689
40.611
44.682
44.679
44.683
44.627
38.426
44.729
44.798
44.466
44.509
44.551
38.69
36.601
44.527
38.823
44.756
44.665
44.37
44.831
44.782
42.553
44.418
44.604
40.449
44.401
41.247
44.802
44.653
44.722
44.575
44.662
44.584
44.746
37.189
44.659
44.697
39.899
44.718
44.588
44.668
37.885
44.712
38.905
44.742
44.553
38.614
44.573
44.633
44.355
41.626
38.443
44.395
44.717
44.764
44.79
44.47
41.557
44.48
44.692
44.626
44.638
40.082
44.553
44.671
41.346
38.798
44.793
38.472
39.836
44.788
44.828
40.208
44.634
36.025
44.695
44.719
44.726
44.663
40.699
40.116
44.463
44.685
44.672
38.954
44.738
44.66
38.821
44.759
44.702
44.673
44.639
44.662
40.165
44.785
33.749
44.538
44.722
34.883
44.746
36.841
44.451
44.209
44.697
44.53
44.711
38.618
44.832
44.774
44.811
44.705
37.679
39.237
44.588
44.535
44.653
35.023
37.346
44.67
44.808
44.646
44.639
44.801
44.617
44.68
44.684
44.698
37.41
37.167
44.73
44.757
37.888
44.823
44.616
44.779
36.894
39.672
44.794
37.477
40.749
44.636
38.929
35.915
35.886
44.595
44.822
40.01
44.487
38.769
44.517
40.8
44.78
44.769
44.81
40.744
44.4
40.708
38.419
44.488
44.514
44.518
44.735
44.848
44.336
37.924
44.684
44.745
44.523
44.529
44.761
39.359
44.536
39.823
44.454
37.676
44.27
37.773
44.536
44.695
44.675
44.534
44.727
44.766
39.958
44.71
44.674
44.707
38.706
44.589
44.531
38.858
44.716
44.412
44.54
44.761
37.088
44.739
44.444
38.732
44.528
37.849
44.661
44.621
44.562
37.648
44.617
44.509
40.022
44.502
38.924
37.355
44.796
44.344
44.496
44.668
44.496
44.623
38.88
39.282
44.575
41.006
44.775
41.427
38.758
39.488
44.528
39.477
44.77
44.344
44.751
44.667
37.12
37.584
44.706
38.829
44.717
44.536
44.714
44.56
44.671
39.909
44.555
37.343
44.709
44.76
44.582
38.664
44.564
44.676
38.511
44.543
44.549
40.883
44.646
44.878
44.855
44.715
44.686
41.596
44.731
44.413
38.253
44.761
39.024
38.542
44.64
44.522
38.071
39.804
44.51
44.715
44.739
37.677
44.666
44.705
44.681
44.668
38.846
44.766
44.691
44.725
44.716
44.717
44.625
44.66
44.502
37.27
44.521
44.529
40.658
44.527
44.523
44.75
44.697
44.777
39.132
44.626
44.793
39.33
44.74
44.573
44.629
38.179
44.65
41.125
44.807
44.768
39.541
44.622
44.725
38.962
41.3
44.613
40.337
44.735
44.678
41
44.642
44.568
44.832
44.675
44.486
44.779
44.581
44.47
36.475
41.856
44.758
44.483
44.696
44.7
34.778
36.234
44.575
44.484
37.211
37.253
44.476
39.748
39.226
44.636
40.67
38.533
44.643
39.26
44.603
44.785
44.438
44.706
37.995
44.705
44.756
44.648
44.654
41.851
36.391
40.128
44.711
44.554
44.778
36.309
44.782
40.263
44.773
44.542
44.663
44.682
37.95
38.078
44.556
33.827
39.45
44.205
44.432
44.693
37.618
41.642
44.56
44.44
41.384
41.025
44.783
44.74
38.499
40.466
35.723
44.581
44.656
43.49
42.199
42.374
44.403
37.449
44.765
44.454
35.701
44.661
40.021
39.575
44.707
44.563
44.675
44.458
38.489
44.545
43.365
44.456
37.192
39.382
38.389
44.633
39.497
44.618
44.572
44.369
44.672
44.656
37.783
38.305
41.64
38.738
44.677
36.88
44.563
44.524
44.563
43.14
44.622
44.624
38.63
44.753
40.603
39.002
44.619
44.518
44.683
37.04
39.824
44.668
35.364
44.659
37.574
38.906
44.578
44.691
44.625
44.801
38.71
36.822
44.43
44.786
38.654
44.61
40.994
44.518
44.666
44.743
42.78
44.693
40.043
40.819
44.707
44.487
44.584
44.441
37.497
44.738
44.675
38.199
44.665
44.751
39.097
38.954
44.767
41.102
44.71
44.648
44.741
44.684
44.465
40.332
44.715
44.653
44.597
37.561
37.959
44.625
44.67
44.682
37.521
44.715
43.019
44.65
37.149
40.894
44.646
39.776
44.614
44.72
44.273
43.148
41.439
39.901
42.197
44.525
44.702
44.572
37.112
44.538
44.643
38.987
37.588
40.118
43.251
40.581
44.666
39.103
44.691
44.633
41.585
44.71
44.606
37.977
44.55
38.775
37.574
44.545
44.513
44.516
44.684
44.701
44.719
44.695
44.571
44.784
40.508
44.744
44.678
39.257
44.595
38.445
44.718
38.832
40.223
44.88
40.898
44.735
44.669
44.715
44.781
44.633
41.737
44.726
44.665
44.56
35.922
44.697
44.587
44.767
41.688
36.231
44.527
44.449
44.892
44.773
44.854
44.687
44.632
44.767
37.696
41.838
44.625
44.644
44.748
44.827
44.308
44.67
44.565
39.028
44.405
37.367
44.638
38.253
44.595
39.15
44.539
40.032
38.87
44.489
39.96
44.674
36.318
44.881
39.225
44.805
44.725
39.875
44.744
44.439
44.482
39.017
44.638
44.319
39.184
44.755
40.151
44.708
38.446
44.785
44.585
35.527
44.753
44.724
44.552
44.713
44.327
40.341
44.467
44.541
44.498
44.466
35.402
44.72
44.71
44.761
44.316
44.667
39.052
44.508
44.636
44.563
40.186
44.621
39.848
37.315
44.704
44.689
36.873
44.675
44.472
44.51
44.671
44.709
44.573
44.445
44.66
44.643
44.765
44.796
38.365
41.256
44.758
44.669
44.67
41.304
36.663
38.81
40.255
44.724
44.638
41.561
40.316
44.701
44.593
44.456
44.766
41.057
36.181
41.754
44.695
44.635
44.588
44.399
44.614
44.483
44.64
44.68
37.461
44.56
44.706
37.713
44.63
39.251
44.412
39.006
44.634
37.886
39.416
38.096
44.693
44.657
44.562
41.359
44.706
41.123
44.31
39.388
44.646
44.687
38.475
39.46
44.421
39.054
44.689
44.784
44.364
44.799
37.574
44.465
44.65
44.768
38.074
41.921
44.619
35.556
38.767
44.586
39.752
44.436
44.679
39.006
44.664
40.914
44.598
44.692
44.801
37.83
44.487
44.698
44.601
44.739
44.58
38.468
38.791
38.453
44.613
44.613
44.543
38.788
44.535
39.624
44.629
39.562
44.682
44.739
44.628
44.699
40.602
39.122
44.532
44.45
40.65
39.354
44.656
44.613
44.608
39.635
44.344
44.731
44.581
44.671
44.564
35.849
44.624
44.661
44.704
37.209
44.615
44.792
44.372
44.561
44.779
44.595
44.658
35.137
44.469
44.749
44.696
44.718
41.912
41.225
44.744
39.94
38.334
44.533
40.28
44.695
40.456
44.375
44.757
42.18
44.7
34.721
44.454
40.335
44.763
44.835
44.753
44.566
44.716
35.695
37.624
44.714
40.18
38.943
44.576
44.553
44.429
44.84
39.029
44.677
44.844
44.698
44.458
44.652
44.548
44.726
35.111
44.582
44.409
44.771
44.699
44.795
44.683
44.683
44.509
44.702
39.84
44.712
36.456
44.735
44.705
38.468
44.477
44.683
44.728
44.787
41.563
44.651
44.588
44.845
44.636
41.992
36.583
37.93
40.61
44.648
44.676
44.467
38.326
44.591
44.36
44.363
44.48
44.833
38.425
44.516
44.909
44.713
41.031
44.744
37.561
44.78
44.424
44.693
44.664
38.736
44.516
39.312
38.305
44.61
44.792
38.008
44.402
44.674
44.656
44.726
44.741
40.36
36.737
44.604
44.662
39.558
44.733
41.867
44.619
44.543
44.716
38.517
39.694
44.391
44.586
44.566
44.676
44.847
44.651
39.64
44.643
44.66
36.774
41.993
42.764
34.676
40.709
44.811
44.329
44.699
44.742
44.728
39.62
43.411
37.988
39.605
39.418
44.727
39.493
44.612
44.708
44.636
44.691
44.534
38.257
44.819
44.8
44.559
39.325
44.773
36.619
44.693
44.674
44.582
44.596
44.508
44.589
43.797
44.508
44.798
44.613
44.765
44.605
44.787
44.644
43.463
36.482
44.712
44.79
44.524
44.357
44.571
38.775
44.598
38.219
44.603
44.26
39.831
44.425
44.478
40.988
44.688
44.7
36.932
44.832
44.424
41.026
44.721
44.712
39.051
44.642
38.398
44.68
44.671
44.781
40.695
44.566
44.722
44.846
37.133
44.681
44.361
44.635
39.281
44.539
44.725
35.991
44.678
44.518
44.639
44.704
44.578
41.611
39.008
44.48
44.669
44.392
38.431
44.654
37.007
44.695
44.541
44.658
44.692
36.064
44.724
44.414
41.474
44.696
44.656
44.597
44.634
38.748
44.717
44.513
44.66
44.518
44.705
44.674
37.729
44.785
39.379
38.988
44.785
38.097
44.636
44.574
44.482
41.453
42.042
44.568
44.531
44.688
44.712
39.779
44.759
41.376
44.546
44.706
42.411
44.713
44.735
37.175
44.722
44.861
44.705
44.703
44.366
44.654
39.093
40.377
37.584
44.782
38.792
44.781
44.476
36.115
44.43
44.333
44.306
44.454
44.895
40.934
44.563
44.725
44.666
44.769
44.682
41.071
44.696
42.182
44.694
44.628
44.681
44.793
44.527
44.615
42.803
44.657
44.814
44.782
44.72
37.592
44.627
44.657
40.219
44.619
44.708
44.649
44.711
37.037
44.685
44.497
40.912
44.468
39.25
44.784
40.408
44.379
36.787
44.556
44.562
38.798
44.765
44.662
44.542
44.69
37.934
44.673
44.737
35.614
44.629
44.789
37.387
44.848
41.308
44.68
44.591
44.77
37.67
43.255
44.509
44.67
39.83
44.773
37.52
44.583
39.053
44.783
44.866
38.177
44.636
39.799
44.369
44.8
44.882
42.039
41.719
44.574
44.626
39.068
44.555
44.724
44.643
44.627
44.605
44.673
44.321
35.448
44.629
42.243
44.615
44.722
44.677
44.596
44.679
44.78
39.924
44.503
44.692
38.136
44.714
44.569
44.654
44.366
44.378
38.062
41.196
35.265
44.618
37.672
44.591
38.867
44.921
44.726
44.4
44.517
40.893
44.602
44.846
44.766
44.762
44.672
40.724
38.226
44.505
44.775
44.678
44.558
39.46
38.453
38.88
44.496
44.738
44.566
42.395
35.894
44.731
44.173
38.815
41.291
44.659
44.575
44.75
44.664
40.278
44.522
44.77
38.422
37.768
44.649
44.74
41.689
44.632
44.509
44.606
44.555
44.543
44.853
35.725
44.734
44.789
41.284
44.533
44.527
37.926
44.598
37.364
44.609
44.487
44.592
44.447
40.098
44.758
44.73
44.703
40.025
44.601
44.668
44.631
38.931
44.768
44.613
40.262
44.748
36.704
39.518
44.579
37.103
44.546
40.183
44.759
44.574
38.954
44.849
44.596
44.552
44.743
39.36
44.626
44.477
44.688
40.679
38.39
36.59
44.677
44.708
44.613
44.583
41.505
39.23
44.647
44.376
39.239
37.095
44.642
44.759
44.653
44.66
44.645
44.588
44.686
37.229
44.698
44.428
39.725
44.792
44.741
44.543
44.826
44.552
44.487
44.343
38.473
44.525
44.459
44.682
44.592
44.473
44.504
36.785
44.764
44.631
44.601
44.619
40.231
44.524
39.525
44.545
37.383
44.725
39.345
44.67
40.358
44.611
44.449
44.482
44.548
44.836
44.567
44.445
44.75
37.866
39.673
44.451
44.542
44.576
44.415
44.66
44.551
44.517
44.599
44.695
39.462
44.838
44.659
44.75
44.809
39.693
44.683
41.09
44.61
44.455
44.531
39.853
44.667
44.677
44.547
44.816
38.317
37.793
44.783
44.404
41.31
44.544
44.554
44.711
39.757
44.607
44.628
44.542
44.64
44.79
44.726
44.644
39.18
44.836
44.631
39.388
36.75
44.449
44.634
44.568
37.437
38.253
41.089
44.726
44.288
44.595
39.428
39.986
44.738
44.603
38.139
38.398
36.282
44.537
38.805
44.521
40.059
44.447
40.423
38.862
36.975
44.346
44.608
44.728
38.708
40.344
44.672
44.767
44.624
44.655
37.879
44.717
44.604
38.191
44.887
44.671
44.886
44.788
36.942
36.125
40.049
44.74
44.421
44.685
38.703
44.666
44.565
37.361
44.722
44.659
40.943
40.817
44.7
44.563
41.221
42.592
44.642
44.589
44.78
37.911
44.78
37.053
44.8
38.449
44.648
44.734
40.257
39.442
37.476
37.591
37.373
44.613
44.399
38.204
44.677
35.829
44.751
44.551
44.803
38.998
44.684
38.323
44.54
44.818
44.747
38.804
44.548
39.413
39.18
44.711
38.329
44.726
41.845
44.789
44.656
44.721
44.697
44.77
44.504
44.592
39.658
40.195
44.634
44.444
40.425
44.619
44.624
44.473
38.714
44.524
37.608
44.615
44.546
38.053
44.668
44.321
44.432
38.571
38.088
44.569
44.613
38.875
44.705
44.6
42.133
44.662
44.65
44.722
35.683
44.865
37.416
44.63
44.53
44.708
44.912
44.531
44.727
44.761
44.678
38.1
44.838
38.772
36.767
36.783
44.527
44.676
41.115
44.747
37.39
44.632
37.408
44.752
44.825
44.497
41.617
44.717
40.216
44.589
44.649
44.665
40.193
44.684
38.778
40.165
40.093
43.515
38.394
38.105
38.919
44.545
37.712
37.289
39.191
38.092
36.446
44.412
40.37
42.373
40.333
36.229
44.683
44.694
38.788
35.788
44.605
44.677
44.61
44.674
44.635
37.627
38.79
39.468
40.399
44.614
40.188
44.713
34.495
44.544
37.134
36.545
41.135
41.308
44.695
44.736
35.96
44.578
44.71
44.618
44.808
44.485
44.875
40.437
44.535
42.34
44.429
44.641
37.861
39.208
44.645
44.753
44.831
44.654
44.6
44.45
44.758
44.467
37.026
44.762
38.791
44.578
39.319
44.666
38.22
44.877
44.788
44.597
44.642
44.68
38.688
44.518
44.707
39.204
37.278
44.602
38.844
44.677
44.48
44.547
44.753
44.051
44.517
44.615
44.462
44.682
36.838
44.793
44.641
44.493
44.737
44.512
44.831
44.548
40.024
44.575
39.325
40.62
44.717
44.512
44.542
44.316
44.801
44.554
44.761
44.491
44.686
40.615
44.794
44.805
40.178
44.692
36.473
39.075
44.613
44.727
44.71
44.628
39.92
44.607
38.246
44.548
44.655
44.744
44.578
44.46
44.691
44.498
44.59
44.569
44.753
35.668
44.762
44.799
35.748
44.778
44.634
42.921
44.714
44.632
40.795
35.634
44.333
42.07
44.461
44.594
44.839
38.8
44.568
44.614
44.523
44.591
44.53
39.023
44.606
40.017
37.921
44.821
40.732
37.419
44.708
39.947
44.626
44.685
44.874
44.479
40.686
44.654
44.63
38.474
37.819
44.657
39.971
44.627
44.524
44.546
44.463
44.509
44.737
44.593
44.382
44.779
44.515
44.753
44.647
44.679
44.739
40.052
44.505
44.331
44.647
44.515
44.536
39.83
44.612
38.134
38.526
44.637
44.744
36.895
44.75
44.654
44.767
39.287
44.844
44.324
41.62
44.7
44.703
37.46
44.716
44.76
44.505
35.816
44.63
44.665
44.826
44.756
44.746
44.455
42.406
42.205
40.761
44.5
38.91
44.471
44.687
44.61
44.893
40.717
44.653
44.692
44.719
44.685
44.48
37.691
44.718
44.385
40.118
44.595
38.062
39.508
37.441
44.765
44.364
44.757
44.513
44.597
44.56
37.87
37.044
44.683
44.609
44.758
44.81
44.762
44.689
44.725
39.772
44.829
38.727
43.334
37.255
37.015
44.734
44.644
44.672
44.765
41.651
40.062
44.77
44.828
44.396
44.667
44.68
39.855
44.604
36.306
41.426
44.725
44.754
44.665
44.683
44.715
44.826
44.785
44.755
39.744
40.309
37.785
40.1
37.988
44.343
44.666
44.709
40.751
36.111
44.559
44.555
39.726
44.604
38.686
44.63
39.026
36.323
44.701
39.238
36.381
38.224
44.669
44.457
44.747
44.592
44.731
35.331
44.712
44.667
44.529
38.881
44.717
40.815
44.699
44.75
41.343
44.667
40.725
44.764
41.883
36.626
44.659
44.656
44.626
44.396
40.129
44.794
44.726
44.72
37.972
44.373
44.717
40.667
39.451
44.633
44.801
44.524
44.726
38.218
44.678
44.493
44.645
37.732
44.769
44.355
44.679
44.802
44.531
44.783
44.795
44.762
44.624
44.815
44.419
40.34
42.012
41.586
44.579
44.649
39.479
38.224
44.806
39.601
44.515
44.282
44.735
39.877
39.002
44.511
44.387
44.762
44.84
44.543
44.774
44.651
44.527
40.828
39.738
40.704
44.764
44.644
39.911
38.182
44.718
44.61
44.773
37.578
44.531
44.631
44.551
44.677
44.599
44.8
37.512
44.642
44.626
44.601
36.479
44.598
41.101
44.686
44.718
44.73
44.614
38.547
44.715
38.329
44.663
39.5
38.503
44.829
44.72
44.69
44.603
44.796
44.49
44.67
44.642
40.888
44.396
44.688
40.355
44.82
44.586
40.74
38.295
44.795
44.708
44.636
44.6
36.259
44.446
44.454
44.51
44.708
41.814
44.791
37.842
44.731
39.618
44.766
44.668
44.635
44.643
44.649
36.971
44.355
44.673
44.71
42.446
44.45
44.348
44.578
44.672
40.177
35.595
41.317
44.753
39.481
44.622
40.521
44.354
37.896
44.789
44.556
39.242
44.641
38.358
44.536
44.463
44.725
39.853
36.98
37.933
44.604
39.987
41.033
44.448
42.496
44.731
39.432
44.502
35.968
44.726
44.611
40.992
40.371
44.437
44.754
44.677
38.365
44.48
44.687
37.649
44.556
44.696
44.748
44.512
44.685
37.486
44.622
44.442
44.653
44.566
44.677
44.402
44.734
44.747
44.708
44.674
44.327
44.638
37.664
44.574
44.396
34.986
35.006
44.471
41.005
44.52
44.669
44.731
44.715
38.266
36.95
44.789
44.614
44.328
40.182
38.893
44.754
40.557
39.124
39.43
44.821
41.396
36.522
42.363
44.767
34.918
37.881
40.563
38.342
44.736
44.619
44.793
44.585
39.78
39.309
44.618
44.736
34.183
44.65
39.488
44.518
44.87
44.6
39.934
37.61
44.582
40.067
44.732
44.629
37.775
44.647
44.823
44.821
44.71
44.606
44.613
44.606
44.593
44.139
44.468
44.582
44.593
39.667
37.507
44.757
44.713
40.471
44.76
44.645
42.658
44.602
39.001
44.687
44.475
44.475
36.793
36.51
36.532
38.041
44.51
39.521
44.769
44.636
44.732
40.214
36.474
39.487
38.162
36.886
38.943
36.503
44.461
44.692
44.638
44.822
38.448
44.665
38.94
44.714
44.766
44.672
44.57
44.836
36.606
40.304
44.75
39.23
44.486
44.777
44.701
44.798
44.722
44.65
44.769
44.699
40.249
44.669
44.532
44.515
37.937
38.985
37.158
44.537
44.731
44.688
37.237
37.784
42.397
44.63
44.656
39.107
40.796
44.695
40.115
44.59
44.569
36.972
42.67
44.653
37.019
44.643
44.78
38.304
44.739
40.162
44.769
44.673
37.857
44.511
44.514
44.629
44.656
44.595
36.206
44.503
44.478
44.81
44.651
44.6
44.642
44.624
38.889
44.794
41.289
44.77
44.677
44.852
37.113
35.119
37.02
40.079
44.631
41.595
44.501
36.474
44.343
44.546
44.514
44.605
44.601
44.812
44.728
44.766
36.892
39.738
38.585
40.897
44.511
44.75
44.59
40.306
44.73
44.303
44.714
44.651
44.712
38.773
38.138
44.643
44.762
41.185
44.751
44.693
44.806
44.766
44.777
39.372
44.644
36.88
44.573
44.63
44.489
36.436
44.678
37.961
44.484
38.228
41.866
44.594
44.464
