44.519
44.812
44.637
44.697
38.728
41.802
44.651
44.628
42.297
44.631
44.554
44.734
44.712
42.891
44.648
44.828
44.679
35.202
38.183
44.717
44.705
44.552
44.72
44.684
41.27
37.582
44.667
40.159
42.796
44.802
44.696
44.488
37.514
44.216
36.174
39.411
44.583
37.309
44.515
44.678
44.664
44.609
38.814
44.65
44.71
44.6
38.639
44.53
44.639
40.318
42.257
44.787
40.868
40.963
38.156
44.664
38.038
44.699
44.815
37.986
35.625
37.66
44.611
44.763
44.537
44.511
44.65
44.455
39.258
44.754
44.375
44.607
44.583
44.804
44.641
44.719
44.687
44.67
44.405
44.658
44.756
44.554
44.705
44.625
44.621
37.507
44.694
44.808
41.612
40.325
44.614
38.239
44.727
44.459
44.631
44.508
44.356
44.517
44.534
42.047
44.827
44.739
44.672
40.361
35.696
36.215
44.691
41.958
44.893
44.726
44.784
44.743
37.963
44.395
39.086
44.701
44.727
41.086
44.673
44.44
39.461
37.644
44.549
40.974
40.867
38.906
44.814
44.623
44.693
36.599
37.83
44.906
38.834
44.661
44.785
44.816
44.779
44.729
44.539
44.726
44.405
37.672
44.416
44.799
39.286
39.327
44.608
44.631
42.666
44.737
44.533
44.518
44.603
44.667
44.797
41.795
44.486
44.697
37.367
42.153
44.773
44.487
44.494
44.642
38.918
44.655
42.311
44.715
44.696
35.908
44.692
44.748
44.415
44.751
44.494
38.358
44.685
44.559
44.745
44.756
44.724
40.492
44.796
44.635
44.706
44.576
44.719
40.62
40.356
38.456
41.113
44.654
37.246
44.796
44.641
44.88
44.745
36.526
43.671
44.583
44.789
44.691
44.818
44.757
44.644
44.689
44.694
44.649
37.744
38.723
44.677
44.504
44.491
44.605
37.533
44.611
44.514
44.783
44.713
44.912
44.7
44.628
44.5
39.612
44.541
44.517
44.473
44.662
44.64
42.473
38.861
40.365
44.394
40.123
38.631
44.713
38.382
44.763
44.477
44.614
38.22
44.849
38.611
39.137
44.761
44.671
44.701
36.979
44.611
44.481
44.763
44.4
40.78
44.654
44.406
44.613
44.697
44.649
44.701
44.512
44.664
44.6
44.7
44.682
38.481
44.521
44.832
44.571
44.692
44.574
38.463
44.534
44.7
44.457
44.663
44.48
44.733
44.617
39.799
44.576
44.619
44.632
44.716
44.67
40.155
44.282
44.612
44.731
36.775
44.691
44.6
44.61
44.717
36.956
37.229
44.667
40.241
44.402
44.673
44.703
44.633
40.727
44.299
44.577
44.789
44.709
39.094
44.612
38.916
44.841
44.641
44.819
39.061
41.712
39.406
44.686
44.542
41.322
44.751
38.596
44.747
44.405
44.719
44.657
44.53
37.72
44.7
44.428
44.592
39.971
44.825
44.746
44.571
42.476
39.702
40.389
41.876
38.539
44.676
44.702
40.623
38.309
44.544
44.743
44.674
39.704
44.818
42.976
44.748
44.547
43.579
38.382
44.739
35.668
38.176
44.664
38.849
34.957
39.031
40.893
44.5
44.399
44.484
36.485
44.695
39.579
38.993
44.718
38.743
44.533
40.196
44.786
44.591
44.465
44.641
44.547
44.789
39.749
34.434
44.438
39.248
44.644
44.751
36.435
44.785
38.281
44.692
42.545
44.422
44.612
44.5
44.708
44.743
44.627
37.683
44.448
44.701
44.762
44.548
37.692
44.682
44.479
44.741
44.752
40.972
44.224
39.999
40.732
44.716
44.631
42.878
39.794
41.226
41.571
38.994
40.165
42.064
44.551
44.498
44.676
39.894
44.656
44.619
44.704
44.897
44.607
44.624
44.786
44.655
44.755
36.572
44.635
44.689
37.333
44.691
44.502
36.527
44.626
40.339
38.475
40.283
44.625
44.845
44.616
44.698
44.654
38.989
36.779
37.356
44.553
38.822
41.786
44.696
44.673
44.59
44.536
39.725
44.37
44.73
44.524
39.429
40.382
44.632
42.175
44.753
44.709
44.701
37.6
44.555
44.711
38.397
44.721
37.916
44.649
44.711
44.537
39.625
44.724
44.428
44.745
44.732
44.741
41.337
44.614
40.092
44.619
44.431
44.71
44.499
44.631
44.614
39.286
44.481
40.709
38.942
44.74
39.473
41.553
40.196
37.282
44.699
44.512
44.766
39.902
44.752
40.137
44.72
44.735
44.737
44.508
44.675
44.308
44.69
44.559
44.525
44.541
38.531
44.438
44.633
44.509
44.562
44.677
38.203
44.55
36.296
44.817
37.838
36.942
44.426
44.611
44.488
39.896
44.611
44.537
40.676
44.609
44.681
41.531
44.705
44.716
44.574
44.664
44.753
40.227
40.599
44.716
44.515
44.82
38.542
44.523
44.476
44.773
44.727
39.352
44.772
44.618
36.763
44.68
44.694
38.622
39.849
38.006
44.629
44.635
44.684
44.574
37.385
41.4
44.677
44.775
35.456
44.762
44.591
37.288
44.79
44.726
36.109
44.712
44.542
44.743
44.769
44.589
38.716
44.782
39.016
44.758
44.736
44.498
41.945
42.733
44.506
44.641
44.66
44.646
38.867
44.432
44.635
44.559
44.777
39.694
44.499
44.662
38.869
37.898
44.753
37.805
39.911
44.578
35.783
44.709
44.752
44.65
39.064
38.266
44.721
37.138
44.682
44.283
38.634
44.566
44.641
44.863
44.356
44.529
44.452
44.71
44.57
39.331
42.95
44.771
40.839
37.682
36.866
44.625
44.548
44.593
38.669
44.724
44.74
44.785
44.829
44.77
40.82
44.658
44.678
44.645
36.588
44.53
44.695
39.329
44.669
38.859
37.303
36.563
44.804
38.45
44.819
44.578
44.642
44.674
44.837
44.647
37.67
39.544
44.907
44.73
40.706
44.645
40.965
44.754
44.865
44.62
44.534
44.657
44.77
41.525
44.603
44.809
42.12
38.467
39.27
44.558
44.522
37.427
44.644
44.645
44.782
44.656
44.805
44.629
38.689
41.514
44.683
37.606
40.363
44.827
44.54
37.296
42.396
44.673
44.739
40.247
38.398
44.553
44.686
44.61
44.354
38.027
44.605
44.719
39.718
44.481
39.079
44.553
41.927
39.393
41.124
44.616
44.576
44.753
44.558
44.785
44.539
39.51
44.787
44.602
39.488
44.349
44.731
44.743
44.698
44.534
36.833
44.7
39.976
43.711
44.474
37.698
44.474
40.344
44.676
44.219
35.38
44.771
44.555
41.512
44.625
44.614
37.972
44.599
44.55
39.808
44.612
44.658
40.829
44.453
44.752
44.66
41.06
37.753
44.706
43.369
40.49
44.619
41.609
44.575
44.608
44.633
44.594
38.348
44.778
44.669
44.631
44.617
44.471
44.688
44.77
44.453
39.045
40.889
44.543
44.327
37.609
44.646
39.481
44.656
44.76
40.433
44.781
44.402
39.305
44.59
44.496
44.576
44.379
44.739
44.655
44.762
44.426
44.73
44.548
44.761
40.467
44.833
38.931
39.39
39.011
41.216
37.935
44.667
44.654
42.002
44.738
44.774
44.765
42.021
40.78
36.342
44.508
44.463
44.321
44.591
44.701
44.631
44.705
44.678
42.016
44.709
44.698
44.538
44.741
44.798
39.091
44.773
44.665
38.407
44.861
38.041
44.65
44.643
44.585
44.688
38.08
44.733
41.606
38.958
44.285
44.713
39.673
44.577
44.65
35.533
44.585
39.805
40.758
44.777
44.605
44.544
44.774
44.744
38.001
44.824
44.653
37.594
35.387
44.763
39.487
44.751
44.395
44.405
43.306
40.361
39.022
40.894
44.743
44.673
44.576
44.685
40.995
44.46
36.996
44.754
44.714
39.402
44.736
41.225
38.767
44.608
44.511
44.702
44.571
41.117
44.783
44.563
39.289
44.626
44.681
36.581
37.625
44.608
44.455
44.749
40.721
44.534
39.71
39.895
44.589
41.286
44.845
39.444
44.432
38.883
40.157
41.763
44.7
40.955
44.492
44.632
41.218
35.915
44.368
44.683
44.68
41.674
39.407
44.553
40.882
44.707
44.591
44.687
39.561
36.541
44.571
37.753
44.55
44.769
44.575
36.335
44.767
44.761
42.368
44.756
44.616
38.082
40.514
44.704
44.621
44.671
44.427
44.674
44.713
42.012
44.733
44.761
44.521
44.662
44.456
44.605
44.257
44.498
37.989
44.769
44.621
40.485
41.65
44.526
44.713
44.761
44.599
39.441
44.512
44.67
44.648
39.623
36.21
44.478
44.462
39.715
44.586
38.176
44.759
44.707
44.552
44.748
44.34
40.188
44.475
38.958
44.529
44.664
44.549
38.69
41.02
44.634
44.754
38.634
37.151
44.634
39.13
39.157
44.798
44.701
44.807
44.603
44.839
39.083
44.706
44.676
44.723
44.48
44.692
44.512
44.759
44.595
44.648
38.858
36.526
44.481
44.51
44.703
44.61
36.964
44.585
38.649
44.422
38.244
44.696
44.728
44.842
39.613
44.705
44.805
44.831
44.746
44.696
41.227
39.657
44.573
38.95
44.561
40.991
44.388
44.634
44.661
44.549
37.718
36.438
44.618
44.343
38.41
44.83
38.333
37.872
44.648
40.227
39.98
44.572
44.603
38.552
39.69
37.967
44.692
44.405
44.683
44.686
44.563
44.543
44.541
44.58
44.538
38.422
40.189
44.716
44.535
34.602
44.756
44.573
44.647
40.749
44.639
37.592
36.675
41.321
44.545
44.362
44.647
34.361
44.455
35.764
44.509
38.249
44.736
44.651
44.609
44.485
44.471
36.209
44.345
44.721
44.55
44.643
44.875
40.627
38.807
36.713
44.357
36.189
42.269
44.409
44.585
44.643
44.638
44.712
38.632
39.441
44.427
44.692
44.647
44.624
44.832
44.643
44.592
44.81
44.701
36.795
44.531
44.712
44.336
44.594
44.792
39.836
44.573
44.61
38.157
44.533
44.433
44.431
44.679
44.643
44.602
44.733
44.742
44.519
44.522
37.095
44.566
36.473
36.626
44.679
44.575
44.682
44.761
44.548
44.642
44.576
44.748
44.696
35.218
44.761
44.62
44.671
39.716
39.257
44.634
44.76
44.302
40.587
44.66
44.622
43.118
44.683
44.651
44.62
44.781
44.708
39.587
44.621
44.725
44.594
44.78
44.566
44.687
44.542
44.697
40.779
44.701
41.259
44.283
42.488
44.65
42.491
44.76
41.751
44.588
40.333
39.593
44.652
44.698
41.436
37.555
44.595
38.909
44.749
38.678
44.675
44.737
44.379
41.517
42.105
44.494
39.592
42.053
44.8
38.274
42.639
44.694
44.635
36.661
41.188
34.923
39.023
44.734
39.346
44.558
44.756
44.678
44.506
44.713
38.479
44.603
44.612
44.574
39.757
39.169
42.858
44.593
44.734
41.708
44.666
44.627
38.279
44.728
44.833
44.766
44.484
44.637
44.541
44.696
39.814
44.717
44.491
44.501
44.777
44.792
44.649
44.587
40.055
40.516
39.379
38.613
44.839
42.437
44.602
44.294
44.576
44.656
44.68
44.661
44.672
44.698
44.593
44.535
36.475
44.475
44.375
44.607
44.742
44.654
44.706
44.621
44.526
44.58
44.406
44.662
40.457
44.782
44.435
44.406
44.743
39.051
44.558
44.535
44.666
38.719
44.685
44.776
38.421
44.54
44.729
44.614
38.74
44.429
37.073
44.68
44.607
41.21
44.422
41.064
44.688
44.432
40.114
44.803
37.992
44.819
44.711
44.395
38.421
39.737
35.19
44.755
44.606
44.659
44.506
44.631
44.573
44.519
36.958
41.703
44.613
44.403
44.492
44.734
44.773
36.088
44.723
44.762
39.495
44.572
44.558
44.67
44.6
44.464
44.757
44.444
36.747
44.746
44.847
44.603
44.728
44.512
44.571
38.283
44.631
37.438
36.938
44.815
37.768
39.27
39.155
44.548
44.598
44.702
43.111
44.814
44.651
44.651
44.683
44.652
44.684
44.691
44.595
44.791
44.579
39.728
39.697
44.809
44.696
44.45
37.617
44.641
44.406
44.512
40.457
44.784
38.58
44.808
38.958
38.232
36.915
44.787
44.777
36.31
41.124
44.601
44.462
44.664
44.71
44.574
44.493
44.73
44.539
42.209
44.65
40.736
44.705
44.662
44.489
37.331
44.606
44.931
44.708
38.233
44.713
44.618
44.735
44.784
44.637
44.574
38.41
44.716
44.702
40.376
38.842
44.57
44.801
44.804
44.731
40.387
44.501
44.512
37.919
38.364
44.835
37.207
44.796
44.785
44.842
44.67
44.373
37.995
40.734
44.529
34.949
38.982
44.4
44.726
44.805
44.481
37.705
44.726
44.824
38.707
44.752
44.635
44.717
44.643
44.628
39.47
44.717
44.66
44.701
44.491
40.631
44.409
44.264
44.518
44.604
35.784
44.729
37.231
44.59
44.794
36.53
44.603
38.143
41.24
44.655
36.76
44.469
37.629
44.773
40.103
39.312
38.813
44.748
44.421
38.204
44.735
44.393
44.691
38.94
44.869
44.853
44.72
44.547
44.562
39.864
44.912
44.845
44.685
44.602
44.749
44.524
44.49
44.419
39.832
44.626
44.473
44.75
40.809
44.548
44.707
36.654
37.291
41.095
44.571
40.189
34.787
44.565
44.496
42.187
44.585
36.556
44.7
38.205
44.424
44.803
44.741
44.776
44.514
44.759
44.582
39.643
37.477
44.664
44.79
44.816
44.566
38.556
44.667
36.575
38.297
44.667
44.698
44.451
44.696
44.569
44.612
44.759
44.704
44.657
44.478
44.72
43.688
44.535
44.511
44.832
38.833
44.269
38.986
38.205
44.655
44.771
40.056
35.903
44.774
44.791
44.642
44.678
44.931
44.466
41.69
40.014
44.763
44.787
44.512
44.645
39.18
44.82
44.647
44.708
38.141
44.475
44.724
44.346
44.75
44.784
44.792
44.5
44.497
44.657
44.642
40.15
39.188
40.446
44.595
44.488
44.709
40.078
44.723
37.174
39.372
38.658
44.383
44.646
44.643
44.578
41.645
39.258
44.733
44.787
44.466
37.547
37.174
44.697
39.989
38.262
44.649
44.756
44.597
38.274
39.805
44.653
44.286
44.656
35.496
44.66
44.444
44.428
44.692
38.982
44.66
44.702
44.733
44.695
39.549
41.092
38.518
44.452
39.103
44.5
44.463
44.672
44.704
44.772
44.704
44.733
36.071
44.388
44.607
37.978
44.647
44.656
44.752
44.676
44.687
42.19
44.452
39.183
42.877
44.697
41.973
44.66
44.658
44.615
44.422
38.66
44.724
39.284
44.706
44.624
44.771
44.881
44.692
38.637
38.243
40.211
44.598
36.671
44.721
44.573
44.662
44.659
39.714
36.659
40.329
44.723
44.628
44.582
44.683
44.593
41.38
44.637
44.677
44.883
36.363
44.642
44.66
44.736
44.686
44.561
44.602
44.687
44.706
44.778
44.701
44.623
41.39
37.654
44.619
44.62
44.74
44.645
44.804
41.062
44.522
40.047
38.696
38.955
37.528
44.683
41.319
44.582
44.669
44.658
44.718
44.31
37.87
44.731
44.545
44.541
39.736
37.747
41.885
44.54
44.776
39.434
44.526
44.736
44.719
44.526
36.155
41.111
44.723
44.647
38.169
44.479
43.156
44.627
44.389
44.749
44.373
44.694
44.666
44.598
44.679
44.662
44.642
36.008
44.511
44.602
44.463
37.854
44.523
44.403
36.877
38.981
44.337
44.743
44.664
41.11
39.888
40.175
44.55
44.713
44.675
44.668
44.748
44.549
40.564
44.323
36.502
44.589
34.518
40.399
37.549
37.679
38.644
41.281
44.624
44.686
37.821
44.834
44.494
40.487
44.688
44.557
39.429
44.693
44.601
44.501
38.602
44.643
44.577
44.487
44.684
44.531
44.312
40.749
37.505
44.739
44.452
39.819
44.516
44.711
44.696
44.361
44.715
44.533
44.742
39.039
44.753
44.533
44.749
44.493
44.699
42.807
44.66
44.764
38.194
44.702
33.509
41.674
37.627
44.428
44.714
44.672
44.71
44.745
44.643
44.663
36.701
44.675
41.678
44.5
44.404
44.534
44.575
44.672
40.916
44.712
44.702
44.688
44.674
36.652
44.682
44.647
44.667
43.356
44.708
44.547
44.708
44.668
44.696
44.565
35.653
44.364
44.572
42.821
44.631
44.473
42.15
44.704
44.605
40.445
44.67
44.672
44.68
44.367
44.546
40.89
44.673
44.631
44.565
41.355
44.718
44.607
44.533
44.688
39.254
44.679
37.743
38.065
44.598
40.773
44.595
38.487
44.543
44.391
44.393
44.654
44.631
42.593
40.594
44.763
41.438
37.675
37.483
44.609
36.37
44.692
38.672
44.807
44.732
38.797
34.31
37.768
44.483
44.774
38.328
44.788
44.4
40.735
44.559
40.089
44.443
36.541
44.709
44.611
44.638
44.476
44.449
44.721
41.639
41.101
44.804
44.687
39.963
44.668
39.747
44.511
39.987
44.7
42.019
44.634
44.607
44.654
44.624
44.458
44.457
44.598
44.671
44.693
44.765
44.597
44.542
44.417
38.579
44.418
44.738
42.131
38.459
44.713
44.463
44.463
38.885
44.709
44.772
44.705
44.757
42.025
44.663
44.684
36.952
44.608
44.744
40.697
41.535
44.889
44.8
44.641
44.81
38.68
34.413
44.462
43.93
44.624
37.911
44.648
44.563
44.642
44.613
44.626
44.239
44.754
44.7
38.323
43.152
44.546
44.7
44.341
39.236
44.704
44.684
44.741
42.761
44.687
37.381
44.664
44.616
39.399
44.424
44.401
43.791
44.735
44.756
44.805
44.459
44.667
40.562
40.007
44.582
44.448
44.518
37.218
44.569
40.517
40.398
38.376
38.848
44.671
38.531
44.653
44.799
44.685
44.798
41.813
39.396
44.67
44.668
42.076
44.721
39.559
40.839
44.782
44.447
44.649
44.498
35.072
44.532
44.531
44.678
44.572
44.671
44.738
44.627
44.754
44.826
40.792
44.443
44.626
38.349
39.652
44.63
37.98
44.752
42.587
42.298
44.735
44.737
44.906
44.33
44.688
44.697
36.51
37.515
44.735
44.491
44.672
39.349
44.816
36.013
37.508
44.49
44.704
44.723
44.552
44.848
44.63
44.45
44.6
44.793
44.682
44.521
44.584
36.581
44.686
44.497
44.729
37.034
44.564
44.736
44.719
44.402
44.629
40.42
44.69
36.592
40.328
44.686
42.078
44.582
44.525
44.657
44.575
42.071
41.8
44.474
44.572
39.591
37.602
44.738
44.652
41.132
44.552
43.038
44.754
44.742
44.642
44.687
44.768
39.313
44.474
44.687
44.756
39.701
38.517
37.307
44.738
44.663
44.763
44.568
44.651
44.693
44.657
37.981
44.679
38.821
40.149
40.299
44.505
44.67
35.223
44.638
43.816
36.127
44.654
44.752
44.551
44.744
40.352
44.599
44.725
44.425
44.667
37.289
44.678
44.74
44.665
44.476
44.561
37.765
44.657
44.552
44.737
44.618
44.811
44.53
44.73
44.619
44.636
36.851
44.488
38.305
37.366
44.797
38.965
42.112
41.805
44.758
37.771
36.434
44.637
44.362
44.697
44.625
44.775
40.07
44.537
44.354
36.669
44.659
44.622
36.079
41.266
38.702
44.786
44.779
36.95
44.847
42.185
39.4
44.679
44.714
44.703
44.828
36.217
44.615
44.516
40.618
44.845
39.371
36.816
44.489
40.835
44.459
44.503
44.694
44.746
37.892
44.75
39.732
37.471
36.238
40.094
41.411
44.571
39.786
44.664
44.65
44.659
44.682
44.823
37.608
38.663
44.425
44.841
44.671
39.103
44.673
39.513
44.706
44.622
38.444
44.693
39.167
44.658
44.653
44.76
44.69
44.535
44.715
44.569
44.676
39.171
44.599
44.631
37.072
38.477
35.529
38.722
44.421
44.44
40.353
44.691
39.12
36.135
40.66
44.707
38.509
44.473
44.781
44.632
44.598
44.617
44.763
44.674
44.508
44.662
40.112
37.192
44.445
38.092
42.506
44.668
44.754
39.017
44.537
44.532
44.5
40.37
44.606
44.744
38.422
44.445
44.391
44.562
44.775
44.902
44.708
44.635
44.343
35.079
44.655
44.6
44.471
44.729
39.858
40.743
44.537
44.512
36.414
41.946
44.685
38.289
44.407
38.996
44.635
44.509
37.179
42.035
44.584
41.605
44.663
36.886
44.573
39.456
34.47
40.863
42.051
44.788
44.566
44.515
40.247
44.687
38.62
44.602
44.611
44.551
44.703
44.646
38.092
44.365
44.613
44.891
44.65
44.59
39.857
40.675
44.626
39.852
37.884
44.687
36.557
44.454
44.523
44.311
44.302
44.487
44.798
44.691
44.385
44.508
44.588
44.387
44.583
44.859
44.475
44.597
44.762
44.68
44.65
36.05
44.548
44.722
44.683
44.495
44.699
44.815
44.703
44.73
44.509
44.643
44.481
44.576
44.632
44.47
44.483
40.848
38.618
38.766
40.352
44.588
43.867
44.518
44.574
44.624
38.9
44.644
38.16
44.567
44.815
39.167
44.614
37.995
44.453
44.683
44.687
38.21
44.653
39.131
39.98
44.613
44.657
44.552
44.688
44.704
38.958
44.742
44.751
44.799
44.559
44.46
44.391
44.501
44.644
38.726
43.954
44.439
44.572
44.833
36.794
44.648
38.959
44.675
33.386
38.783
44.512
38.44
44.905
44.817
41.146
44.717
44.783
44.828
38.811
44.771
44.734
44.8
44.667
34.679
37.944
44.582
38.446
38.258
39.713
44.644
40.153
38.945
44.878
44.766
44.642
44.683
44.624
44.782
44.735
44.765
39.987
36
44.829
44.729
44.662
44.477
44.382
44.391
44.535
44.675
44.64
44.799
44.809
44.798
44.481
41.608
44.726
44.692
44.32
44.339
41.916
44.693
44.598
38.885
44.456
37.049
44.559
37.843
37.731
44.425
44.478
36.848
44.451
41.783
44.667
44.487
44.561
38.753
41.231
38.975
44.701
37.478
44.582
39.43
44.541
39.352
44.597
44.692
44.483
44.587
44.683
44.587
42.336
44.64
38.433
44.718
38.065
38.178
44.567
37.991
44.506
38.673
37.687
44.554
44.531
44.534
44.833
35.149
44.719
44.504
39.289
38.334
39.116
38.067
44.693
44.778
44.735
44.533
44.607
44.553
44.601
44.672
38.414
44.7
44.458
44.459
44.622
44.811
36.47
44.455
38.243
38.526
35.957
38.992
44.803
44.535
44.667
40.937
44.392
39.826
40.243
44.504
37.783
38.881
41.591
44.712
36.66
37.505
37.852
37.394
42.443
44.633
44.714
44.67
44.706
44.673
44.613
38.049
44.568
44.7
44.354
41.226
39.119
44.724
41.18
37.136
44.742
44.821
44.713
41.819
44.469
44.495
44.914
44.613
44.735
44.667
41.48
44.614
44.735
38.256
44.783
44.575
44.711
44.668
40.347
44.88
44.633
37.366
44.586
44.713
44.714
44.625
37.785
44.664
44.696
44.711
37.444
39.704
37.105
44.806
35.589
39.283
44.796
40.516
36.857
44.51
44.789
44.555
36.451
44.745
44.522
41.633
44.731
44.625
44.431
44.696
44.757
37.987
44.615
35.931
40.522
44.747
44.71
44.673
44.529
38.193
39.857
36.106
37.918
44.595
44.746
39.958
44.578
39.218
44.652
44.608
44.755
44.558
44.567
44.699
44.7
40.987
40.223
44.786
38.112
44.739
44.632
44.704
44.51
38.753
44.704
37.801
44.675
44.611
44.262
44.789
44.836
44.406
44.79
44.753
41.742
44.628
44.403
44.831
44.673
44.383
38.645
44.6
44.588
44.43
40.765
44.772
44.813
38.343
44.466
44.64
40.205
39.309
44.332
35.949
44.652
44.492
44.586
44.63
44.587
44.731
44.681
44.625
39.642
44.62
44.765
40.458
40.236
44.612
44.609
41.908
44.613
44.672
38.877
38.797
44.642
44.765
41.163
44.521
44.638
44.718
44.334
39.274
44.419
44.577
44.703
44.648
44.696
44.495
44.574
44.654
44.405
44.718
41.402
44.512
44.714
37.355
44.727
44.752
44.717
39.273
44.729
44.797
44.475
36.508
44.551
40.538
38.278
44.474
44.562
44.611
44.582
44.467
44.653
44.527
34.869
44.752
44.665
44.631
41.637
44.639
41.134
44.614
44.669
44.674
40.77
44.665
41.237
38.878
44.76
44.657
38.974
44.449
44.691
35.338
39.056
44.742
44.691
41.522
40.543
44.512
44.361
44.446
44.67
44.582
44.321
44.478
37.887
44.637
44.668
44.651
44.751
37.634
44.518
44.611
44.646
44.429
44.786
44.475
44.774
44.685
44.573
38.79
44.502
44.659
44.518
44.667
44.381
44.637
44.742
44.74
44.633
38.562
44.443
44.466
44.578
36.384
44.647
44.693
44.526
44.756
44.528
44.558
44.735
39.871
44.747
44.739
36.396
44.762
41.066
44.653
36.425
37.03
44.391
44.68
44.444
44.716
44.662
40.973
44.572
40.28
39.809
44.762
40.352
44.663
44.675
40.426
38.997
44.529
44.797
44.729
44.551
37.276
44.742
40.748
44.832
44.542
44.799
40.827
44.55
39.336
44.638
38.88
44.757
44.689
44.688
44.569
44.457
44.68
44.589
44.531
37.102
40.609
44.463
39.506
44.629
38.577
44.657
44.724
44.616
36.072
43.768
44.773
37.817
39.147
38.203
44.712
44.612
44.695
44.652
44.619
44.54
44.719
35.804
41.1
44.668
44.643
44.716
44.633
44.752
37.701
44.68
44.738
44.653
44.652
44.67
44.706
44.671
44.433
44.353
44.68
38.275
44.614
44.786
44.802
44.733
44.713
41.311
40.078
44.741
44.801
44.735
44.75
44.699
44.836
38.922
38.038
37.52
44.596
38.781
44.795
39.585
44.719
44.556
44.381
37.296
39.316
39.278
44.563
44.549
38.101
44.575
42.096
38.109
44.583
38.786
44.811
38.843
44.364
38.868
44.908
44.367
44.672
38.626
40.198
44.757
44.705
44.711
44.679
37.855
38.2
44.591
41.055
41.223
41.025
44.673
37.416
38.338
36.909
44.542
38.91
38.317
44.7
42.024
44.646
44.596
40.102
41.08
39.852
44.535
44.644
38.298
38.266
44.732
37.903
40.599
44.74
44.612
38.763
44.757
44.666
44.727
37.554
44.661
38.111
44.563
40.392
40.369
39.374
32.598
38.862
44.81
44.716
44.603
44.66
44.618
37.591
44.86
37.423
44.715
44.641
44.682
37.132
44.627
39.294
37.88
39.911
44.374
44.459
44.653
33.384
44.596
40.664
44.568
44.719
44.642
39.399
44.693
44.624
44.744
44.733
44.683
44.522
44.784
40.249
44.76
44.71
44.704
44.751
38.457
36.846
44.564
44.496
44.707
38.747
44.719
44.742
44.678
36.501
44.667
44.391
44.777
44.816
37.425
36.032
34.199
36.994
44.659
44.57
44.763
39.136
44.431
40.617
44.605
44.528
40.446
40.516
38.747
44.311
44.618
41.934
44.846
44.554
34.914
44.733
39.854
39.472
38.236
44.637
44.675
44.541
44.762
35.851
41.634
40.374
44.314
41.763
44.475
40.732
44.655
44.728
44.779
39.141
44.431
44.722
44.682
39.798
38.268
44.642
44.513
34.883
44.53
40.081
44.608
39.507
44.63
44.732
39.4
40.242
44.715
36.562
39.26
44.707
44.638
44.419
44.718
39.723
44.756
38.374
44.145
44.623
36.958
42.492
34.601
38.89
44.648
41.138
44.695
35.391
37.429
44.592
44.542
40.101
37.712
44.554
44.669
37.876
40.713
44.718
36.27
41.258
44.705
44.586
38.18
44.673
44.646
44.474
41.126
37.776
39.795
44.572
44.692
40.957
36.879
44.342
44.528
44.563
44.646
38.495
44.606
37.641
44.65
39.68
37.513
44.505
36.121
44.625
38.015
44.457
44.609
44.358
44.594
44.781
44.727
44.55
39.399
40.889
44.704
39.221
44.489
44.84
44.571
44.654
38.512
44.666
44.55
44.704
44.659
44.545
44.704
44.621
35.256
40.077
35.409
41.933
44.759
44.343
44.63
44.755
36.948
44.611
44.659
44.745
44.76
44.627
44.36
44.668
44.671
44.458
44.307
44.664
44.605
44.78
44.699
44.741
36.97
39.826
44.646
39.505
39.758
44.717
44.311
38.689
44.694
44.515
44.496
44.699
39.878
44.62
44.361
44.751
40.883
44.551
44.625
38.862
44.435
44.581
44.488
44.838
44.716
44.557
37.805
44.693
37.665
44.57
38.801
44.678
44.836
39.983
44.604
44.506
44.467
44.787
44.788
44.677
37.48
44.594
44.788
44.825
37.889
44.794
44.38
44.67
38.737
41.372
38.328
44.688
43.493
44.636
44.735
37.331
44.825
44.616
43.928
38.562
44.32
37.179
39.629
44.349
39.362
44.672
44.654
44.502
44.508
44.741
41.798
44.424
44.519
36.205
44.671
44.742
44.603
44.829
40.12
43.267
44.759
38.099
44.716
44.818
37.271
44.669
44.718
39.591
44.407
40.298
44.378
44.487
44.589
37.389
44.448
44.735
39.235
44.536
44.657
44.673
40.862
38.182
44.81
44.645
38.151
44.796
44.717
44.772
44.586
44.53
40.534
39.773
44.495
44.46
38.833
44.705
38.029
44.614
41.839
44.407
37.827
44.617
38.903
44.68
44.525
36.559
40.363
44.666
40.276
44.373
44.554
38.622
44.397
44.777
44.727
44.782
39.755
44.676
44.669
44.7
44.632
44.706
44.661
38.976
44.52
44.739
37.35
44.534
44.587
44.688
39.365
36.096
44.649
38.603
44.678
44.69
37.822
39.863
36.068
39.694
44.587
39.146
39.369
37.162
42.741
44.429
36.881
44.697
44.691
44.623
39.308
44.693
44.426
37.065
38.239
44.75
44.388
44.526
44.746
44.58
44.747
44.604
44.662
44.663
44.569
44.783
44.415
44.413
44.647
39.804
40.403
44.64
44.764
44.624
41.754
39.429
37.23
44.576
44.859
40.685
44.831
44.698
44.693
44.67
44.698
44.737
44.764
39.03
37.622
44.556
44.587
44.359
44.543
44.734
44.673
44.501
44.626
44.663
41.539
44.512
44.283
44.782
44.585
44.72
44.687
44.442
44.648
39.462
44.647
44.671
44.813
40.604
44.553
39.616
40.801
42.649
44.521
44.617
37.195
44.696
44.629
44.414
44.413
40.457
39.597
39.091
40.026
44.544
44.477
39.692
44.38
44.414
42.356
42.459
44.787
44.806
40.826
44.638
36.706
44.762
41.316
37.567
44.665
44.707
35.53
37.603
37.04
44.752
44.67
44.586
44.752
44.558
44.682
44.804
40.254
44.712
44.52
44.527
39.173
44.643
44.728
39.728
44.43
44.519
44.852
44.726
39.534
38.133
44.739
44.779
38.465
37.646
37.569
44.772
44.554
38.765
41.572
44.573
44.727
44.671
37.585
44.62
40.466
40.023
44.783
44.664
44.761
44.707
44.662
39.218
41.55
44.429
37.352
44.594
36.821
44.689
44.669
39.159
37.416
44.668
44.699
44.607
41.019
44.716
44.666
38.869
44.495
44.38
44.452
44.602
44.591
44.378
44.704
44.823
44.375
44.751
44.579
44.51
44.611
44.62
44.299
40.635
44.646
44.672
37.961
44.637
44.694
44.743
44.633
36.983
40.536
38.862
44.698
44.599
44.54
37.12
39.229
40.663
44.625
39.457
44.746
44.422
44.604
44.89
44.664
44.497
44.761
44.691
40.044
41.045
44.67
44.59
37.282
44.66
42.371
42.446
44.677
44.603
44.748
36.124
44.769
44.736
44.63
44.549
44.533
39.285
44.574
44.445
44.71
37.7
44.419
39.036
39.127
44.886
44.607
44.776
44.647
44.652
44.785
44.69
44.551
44.403
44.882
44.764
39.419
42.038
44.681
44.61
40.322
44.639
42.512
36.74
44.692
44.68
36.977
44.781
44.791
44.581
44.502
44.552
44.731
44.417
44.669
40.16
39.183
44.736
40.829
36.396
40.224
40.094
44.822
44.666
44.427
40.483
39.798
39.495
42.251
44.658
44.633
44.749
38.566
44.574
44.344
44.648
38.506
44.556
44.571
44.716
41.818
41.584
44.77
44.776
41.559
44.477
44.707
44.592
35.551
37.712
44.608
38.821
44.432
44.731
44.722
44.651
44.705
37.338
40.131
44.73
39.254
44.765
44.49
41.103
37.311
38.693
36.252
44.347
44.608
44.556
42.572
39.512
39.29
44.676
44.646
44.54
44.79
44.618
44.392
44.544
44.664
44.767
38.774
38.757
44.478
34.676
36.251
42.081
44.658
44.761
34.68
44.666
44.639
44.796
36.977
37.995
39.747
44.707
44.749
44.738
34.649
44.721
44.501
44.678
37.978
44.703
44.715
34.39
39.12
36.642
44.833
44.722
44.644
37.511
37.855
40.443
39.638
44.652
39.882
44.41
44.695
36.202
44.664
44.528
44.703
44.602
39.758
44.37
44.761
44.854
44.52
44.873
44.707
44.612
44.717
44.591
44.715
44.758
35.714
39.426
41.05
44.796
37.916
37.135
39.605
37.123
44.564
44.644
44.675
38.521
44.447
37.681
44.749
37.56
44.662
44.678
44.707
44.611
44.654
44.459
44.629
36.482
38.062
38.418
44.803
44.667
38.547
44.486
40.276
41.58
44.819
39.024
44.639
44.698
44.466
36.803
44.532
44.272
44.402
44.67
40.14
44.633
44.518
44.696
44.783
44.8
38.257
44.762
44.768
44.589
44.62
44.655
44.621
44.68
44.555
44.59
44.46
39.622
44.547
44.066
44.521
44.689
44.513
44.561
44.551
44.588
40.459
43.909
36.626
44.442
44.476
44.734
44.716
44.774
44.609
40.932
44.801
44.814
39.411
37.923
39.125
44.692
44.418
44.754
44.777
44.512
44.62
44.374
40.132
44.833
35.977
44.772
41.444
44.611
44.648
42.207
39.639
44.875
40.031
35.371
44.619
44.709
36.921
44.736
44.562
44.701
38.661
39.024
44.64
44.552
44.658
44.527
39.716
44.55
40.63
44.498
44.467
44.816
44.685
44.564
44.766
38.564
44.73
37.777
36.269
44.756
44.429
44.659
44.462
44.409
44.561
44.623
37.677
44.745
39.89
37.525
44.608
44.585
44.853
44.64
44.727
44.549
37.755
44.681
44.74
44.69
44.731
44.777
44.426
35.482
44.579
44.684
44.527
44.619
44.674
44.679
44.723
44.567
41.599
37.903
44.585
40.517
44.628
36.586
40.574
44.631
38.918
44.72
43.081
44.479
44.695
44.777
44.676
36.132
44.48
44.735
44.741
44.708
38.397
35.755
44.723
44.635
44.879
44.631
44.683
38.274
40.819
39.384
44.746
42.438
44.652
44.453
44.722
44.437
35.514
44.76
44.724
38.468
34.585
44.748
44.736
44.629
38.344
44.634
44.623
38.139
44.777
44.666
37.915
44.689
44.713
44.585
44.641
44.645
44.592
38.348
44.606
44.753
44.596
44.875
44.746
40.089
44.478
44.669
44.65
44.749
44.796
37.565
44.558
44.753
44.519
44.67
44.682
44.712
44.579
44.656
40.175
44.743
44.791
44.357
44.571
37.725
44.626
44.475
44.577
38.872
44.711
40.593
39.49
34.538
44.665
34.983
44.696
44.622
40.247
44.872
44.668
38.946
44.289
44.644
44.423
44.699
44.612
44.523
44.445
44.885
44.779
37.238
40.327
38.384
44.671
44.632
44.494
44.613
44.734
37.393
44.831
44.786
38.443
44.515
44.731
44.608
44.322
44.786
44.728
44.69
44.477
44.332
44.417
44.585
44.621
44.48
44.57
44.668
37.93
44.675
37.642
39.837
44.577
35.273
42.674
44.608
38.482
44.511
37.917
44.72
44.819
44.463
38.348
44.7
44.449
37.883
40.075
44.408
44.739
44.7
44.563
44.667
44.472
36.745
36.556
37.498
44.736
39.85
44.689
44.512
44.651
44.692
37.84
44.656
44.566
44.754
40.728
44.765
44.559
44.662
44.635
44.423
44.57
40.903
40.506
44.409
38.005
37.903
44.794
44.745
44.631
44.648
38.777
44.761
44.508
44.649
44.701
40.744
44.803
39.301
44.605
44.804
37.159
39.082
40.476
44.808
44.606
44.843
44.717
44.704
41.396
38.224
44.664
44.435
36.721
44.746
40.185
44.472
44.662
42.236
44.354
44.493
44.291
38.474
44.717
44.78
44.787
37.453
44.717
44.456
38.915
44.719
44.623
44.49
35.462
44.796
44.373
38.863
39.059
41.249
41.392
44.571
40.558
44.656
44.678
44.691
41.498
44.809
44.423
44.722
44.761
44.573
44.69
44.69
40.251
44.743
44.7
44.77
40.408
34.011
44.545
37.906
44.649
41.265
40.823
44.423
44.539
44.713
44.91
40.981
39.915
41.617
44.838
44.887
44.731
44.644
44.555
44.737
44.682
44.753
44.547
44.646
38.536
44.712
38.585
44.537
44.669
44.723
44.765
41.418
38.677
39.118
44.552
44.641
44.674
44.794
44.762
37.638
38.263
44.635
44.361
44.725
44.764
39.061
44.828
44.786
44.689
44.783
44.768
42.065
44.527
44.62
39.029
44.718
44.677
41.834
38.221
44.692
39.905
40.872
44.663
44.656
44.455
44.64
44.705
44.668
44.66
41.437
44.458
44.625
44.684
44.718
44.602
37.749
44.741
44.657
44.695
44.517
44.455
44.654
44.617
40.854
44.722
44.696
44.466
38.487
44.731
44.7
44.609
40.436
42.749
39.273
44.774
37.459
44.614
44.676
44.625
44.486
37.11
42.467
44.645
39.85
37.687
44.675
37.212
44.774
44.639
44.731
38.225
44.651
44.646
44.597
42.106
42.146
36.638
44.637
44.698
40.071
44.576
44.819
44.537
44.69
44.729
44.465
44.745
44.709
35.292
44.558
44.602
44.788
38.25
44.757
44.544
40.039
44.73
37.31
44.783
44.675
35.544
44.757
44.438
44.283
44.479
44.548
35.982
44.721
44.598
38.359
44.57
39.247
44.567
44.454
44.593
44.699
44.605
40.415
44.633
44.729
44.656
39.864
44.483
37.698
44.668
40.654
38.467
44.595
44.755
44.634
44.591
44.431
44.775
38.272
40.914
36.369
38.485
36.298
38.574
38.15
38.585
44.752
44.638
36.751
44.6
44.596
40.368
44.831
35.882
44.608
44.783
39.136
44.744
38.313
44.544
44.716
38.448
44.721
44.715
44.661
44.697
44.554
44.686
44.698
39.724
41.102
44.733
44.728
40.493
44.644
44.668
44.802
41.864
44.498
44.642
44.717
44.742
44.512
35.651
39.43
44.563
37.167
44.614
36.459
44.678
44.47
40.988
44.508
44.737
44.646
44.609
44.558
44.745
38.899
44.568
44.615
44.698
39.911
36.546
44.603
44.809
44.461
44.61
44.817
44.637
44.68
44.59
44.838
44.692
44.747
36.237
44.43
44.655
44.539
44.831
44.719
44.625
44.413
39.471
44.644
38.69
44.716
44.687
44.766
37.45
39.105
44.641
41.42
38.785
38.171
44.801
40.71
44.675
44.703
44.644
37.067
38.648
41.099
37.839
35.984
39.544
44.771
37.238
44.653
44.673
43.279
44.638
41.345
37.037
44.599
44.594
41.785
44.674
38.066
44.857
44.647
44.592
44.393
34.935
44.658
44.76
44.514
41.496
44.383
44.827
44.555
39.582
44.69
37.788
44.682
40.205
38.497
44.574
38.06
44.681
44.659
44.648
35.818
44.572
41.701
44.713
37.386
37.634
39.222
44.753
44.605
42.278
39.829
43.731
40.904
44.352
44.647
38.432
44.614
44.649
37.681
42.364
38.449
44.511
44.704
44.617
37.916
44.725
44.711
44.655
44.878
44.528
38.821
44.637
40.019
39.046
44.686
39.027
36.623
37.391
44.687
40.532
40.842
38.729
41.698
44.583
44.511
36.549
44.829
44.672
44.606
37.919
39.598
44.66
44.703
44.665
38.374
44.504
44.629
44.568
44.511
44.612
38.656
44.671
44.641
39.614
38.672
44.828
44.61
44.719
44.776
44.317
44.491
44.707
42.632
44.621
44.601
36.01
44.732
44.411
39.625
38.814
39.28
40.137
44.711
44.75
41.34
44.674
44.677
44.765
35.93
44.669
44.664
39.807
44.697
41.28
38.492
42.485
44.444
36.745
44.71
42.046
44.681
44.758
34.683
37.537
44.343
44.652
44.6
44.597
38.641
41.317
35.622
39.219
40.691
44.651
44.385
44.37
44.756
44.801
42.878
44.616
44.643
41.187
44.69
44.493
44.742
44.544
37.636
44.745
44.711
36.743
44.704
44.572
33.394
44.551
43.061
40.945
44.664
44.718
39.913
44.7
44.754
37.018
41.69
44.66
44.561
44.786
38.945
41.053
44.647
44.451
44.735
44.819
44.416
44.53
44.583
44.491
44.753
44.716
44.524
44.668
44.731
44.694
44.731
44.677
44.504
44.772
37.377
44.703
39.421
44.708
44.602
39.53
39.456
41.276
35.24
44.354
42.076
44.313
38.993
44.708
44.656
44.779
44.658
44.563
35.264
44.732
44.845
44.71
44.322
44.665
44.762
44.542
36.975
40.998
36.976
44.71
44.688
44.572
44.585
44.568
39.427
44.692
44.589
44.629
39.629
44.673
39.584
44.686
44.724
44.678
44.66
38.243
38.539
40.006
44.632
44.737
44.573
44.642
44.775
44.626
44.572
44.57
44.668
44.749
37.92
37.498
44.48
44.684
41.509
38.253
44.642
44.581
39.447
37.618
44.599
44.558
44.612
44.82
44.538
44.808
44.757
44.743
44.442
44.619
44.58
44.556
39.298
37.037
39.011
44.592
40.621
44.622
41.748
41.309
44.525
44.627
44.642
44.664
44.555
44.645
44.782
44.667
40.112
38.536
42.893
44.696
38.815
44.663
44.607
39.499
44.496
36.733
36.459
35.465
44.486
44.492
44.702
39.193
44.565
44.564
44.507
44.358
44.627
44.678
44.68
44.675
40.77
44.755
39.925
39.673
44.695
44.466
38.252
44.695
37.705
38.105
44.688
44.682
44.769
44.695
44.544
44.693
44.891
39.562
44.654
37.253
44.637
44.69
40.412
44.588
44.734
37.019
40.132
39.481
44.773
44.642
35.98
38.727
44.578
44.763
44.589
44.785
40.566
44.706
39.824
40.44
44.756
44.719
44.449
44.585
44.534
44.739
44.601
40.675
41.843
42.221
44.456
44.743
44.377
44.568
44.705
44.534
44.779
44.715
41.783
44.714
44.713
44.48
44.713
44.617
37.165
40.192
41.537
40.301
44.86
44.627
40.706
42.67
40.667
44.721
44.612
44.607
38.66
41.702
44.659
44.481
37.871
44.636
37.861
44.709
44.563
44.642
44.731
44.808
39.828
44.662
36.997
44.521
39.738
42.455
44.623
38.15
44.786
44.55
37.258
38.398
39.035
43.413
44.377
44.763
38.991
44.671
44.627
44.617
35.235
37.838
44.512
44.685
41.823
44.581
44.837
44.702
44.607
44.715
44.561
44.65
38.334
44.449
38.814
36.667
35.331
40.242
44.671
44.542
44.722
44.657
36.239
39.851
44.837
40.221
33.953
40.339
44.468
37.372
44.546
44.837
44.652
44.684
44.577
42.055
44.601
44.618
40.837
44.724
44.812
44.64
44.763
44.641
44.473
44.813
44.379
44.257
44.756
44.614
43.854
37.71
38.437
44.791
44.364
40.303
44.64
39.874
44.69
44.585
44.385
42.408
44.782
44.715
34.951
38.475
44.555
44.788
39.394
41.535
39.533
44.666
36.763
44.555
44.343
44.767
40.875
44.721
44.625
44.682
44.782
37.95
44.69
41.632
44.8
42.832
44.518
44.757
43.766
44.659
