44.973
44.973
45
44.59
44.97
45
45
45
45
44.971
44.945
44.961
44.804
44.72
44.961
44.796
44.692
36.472
44.997
36.691
45
45
44.373
43.04
44.793
44.785
44.713
44.997
44.721
44.971
44.944
44.973
45
44.95
44.997
44.948
44.967
44.809
44.997
44.946
44.962
45
44.997
44.682
44.963
45
44.944
42.921
44.675
43.035
44.358
44.799
44.947
45
44.997
44.692
44.962
44.331
44.946
44.975
45
45
44.997
44.674
39.03
44.714
44.32
45
44.789
39.05
36.684
44.691
44.997
44.971
44.997
45
44.686
45
44.702
44.795
44.945
44.793
39.078
44.997
44.693
44.944
44.963
44.997
44.961
44.785
45
44.71
44.573
44.964
42.964
44.582
39.138
45
44.961
39.404
44.813
44.319
44.358
44.815
44.997
44.578
44.997
44.682
44.594
43.035
44.949
45
44.997
44.963
44.967
44.793
45
44.997
36.902
44.997
44.997
44.793
44.947
44.946
44.451
44.785
44.96
44.307
44.962
44.33
39.304
44.964
44.964
44.433
42.88
44.971
44.962
44.972
44.692
44.796
44.962
44.704
44.997
44.796
42.945
44.95
44.997
44.997
44.452
44.947
44.57
45
44.997
44.455
44.997
44.959
44.947
44.997
44.952
44.962
45
44.791
36.902
44.35
44.686
44.702
44.445
45
44.466
45
43.082
44.446
44.946
44.554
44.811
44.972
45
44.941
44.655
45
44.793
39.09
44.725
44.997
44.997
44.72
44.802
44.796
44.997
42.967
44.997
44.997
44.945
45
42.948
42.984
44.586
44.997
39.345
44.997
44.997
44.997
36.751
44.559
44.997
44.944
44.973
45
44.804
44.974
44.716
44.997
44.973
44.997
44.713
45
44.997
44.997
45
45
44.55
44.446
44.695
45
45
44.997
44.962
44.796
44.971
44.798
44.944
44.997
44.565
44.997
44.963
44.997
44.997
44.318
44.997
45
44.973
44.962
44.809
44.946
44.997
44.997
45
44.454
44.799
44.997
38.753
44.344
44.703
44.583
44.964
38.904
44.997
44.962
44.542
38.934
44.711
44.705
44.969
44.539
44.947
44.434
44.962
44.72
44.703
44.454
36.318
45
44.3
44.963
44.599
44.95
44.997
44.997
44.973
44.944
44.997
44.964
44.97
44.942
39.082
44.947
45
44.997
44.965
45
44.997
44.678
36.711
44.997
44.7
44.802
45
44.321
44.809
44.796
44.801
44.698
44.326
45
44.997
44.973
44.294
44.802
45
44.961
44.684
44.949
44.997
44.576
42.929
44.95
44.972
44.806
44.997
44.946
44.589
36.581
42.953
44.804
44.997
37.058
44.997
44.708
44.972
44.997
44.972
44.803
44.445
36.613
44.997
44.797
44.973
39.58
44.577
44.952
44.972
44.552
42.97
44.961
44.945
44.997
44.706
44.432
44.962
44.945
45
44.997
44.997
44.783
39.189
44.699
45
44.948
44.556
45
44.963
44.946
44.997
44.567
44.687
45
44.787
38.998
44.973
44.608
38.926
43.025
43.004
44.801
44.798
44.554
44.997
44.972
44.997
44.796
43.042
44.997
44.972
44.691
44.706
44.942
44.972
38.972
37.297
44.963
44.33
43.016
44.815
36.91
44.963
39.011
44.96
44.997
44.718
44.331
44.997
44.965
44.797
44.799
44.436
44.951
44.35
44.941
36.766
44.97
44.436
45
44.8
44.706
45
44.997
37.03
44.591
44.694
44.997
44.973
44.967
44.997
44.359
44.997
44.997
44.688
44.997
44.734
44.966
37.143
44.997
44.997
44.974
44.973
36.597
44.997
44.462
44.973
44.707
44.802
45
44.721
44.964
45
44.972
42.944
44.963
37.022
44.653
44.795
44.997
44.968
44.997
42.986
44.997
44.79
44.943
43.047
44.458
42.934
44.997
44.704
42.844
44.945
44.997
44.585
44.697
45
44.997
44.997
44.798
44.58
44.945
44.46
45
44.8
44.973
45
44.949
39.403
44.705
45
44.997
44.702
44.951
45
44.973
44.961
44.948
44.945
44.972
44.332
44.792
44.673
44.997
44.798
39.032
44.971
44.803
44.973
44.971
44.962
44.972
44.997
44.997
44.969
44.961
44.945
44.695
36.675
45
45
44.437
44.952
44.79
44.455
44.44
45
44.966
45
44.965
44.81
44.707
44.792
44.997
44.95
45
44.688
45
44.972
38.711
45
44.815
44.971
44.997
45
44.681
45
44.997
44.997
44.997
44.997
44.807
44.58
44.97
44.694
44.685
44.968
44.972
44.354
44.965
45
44.726
45
44.796
44.702
44.997
44.944
44.34
44.997
44.997
39.076
45
44.997
45
44.702
44.948
44.947
44.963
44.963
44.971
38.683
44.962
44.966
44.997
44.562
44.997
44.997
44.948
44.997
44.969
44.711
42.916
44.997
44.551
44.951
44.672
44.693
45
45
44.997
43.024
44.947
44.598
38.999
45
44.31
44.456
45
44.97
45
45
44.997
44.675
44.971
37.129
44.35
44.997
44.997
38.962
44.946
44.54
42.908
44.971
44.997
44.7
45
44.949
44.961
44.969
45
36.943
44.997
44.997
44.797
45
44.997
44.997
44.997
37.071
39.317
44.703
44.687
44.965
44.972
44.946
44.962
44.946
42.958
44.965
44.579
44.997
45
44.97
45
44.803
39.055
45
44.711
44.787
36.778
45
44.962
44.721
44.997
44.796
44.945
45
44.788
44.708
44.437
38.634
44.997
42.967
44.802
44.783
44.787
44.997
44.717
44.962
44.721
44.457
44.964
44.718
44.357
45
44.997
45
37.042
44.964
44.997
45
45
44.45
43.007
44.576
44.714
44.446
44.973
45
44.95
39.291
44.944
44.952
44.997
36.772
44.997
44.725
44.305
43.036
44.997
44.974
44.971
44.997
44.691
44.692
44.569
44.971
45
44.961
44.997
44.959
44.452
44.428
44.964
44.963
44.963
44.975
45
44.997
44.431
44.971
44.965
44.951
44.971
44.331
44.997
44.997
44.969
45
45
44.997
45
44.962
44.704
44.97
45
44.795
44.589
44.97
44.708
44.701
44.739
39.221
44.997
44.789
44.795
45
44.58
44.997
44.326
44.327
44.964
44.661
43.057
44.943
44.997
44.961
45
45
44.712
44.71
44.945
45
44.798
45
44.997
44.997
44.944
45
44.997
44.715
44.44
44.335
44.997
44.966
44.997
44.787
44.948
44.339
44.314
44.997
44.963
44.972
44.784
44.949
44.949
44.336
45
44.997
44.948
44.795
44.948
44.46
44.789
44.967
44.975
44.973
44.703
39.128
44.972
45
44.452
44.699
44.962
44.964
44.997
44.7
44.997
44.997
44.997
44.97
45
39.085
42.975
37.012
44.997
44.356
44.943
44.957
44.947
44.997
44.699
45
45
44.972
44.973
44.458
44.702
44.325
44.794
39.405
45
44.97
43.045
42.896
44.576
39.167
45
44.682
44.662
44.945
45
44.965
44.684
44.997
44.813
44.972
44.997
44.963
44.997
44.681
44.997
44.317
44.997
44.997
44.965
44.675
44.313
44.962
44.998
44.961
36.496
44.947
44.696
44.449
44.997
42.864
44.974
44.946
44.974
44.671
44.442
44.961
44.426
44.815
44.948
44.45
44.944
45
45
44.944
36.591
44.997
44.721
44.997
44.997
44.568
44.945
44.997
36.801
44.997
44.962
44.945
44.997
45
43.059
36.752
45
44.947
44.964
44.692
44.691
44.942
45
44.571
44.97
44.966
37.32
39.051
44.963
45
44.97
44.948
44.943
39.263
38.878
45
44.971
44.307
44.964
44.969
44.997
44.963
44.997
44.997
39.051
44.684
44.997
44.949
44.446
44.795
39.421
44.997
44.997
43.087
44.702
44.997
44.969
44.69
44.997
44.964
44.71
44.79
44.658
44.972
42.813
44.346
44.997
44.965
42.95
45
44.975
42.914
44.997
44.972
39.452
44.788
44.423
36.496
44.963
44.818
44.973
44.668
44.973
44.972
45
45
44.997
45
45
44.709
44.948
44.439
39.241
44.338
45
45
36.817
44.672
44.975
44.729
44.582
45
44.997
44.963
45
45
45
44.962
44.997
45
45
44.964
44.799
45
44.943
45
44.793
