44.969
44.424
44.997
44.95
44.706
44.998
45
43.163
44.997
45
44.674
44.962
44.974
44.974
44.588
44.96
44.996
44.97
44.967
44.665
44.997
38.967
39.515
44.97
44.719
44.535
44.946
44.95
44.961
44.466
38.756
45
44.969
45
44.998
38.235
44.946
44.7
44.715
44.785
44.955
44.998
44.796
44.817
44.485
44.966
44.711
44.997
44.464
44.95
44.998
45
44.842
44.805
44.798
44.803
43.044
44.651
44.997
44.997
44.956
44.925
44.941
44.587
44.933
44.997
44.997
44.956
44.702
34.464
45
44.971
45
42.702
44.27
44.975
44.982
44.996
44.458
44.972
44.997
44.959
44.697
44.747
42.734
44.961
44.997
44.404
39.28
44.98
45
45
45
44.937
44.413
44.952
44.998
44.997
44.945
36.73
44.818
44.307
44.984
44.95
44.975
44.998
38.747
44.996
44.436
43.664
45
44.952
44.967
44.952
45
44.703
44.998
44.958
44.61
39.706
44.77
38.472
35.725
44.811
44.7
45
42.779
44.959
38.872
44.998
44.969
44.384
37.905
45
44.982
44.964
44.942
45
45
44.997
44.96
44.941
44.735
44.295
44.445
44.996
44.439
40.843
44.997
44.963
44.655
45
44.964
44.959
44.827
44.822
44.266
45
44.681
44.431
44.321
45
44.998
45
44.658
44.621
38.224
44.792
44.726
44.418
44.946
44.953
44.997
44.732
44.438
44.785
44.997
44.765
44.965
45
44.968
44.975
44.776
44.952
45
44.809
45
44.997
44.286
44.997
44.744
44.821
44.997
38.284
45
44.97
44.971
44.676
44.962
44.586
44.948
45
45
44.958
45
44.998
44.343
44.691
45
44.431
45
44.507
44.962
44.652
45
37.945
44.968
44.956
44.555
44.967
44.63
44.712
44.997
44.997
44.998
44.969
44.997
42.866
44.97
44.965
45
44.703
44.976
45
44.96
44.981
44.997
44.997
44.998
44.956
44.474
40.299
44.974
44.682
44.697
45
44.37
44.414
42.935
45
44.574
44.973
44.591
44.957
44.956
44.943
45
44.374
44.668
44.998
38.146
44.972
44.501
44.726
44.97
44.997
44.964
44.953
44.958
44.665
44.997
44.968
44.969
45
44.228
44.964
44.977
44.805
44.996
44.972
44.709
44.967
44.783
44.556
44.381
44.263
44.997
44.998
38.824
44.784
44.946
44.693
45
44.454
44.997
44.939
44.999
45
45
44.693
38.843
44.62
44.968
44.68
42.948
45
44.733
42.406
44.792
45
44.252
44.971
44.997
44.175
37.39
44.997
44.983
44.676
45
44.997
45
44.539
44.997
44.452
44.998
44.817
44.843
44.998
44.94
45
44.516
44.757
45
44.703
39.493
44.997
44.818
37.357
44.307
44.752
43.123
44.956
45
44.966
44.516
44.997
45
44.32
44.981
44.998
45
44.649
44.638
44.84
44.976
44.958
44.761
44.828
43.002
44.702
45
44.961
45
44.957
44.998
44.94
44.972
44.264
44.407
43.455
44.787
44.996
45
44.957
44.965
44.812
44.628
39.875
44.956
45
44.997
37.078
44.997
44.449
38.841
44.589
44.497
43.402
44.218
44.548
45
36.984
45
44.355
44.978
44.791
44.299
44.588
44.717
44.997
44.998
44.628
44.327
44.998
44.966
44.997
44.967
45
44.965
44.595
44.69
44.952
44.962
44.997
44.603
44.731
44.998
44.933
44.997
44.997
44.959
44.703
44.946
44.717
44.971
44.717
45
45
44.998
44.997
44.659
45
44.997
38.997
44.824
44.997
44.964
44.974
44.654
45
44.458
44.697
44.797
44.94
44.641
44.642
44.759
44.624
45
44.672
36.777
44.944
44.979
44.724
44.953
44.431
44.703
44.997
44.759
44.938
45
44.969
44.752
44.463
44.788
45
45
44.998
44.964
44.8
44.966
43.333
44.17
44.4
44.421
45
42.609
45
44.963
44.695
37.972
35.88
45
44.276
44.96
44.977
44.937
44.736
44.937
44.997
44.997
44.728
44.733
44.78
44.691
45
45
44.325
44.997
44.249
44.997
44.965
39.904
44.413
44.962
44.956
44.695
39.197
44.975
44.454
44.763
39.51
44.998
44.463
35.707
45
44.713
44.997
44.604
44.973
45
44.943
44.943
45
44.311
44.967
44.453
44.998
44.565
44.71
45
44.782
44.948
45
44.587
44.778
44.972
44.713
45
37.759
44.574
44.97
44.792
44.58
44.997
45
44.508
44.973
45
44.999
44.694
44.823
44.695
44.791
44.664
44.973
44.976
44.969
35.756
44.97
44.975
44.998
45
36.289
44.576
45
44.997
44.948
44.78
44.555
37.645
44.958
44.997
44.726
44.943
42.444
44.524
40.481
44.998
45
44.96
44.998
44.95
44.683
45
44.965
44.974
44.784
44.975
44.659
44.998
44.972
44.969
44.506
44.773
44.644
36.856
45
44.952
44.746
44.823
44.788
44.442
44.998
44.961
44.947
44.78
43.226
44.956
44.997
44.968
45
44.953
40.605
44.974
45
44.846
44.781
44.697
44.96
44.96
44.372
44.962
44.976
45
44.97
44.316
44.416
44.996
44.947
44.962
44.676
44.769
45
44.997
44.966
44.996
44.389
44.998
44.969
44.996
44.996
38.731
44.42
44.997
44.997
37.699
44.974
44.828
38.974
37.61
44.705
44.97
44.968
44.973
37.691
44.97
44.998
44.997
45
44.712
44.86
45
44.934
44.838
44.998
44.979
44.955
44.346
42.916
44.802
39.042
44.974
44.997
44.997
45
45
44.626
44.669
45
44.672
44.97
44.997
44.959
44.33
44.773
44.963
45
42.99
44.527
45
43.087
44.673
44.604
44.998
44.966
44.794
44.756
44.788
44.972
44.734
45
44.477
44.961
44.997
44.974
44.997
44.477
44.434
45
44.969
45
44.97
44.997
44.728
44.948
44.947
44.955
44.739
43.083
44.69
40.868
45
45
44.834
42.767
37.945
45
44.469
38.005
44.702
44.997
44.393
45
45
44.948
45
44.813
44.998
44.955
44.96
44.949
44.952
44.448
44.783
35.69
44.997
44.816
44.997
44.997
44.997
44.998
44.996
44.958
45
44.812
45
44.706
44.965
44.328
44.975
44.577
44.676
36.195
44.965
44.997
42.801
44.997
45
44.733
44.978
36.998
35.212
44.933
44.998
42.599
44.489
44.998
45
44.997
44.94
44.399
42.955
44.706
44.965
45
44.978
44.968
44.997
44.97
44.384
36.835
43.247
44.997
44.822
45
44.433
39.316
44.956
44.423
45
44.997
44.996
36.897
44.997
44.791
45
44.957
45
44.997
44.976
44.957
44.996
44.955
44.998
44.944
44.997
44.998
44.997
44.775
44.975
44.658
44.798
38.855
44.577
44.941
44.926
45
44.675
44.548
44.805
45
44.963
44.932
44.972
45
44.801
44.965
44.48
44.58
44.801
44.998
44.747
44.965
44.955
44.837
38.668
44.693
44.285
44.971
44.719
45
44.966
44.997
44.632
44.75
44.939
44.528
45
44.677
44.997
45
44.958
44.679
44.998
36.803
45
44.961
45
45
44.997
44.976
44.951
44.48
44.967
44.998
38.466
44.73
40.427
40.403
44.997
37.842
44.961
44.996
44.997
39.936
44.478
44.975
44.996
44.959
44.951
40.542
44.968
44.947
44.475
44.96
44.882
44.968
45
44.997
44.997
45
44.738
44.998
44.953
44.784
44.936
44.95
45
44.93
44.996
44.615
44.997
44.676
44.462
44.997
44.956
44.948
44.997
45
44.727
44.998
44.997
44.699
44.964
44.436
42.671
44.349
36.817
44.943
44.808
44.997
44.997
44.596
45
44.558
44.997
44.648
45
39.922
44.962
44.997
44.996
39.885
44.936
45
45
45
44.997
44.726
44.957
44.961
44.554
45
44.998
44.996
44.971
44.638
45
44.812
44.749
44.997
44.966
39.406
44.997
44.965
44.428
44.997
44.767
44.734
44.997
43.064
42.52
44.975
44.998
45
45
44.996
38.187
44.941
44.363
45
44.967
44.437
45
44.807
44.962
45
44.998
44.948
44.95
44.997
44.997
36.473
44.784
44.999
44.96
44.965
44.733
45
44.961
44.597
44.413
44.321
44.676
44.773
44.975
44.964
44.944
44.767
44.97
38.419
44.788
44.964
44.783
45
43.12
44.947
44.961
44.664
44.948
44.673
37.488
44.802
44.469
44.682
44.719
44.962
44.997
44.735
44.482
44.997
45
45
44.671
44.72
45
44.969
44.997
44.701
44.665
44.507
44.997
45
44.997
44.997
44.997
44.653
44.476
44.431
44.971
44.998
38.103
45
45
39.899
44.364
44.971
44.997
44.928
44.818
44.57
43.242
45
44.346
44.996
44.996
44.978
44.936
44.762
44.8
44.197
45
44.848
44.806
44.679
44.969
39.106
44.997
44.997
44.297
42.679
44.997
44.998
44.95
44.958
44.32
42.926
44.997
44.997
44.326
44.678
44.845
44.941
44.998
44.964
44.699
44.959
45
44.966
44.996
45
44.384
45
44.997
39.098
44.741
44.281
44.49
44.998
44.972
44.697
44.976
45
45
45
45
44.835
44.997
44.677
44.779
44.997
44.822
44.998
44.424
44.998
45
44.998
44.998
44.71
44.514
44.996
44.734
44.963
37.928
44.787
44.225
44.762
44.493
44.751
43.466
45
44.954
44.492
44.589
44.96
45
44.815
45
44.98
44.942
45
44.964
44.997
45
44.974
45
45
44.519
44.815
44.998
44.999
44.965
44.972
44.962
44.656
44.981
44.998
44.961
44.975
45
44.79
45
44.815
44.97
44.716
44.372
36.175
45
44.551
45
44.998
44.712
45
45
44.32
45
44.996
39.951
44.964
44.969
44.755
44.999
44.937
44.976
44.349
45
43.304
43.037
44.806
45
44.587
44.998
44.486
44.82
44.997
44.777
44.996
44.971
44.761
45
44.972
44.765
45
44.645
44.763
45
44.997
44.977
38.889
44.987
45
44.951
44.998
45
44.97
44.997
44.579
44.815
45
44.996
44.997
44.233
44.997
44.353
44.958
44.997
43.287
44.705
44.747
45
44.997
44.388
44.745
44.975
44.936
44.997
44.998
44.966
44.961
44.97
44.549
35.59
45
44.962
45
44.392
44.975
44.614
44.7
44.543
44.822
45
44.997
35.945
45
45
37.206
44.826
45
44.717
44.692
44.847
44.997
44.942
42.82
44.652
44.741
44.958
44.683
44.997
45
44.972
44.998
44.797
37.355
45
44.491
44.997
44.397
44.663
44.697
44.657
44.997
36.774
44.787
44.361
44.794
44.94
44.807
42.827
44.997
44.361
44.696
44.652
44.997
44.997
45
44.765
44.997
44.816
37.579
44.971
45
44.833
42.426
44.997
44.781
44.574
44.936
44.275
44.997
44.947
44.666
42.83
44.971
44.936
44.997
44.964
44.53
44.648
37.242
44.278
44.944
44.97
44.723
44.354
36.403
44.959
44.961
45
44.786
44.998
44.963
44.788
44.658
44.464
44.963
45
44.708
44.998
44.963
44.967
37.458
44.977
44.997
44.845
44.663
44.938
45
44.996
44.578
44.773
37.24
44.998
44.709
44.961
44.562
44.714
44.387
44.789
45
44.739
44.753
44.945
45
37.893
36.134
45
44.967
44.465
44.469
45
44.935
44.474
44.954
44.961
44.822
44.509
40.474
35.669
44.826
44.997
44.744
44.38
44.996
44.951
44.296
44.996
44.978
45
44.782
44.973
44.718
42.916
44.997
38.687
45
44.516
44.956
44.823
45
44.964
44.84
44.958
44.44
45
44.997
45
44.972
44.969
44.975
44.963
44.997
45
44.511
44.649
44.972
44.997
44.997
44.711
44.826
44.997
44.968
44.95
44.996
44.475
42.522
44.997
43.039
44.828
44.997
44.719
44.965
44.73
44.998
44.785
45
44.686
44.996
44.811
44.977
44.997
44.829
44.965
44.734
44.97
44.621
44.975
45
44.998
44.998
44.996
44.997
44.967
44.716
45
44.998
44.997
44.937
44.996
45
44.958
44.998
44.997
44.44
45
44.812
45
45
44.96
43.047
45
39.482
44.303
44.973
44.998
44.545
44.997
44.997
45
44.997
44.971
44.952
44.797
44.997
44.997
44.762
37.189
44.996
45
44.701
44.653
44.601
44.946
44.741
44.947
44.645
44.968
44.955
44.709
42.905
37.381
44.42
44.696
44.997
44.562
44.972
44.997
45
40.863
42.939
44.697
44.837
43.213
44.997
44.672
45
44.237
44.997
45
44.996
44.642
44.956
44.962
38.18
44.82
44.529
44.77
36.562
44.564
44.948
44.957
45
44.96
45
38.194
44.942
44.979
44.967
40.427
45
36.238
44.643
44.648
44.705
45
44.933
44.811
44.822
45
44.996
42.74
35.754
38.622
44.598
45
38.367
44.46
44.95
44.936
44.401
44.671
44.947
44.972
45
44.699
44.296
44.95
44.953
45
44.81
44.996
44.53
45
44.965
45
44.682
44.997
45
39.52
44.827
44.68
44.684
44.339
44.587
44.336
42.95
44.577
44.944
44.783
44.661
44.955
44.997
44.958
44.341
44.997
44.97
44.793
44.805
45
44.937
44.414
44.948
44.952
45
44.63
40.275
44.793
44.738
44.805
44.644
45
44.97
43.025
44.968
34.839
44.399
44.36
44.965
44.966
36.461
44.998
44.554
44.963
44.997
44.929
44.997
44.783
44.592
44.964
44.755
44.938
44.997
44.46
39.037
44.864
44.998
44.651
44.375
45
44.804
44.938
44.821
44.997
43.065
44.68
44.777
44.359
45
44.409
44.506
44.96
44.998
44.974
44.998
44.576
44.967
44.973
37.483
45
44.426
44.777
44.997
44.977
39.234
44.954
44.648
44.473
45
36.126
44.965
44.643
44.382
44.968
42.446
44.497
44.997
44.961
44.946
37.592
44.997
44.645
44.783
45
44.783
45
44.628
44.729
44.643
44.996
44.942
43.199
44.677
44.655
43.199
45
44.279
44.938
44.935
45
36.296
44.967
38.214
44.997
45
39.025
44.952
42.892
44.965
44.692
44.84
44.955
36.884
44.799
44.972
44.825
44.967
44.721
44.997
45
39.739
44.956
44.819
44.957
44.957
44.997
44.96
44.772
44.219
37.885
44.953
44.997
44.963
45
44.955
44.997
44.247
44.934
39.823
44.967
44.385
45
44.98
44.975
44.97
44.997
44.958
44.997
45
44.997
44.968
44.928
44.823
45
44.997
44.965
44.731
44.884
45
44.65
44.959
45
45
45
44.573
44.28
44.839
44.973
45
44.961
34.322
45
38.778
44.965
36.495
44.635
45
45
44.973
44.753
44.961
44.636
44.997
44.471
38.99
44.464
44.966
44.687
44.971
44.964
45
44.998
45
44.446
44.741
44.79
44.998
44.998
44.997
37.274
38.812
44.997
44.938
40.15
45
37.492
44.799
44.395
45
44.319
44.997
44.962
45
44.953
44.788
44.998
45
44.586
44.997
44.998
45
44.43
44.711
44.998
35.149
44.997
44.756
44.997
45
44.567
44.795
44.686
44.968
36.039
44.782
44.998
44.959
44.962
44.997
44.705
45
42.321
44.612
44.957
44.97
45
44.975
44.436
44.963
44.963
44.969
45
44.813
44.997
44.997
42.448
45
43.441
44.382
44.932
45
44.624
45
44.997
44.726
44.608
44.976
45
44.971
44.997
44.94
44.998
44.971
44.972
45
42.692
44.238
44.969
45
45
44.703
44.962
44.997
44.724
44.965
44.816
44.94
44.997
44.996
44.8
44.519
45
44.942
37.792
44.961
44.8
44.742
45
44.658
44.997
44.733
44.967
44.321
44.972
44.358
44.997
44.739
44.976
44.942
44.965
45
44.998
44.996
44.721
44.661
38.835
44.497
44.945
44.449
45
45
44.962
44.734
45
44.997
44.959
44.966
44.533
36.252
44.5
44.805
44.695
44.824
44.946
44.943
44.321
44.8
44.305
44.794
44.725
44.802
45
44.997
44.997
44.963
44.756
44.996
44.483
44.378
44.997
44.811
44.395
44.997
45
44.824
44.959
44.971
44.79
37.725
44.669
44.997
44.957
44.959
44.41
44.968
44.387
36.507
44.996
44.957
44.827
44.795
44.95
33.126
44.834
44.621
44.998
44.998
44.997
44.967
44.946
44.95
45
38.95
44.998
44.997
44.751
44.524
44.72
44.996
45
45
44.634
44.837
44.968
44.979
44.823
45
44.352
44.957
45
44.97
44.997
42.949
44.708
39.583
44.743
44.974
44.35
44.996
44.997
36.361
44.998
44.997
43.839
44.366
36.595
35.941
44.692
44.803
44.299
44.997
45
43.303
44.958
44.997
44.956
44.677
44.69
44.998
44.821
44.973
45
36.189
44.958
44.937
37.197
45
42.688
45
44.397
44.948
44.532
44.939
45
44.998
44.669
44.923
44.935
44.964
44.752
44.688
44.794
44.962
44.997
44.956
44.998
36.97
44.977
44.957
44.998
44.257
44.942
44.969
45
45
44.966
44.997
45
44.966
44.998
44.709
44.998
44.997
44.686
44.485
44.957
44.717
45
44.997
44.957
44.477
44.997
44.75
43.419
44.714
38.297
44.541
44.41
44.321
45
44.973
44.996
44.714
44.997
44.194
44.56
44.613
44.997
44.822
44.997
44.479
44.555
44.367
44.997
44.997
38.386
44.948
44.998
44.651
44.496
44.965
44.941
44.769
44.932
44.294
45
44.786
44.804
44.955
44.962
45
44.471
44.963
44.997
43.38
44.963
44.82
44.97
44.996
44.977
44.946
44.782
45
38.487
44.967
44.625
45
44.972
44.325
44.418
44.967
44.801
39.109
44.997
44.963
44.97
44.708
45
44.794
44.543
44.942
34.487
44.997
44.696
44.809
44.679
45
44.939
44.502
44.96
44.64
44.969
44.683
44.998
44.731
33.706
44.798
44.85
44.774
44.997
44.675
39.089
44.997
44.976
44.944
44.942
44.453
44.997
45
44.997
44.975
44.94
44.365
44.496
44.997
45
44.631
37.408
42.666
44.43
44.64
44.996
44.973
44.97
44.96
44.416
44.996
45
44.809
44.665
45
44.696
44.996
44.943
44.997
44.973
44.935
44.199
44.997
35.523
44.79
44.998
44.282
44.997
44.7
45
43.024
44.823
44.957
44.97
45
45
44.966
45
37.977
44.418
44.964
44.371
44.929
44.996
45
44.997
44.969
44.997
44.997
44.998
44.997
44.452
39.143
43.053
44.495
45
36.691
44.698
44.998
45
44.931
44.458
44.968
44.997
44.997
45
44.508
36.194
44.952
44.974
42.72
45
42.484
44.794
44.936
44.997
43.164
44.827
44.974
44.958
44.998
44.998
44.966
45
44.996
44.743
44.616
44.818
44.997
40.988
44.688
44.965
44.941
44.998
45
36.759
44.998
44.624
44.973
44.835
44.287
44.389
44.963
44.699
37.436
44.969
42.841
44.775
44.962
45
44.754
42.523
44.935
44.794
44.965
44.752
44.961
44.997
44.998
44.867
44.825
44.667
39.096
36.221
44.997
44.957
39.624
45
44.975
45
44.813
44.997
44.996
44.927
44.977
45
44.974
44.944
44.538
45
44.768
44.815
44.998
44.312
44.175
44.678
44.962
44.253
44.582
44.968
44.997
39.138
44.828
44.997
44.997
43.134
44.945
44.655
44.996
44.807
44.457
42.831
44.539
45
44.805
44.421
44.958
44.968
44.996
44.963
39.34
45
40.474
44.997
44.997
44.964
38.151
37.403
44.998
38.82
44.755
44.843
44.764
44.782
44.799
44.736
44.6
44.93
44.818
44.857
38.898
44.691
45
44.22
45
44.514
44.972
44.961
44.949
44.942
44.509
44.997
44.727
44.815
45
45
44.422
44.998
44.741
44.663
45
40.219
45
44.816
44.971
44.702
44.964
44.997
44.966
44.748
44.758
44.479
38.111
44.662
44.553
44.969
44.998
44.972
44.708
42.421
38.302
45
45
44.95
45
40.913
44.997
40.832
45
44.996
44.974
45
44.68
44.411
42.899
44.996
44.682
44.573
44.997
44.788
44.742
44.977
44.805
44.937
44.291
44.693
44.997
44.997
44.666
44.978
44.998
44.684
44.849
44.997
45
44.792
44.833
44.815
45
44.77
44.967
44.998
45
44.273
45
44.997
44.287
44.998
44.262
44.362
45
45
44.776
44.998
45
44.997
44.431
44.997
45
44.716
44.973
44.69
44.579
44.971
44.947
44.648
34.883
44.692
44.814
45
44.997
43.328
45
44.965
44.787
44.996
42.65
45
44.969
44.938
45
44.972
44.552
44.822
44.969
44.681
44.963
44.346
45
38.125
44.961
45
44.97
44.7
44.454
44.964
44.309
44.685
38.8
44.961
44.697
44.963
44.998
44.964
44.703
44.757
45
45
44.945
45
38.733
42.953
44.997
44.997
44.814
45
42.993
44.957
44.967
44.997
45
44.742
44.727
45
44.997
45
44.454
44.648
44.421
44.386
44.717
44.964
44.936
44.955
44.972
44.762
44.968
44.996
44.828
44.952
44.784
44.997
44.695
44.821
44.804
44.497
44.478
44.997
44.998
45
37.021
44.997
44.842
44.785
44.697
45
44.939
44.961
39.144
44.961
45
44.785
44.484
44.997
44.649
37.295
39.513
44.952
38.35
44.71
44.775
44.963
44.949
44.97
44.964
44.364
44.965
44.967
44.974
44.961
44.348
37.322
44.635
44.749
44.975
44.344
44.731
44.975
45
37.885
44.814
44.997
39.14
45
44.743
44.674
44.965
44.625
44.792
44.792
35.795
44.407
38.416
44.225
44.962
44.709
44.998
44.83
44.996
44.942
44.967
39.941
44.55
45
44.96
44.968
44.726
44.572
44.778
44.354
44.997
45
44.707
44.636
44.997
44.463
39.845
37.224
44.954
44.831
44.955
44.787
34.974
44.997
44.997
44.996
44.948
44.962
44.965
43.261
45
37.116
45
44.619
45
44.732
45
45
44.747
44.997
39.202
36.493
44.729
44.998
44.96
44.997
44.956
44.997
44.937
45
45
45
44.628
44.6
40.942
44.725
44.612
44.966
44.998
44.306
45
44.97
34.767
44.997
42.63
44.97
44.065
44.997
44.998
44.998
44.575
44.715
44.439
44.438
44.409
44.954
44.997
44.977
44.996
44.951
44.938
37.951
44.998
45
44.666
44.717
44.631
44.973
36.38
37.183
44.166
44.796
35.504
44.759
44.488
44.961
45
44.429
44.655
44.935
45
44.997
44.997
44.942
38.966
39.605
44.753
45
42.847
44.702
45
44.997
45
45
45
38.312
44.969
45
44.998
44.997
44.694
45
44.595
44.998
44.953
44.699
44.951
45
42.719
44.996
43.1
36.933
44.928
44.345
44.977
36.093
44.715
44.646
44.953
44.768
44.637
35.744
44.946
44.797
44.996
36.902
45
36.239
44.964
44.651
45
44.959
44.998
44.997
44.979
44.967
44.432
44.308
44.997
45
45
44.969
44.763
45
44.453
44.734
44.973
45
44.997
44.326
44.739
44.998
44.284
44.997
44.809
44.712
45
44.721
44.959
44.952
44.713
45
44.948
39.394
42.874
44.81
44.601
45
44.998
44.838
44.662
45
44.965
44.482
45
44.817
44.96
44.48
44.578
44.996
44.964
44.997
44.762
44.997
44.96
45
36.764
40.208
44.408
43.005
44.997
44.834
44.997
44.998
44.973
44.708
45
43.072
39.827
44.96
45
44.684
44.771
44.973
44.973
44.644
44.959
44.392
44.967
35.818
44.996
44.843
44.997
44.998
44.997
44.956
44.974
45
44.945
38.741
45
44.935
44.95
44.969
45
44.648
44.664
44.959
44.971
44.972
44.763
44.951
44.714
45
44.966
45
37.56
38.953
44.947
44.951
45
44.997
44.73
44.997
44.968
44.952
44.997
44.767
36.419
44.977
45
44.997
44.997
43.23
44.966
44.962
44.7
44.997
45
44.997
44.998
39.805
37.743
45
44.951
44.966
44.97
44.997
44.963
44.948
44.977
45
44.574
45
44.977
44.625
39.53
44.977
44.98
45
38.174
40.371
45
44.797
44.949
44.937
44.968
44.408
45
44.997
44.997
44.958
44.964
44.385
38.065
44.685
44.659
39.417
42.878
44.817
44.763
44.793
44.997
44.333
44.57
44.972
44.998
45
44.695
44.968
44.812
45
44.997
44.702
44.946
44.443
44.997
44.998
44.43
40.063
44.784
43.19
45
44.97
40.089
44.972
45
44.956
44.725
44.997
44.639
44.996
44.948
44.693
44.469
44.396
44.766
44.573
44.707
44.722
45
44.823
44.978
45
44.673
44.683
44.748
44.95
44.738
44.732
44.997
44.285
45
39.508
44.972
44.937
45
44.997
44.998
45
44.81
44.692
44.977
44.978
44.997
44.962
45
44.311
44.996
44.997
44.973
44.997
43.284
44.944
44.631
44.997
44.804
44.664
44.956
44.975
44.79
44.802
44.451
44.478
44.998
35.337
44.977
44.961
44.934
44.997
44.654
44.753
44.973
44.974
44.978
44.824
44.955
44.306
44.557
42.412
44.739
44.692
44.997
44.795
45
44.997
44.664
44.933
44.734
44.998
45
44.998
44.975
42.724
45
44.968
42.912
44.422
44.972
44.942
44.75
44.284
44.642
44.943
44.974
44.998
37.406
42.822
44.423
44.783
44.379
44.85
44.251
44.997
44.997
44.708
44.677
44.965
44.998
44.97
35.798
38.869
44.95
45
44.997
44.972
45
44.783
44.217
44.832
42.742
44.977
44.998
44.982
37.068
44.943
44.958
44.97
44.62
44.678
44.802
44.997
44.503
45
44.949
37.563
45
44.67
45
35.996
44.621
44.974
44.516
44.949
45
44.631
42.916
45
42.749
44.772
44.696
44.85
44.354
42.491
44.947
44.955
44.965
43.287
44.998
44.947
37.526
44.591
43.379
44.972
44.964
44.774
44.325
44.842
44.996
44.793
44.961
44.948
44.795
44.952
45
44.941
45
44.799
44.937
44.373
44.936
44.954
44.997
44.979
44.967
44.764
45
44.997
44.998
45
44.296
44.997
44.997
44.785
44.667
44.998
44.954
44.848
44.557
44.696
44.95
44.855
44.957
44.802
45
44.981
44.933
44.969
44.765
44.519
44.792
39.202
44.689
44.427
44.95
44.418
44.945
44.996
45
44.751
44.95
44.778
44.81
44.973
44.366
44.97
45
44.965
44.997
45
43.486
44.549
42.807
44.557
44.972
44.959
37.889
44.997
44.972
44.998
44.709
44.999
44.5
44.952
44.522
39.063
44.996
45
44.949
44.945
44.698
38.557
44.614
45
44.627
37.975
44.22
44.971
45
43.131
45
45
44.997
36.092
44.626
44.457
37.995
44.23
45
44.729
44.981
44.62
44.385
44.976
37.214
44.997
44.972
44.466
44.942
44.996
44.981
44.837
44.967
44.997
44.45
43.121
44.997
44.702
44.593
44.784
44.431
44.998
45
42.843
44.71
42.857
44.972
44.971
44.974
44.955
45
44.744
44.71
44.998
44.709
44.768
44.999
44.973
44.207
44.347
45
44.953
43.064
35.507
44.997
44.695
44.997
36.899
45
42.996
43.333
34.936
44.997
44.462
44.711
37.1
44.449
44.975
44.734
44.656
45
43.656
45
44.788
45
37.349
44.798
44.967
44.946
44.997
44.818
43.347
45
44.375
44.939
44.996
44.819
44.966
44.957
44.943
44.693
44.945
45
44.998
44.975
44.673
44.966
44.605
44.523
44.934
44.97
44.951
38.4
44.488
44.997
44.971
44.615
45
44.954
44.806
44.747
44.784
44.401
38.769
44.961
44.952
44.952
44.968
44.484
44.659
44.455
37.848
44.631
44.972
44.61
45
44.971
44.532
44.788
45
44.997
44.996
44.947
44.997
44.997
44.496
44.97
44.937
44.979
44.998
44.997
44.972
36.503
44.77
44.947
44.997
44.757
44.689
44.959
45
45
44.355
44.669
44.998
44.966
44.757
44.959
44.701
44.996
44.997
44.477
44.997
44.943
45
44.659
44.686
44.495
44.951
44.811
45
45
44.827
45
44.944
44.736
44.643
44.816
44.769
40.672
44.757
44.467
44.344
44.388
44.797
44.674
44.949
44.802
40.422
44.544
44.822
45
44.972
44.571
44.96
36.503
44.772
44.806
44.955
44.997
44.997
44.69
44.467
44.997
44.998
45
43.318
44.997
45
44.781
44.998
38.715
44.464
45
39.739
37.138
44.816
44.949
44.336
44.997
44.939
44.786
35.927
44.997
38.683
44.705
44.948
44.972
44.936
44.996
44.997
44.997
44.966
43.62
44.687
45
44.818
44.79
44.998
44.965
44.949
44.948
44.815
44.975
44.716
44.963
43.693
44.351
43.005
38.607
44.951
44.688
44.997
44.742
44.843
44.499
44.964
44.967
44.498
44.973
37.215
44.997
44.461
37.432
44.499
45
44.951
44.998
44.509
45
44.386
44.427
44.972
44.963
44.938
44.997
44.937
44.348
38.942
44.967
44.997
45
44.958
43.154
44.946
45
44.979
44.962
44.428
44.395
44.799
44.968
44.326
44.981
44.956
45
45
44.696
42.971
44.77
44.997
44.944
44.721
44.786
45
44.762
44.837
44.749
44.997
44.976
45
44.933
44.638
44.707
44.998
44.978
43.176
44.767
44.554
44.293
37.32
43.254
44.315
44.704
44.642
44.997
44.998
44.996
44.739
39.013
42.525
44.949
37.554
45
37.864
44.447
44.998
44.978
44.937
44.998
44.998
44.996
44.998
44.968
44.997
44.958
36.816
44.58
44.808
44.4
43.05
44.835
37.842
44.318
44.689
44.42
44.755
44.997
44.997
44.347
44.678
45
44.959
44.519
44.736
44.664
45
40.518
44.941
44.941
44.997
44.945
43.485
45
45
44.942
44.997
44.977
44.71
44.958
44.42
44.997
44.728
44.997
44.657
44.997
44.952
44.983
43.099
42.703
44.804
44.517
44.793
37.14
44.95
44.602
42.988
44.955
36.867
45
42.511
44.965
44.997
44.325
44.764
44.717
43.335
44.996
44.979
44.996
44.998
44.566
44.433
44.438
44.997
44.685
44.97
45
45
44.519
44.602
43.268
44.957
44.997
44.701
44.973
44.965
44.384
44.965
44.998
44.185
44.562
44.68
37.961
44.997
44.997
44.961
44.476
44.998
44.965
44.951
44.996
45
44.69
44.401
44.751
44.421
44.492
38.018
44.998
44.947
38.014
45
44.95
44.958
44.402
44.948
44.503
44.945
44.439
45
44.827
44.95
44.466
44.953
44.953
44.827
44.695
44.701
45
44.743
44.963
44.589
44.998
44.961
43.124
44.998
44.749
44.962
44.359
44.648
42.952
44.997
35.968
45
44.959
44.723
44.743
44.997
44.964
36.692
39.923
44.375
37.197
44.998
44.435
45
44.997
44.997
44.997
44.997
44.997
44.998
44.83
38.032
44.996
44.638
36.187
44.678
44.814
44.343
44.947
45
44.955
45
44.73
44.731
42.984
44.685
36.339
44.962
45
45
44.962
44.971
44.814
44.997
44.997
44.822
44.974
45
45
36.602
44.961
45
45
44.415
44.998
44.642
44.965
44.781
45
44.853
44.946
44.406
39.988
44.56
44.997
44.645
44.998
44.511
44.633
41.735
44.997
44.997
44.508
44.321
45
44.998
44.998
44.34
44.68
36.193
44.966
44.317
44.803
44.517
44.412
44.948
44.943
44.959
44.389
44.997
37.172
45
44.972
44.702
39.57
44.962
44.956
43.033
44.548
44.685
44.997
37.978
45
35.707
44.967
42.897
39.598
44.998
44.942
42.875
44.973
44.495
44.997
42.647
44.542
44.615
44.825
44.997
44.95
44.962
44.487
42.685
44.752
45
44.668
44.655
45
44.964
44.714
44.812
44.712
44.746
44.935
44.997
44.997
45
44.998
44.718
44.998
44.976
45
44.358
44.501
44.473
44.963
44.696
45
44.532
44.536
35.545
38.682
44.934
44.7
44.959
44.445
44.955
44.466
44.527
39.38
44.972
44.783
44.531
44.458
45
44.81
44.967
44.953
44.998
44.948
44.997
44.777
44.661
44.946
45
44.997
44.681
37.372
44.973
44.832
44.158
44.82
45
44.997
45
38.333
44.277
44.691
45
43.321
44.977
44.28
44.95
44.454
44.962
36.857
44.996
44.297
44.997
44.802
44.436
44.543
44.997
44.997
44.997
44.998
38.974
44.398
44.429
44.963
42.294
44.647
36.196
38.368
44.997
44.955
44.784
44.306
44.998
44.975
44.429
44.679
40.292
44.784
44.438
44.694
44.971
44.802
45
44.377
44.514
44.668
44.722
44.997
44.943
38.475
44.954
44.759
44.958
44.997
44.641
44.714
44.517
44.965
42.491
36.508
44.595
44.676
44.997
38.659
36.192
44.962
44.946
44.697
44.96
44.949
44.967
44.516
44.817
45
44.97
44.998
44.284
44.808
44.997
44.366
45
44.967
44.998
44.969
45
44.997
44.957
44.998
44.72
44.79
44.966
44.841
39.844
44.979
44.496
44.834
44.761
44.968
44.961
42.881
44.958
39.698
44.945
45
44.956
44.182
45
44.793
44.997
44.662
44.703
39.53
45
44.454
44.662
44.714
44.996
44.956
44.947
44.616
44.563
44.934
44.998
45
44.303
44.816
44.634
44.941
44.968
44.361
44.969
45
45
45
44.381
44.443
44.754
44.997
44.752
45
45
44.954
44.5
37.401
44.969
44.965
44.998
45
43.403
44.584
44.635
44.53
45
35.67
44.963
44.651
45
38.503
44.934
44.962
44.997
39.997
44.478
44.353
44.431
44.781
44.44
39.17
44.694
44.963
38.728
44.751
44.997
36.642
44.96
44.973
44.64
40.09
43.084
44.968
44.501
44.962
44.377
44.945
44.791
36.733
44.523
44.391
44.998
43.144
44.753
45
44.809
44.997
44.774
44.928
39.705
44.997
44.943
44.968
44.44
44.93
44.783
44.997
44.564
45
44.997
42.959
44.997
44.624
38.594
42.812
44.968
44.997
44.969
44.963
44.266
44.389
45
44.998
44.971
45
44.75
44.217
44.997
44.794
44.95
44.773
44.998
45
45
44.802
44.766
44.943
44.963
44.394
44.815
44.997
44.937
44.962
45
44.998
44.552
44.997
44.976
44.952
44.811
45
44.966
44.467
44.235
45
44.73
44.95
44.996
44.754
45
44.997
44.964
44.974
44.359
44.832
45
44.773
44.601
44.956
44.964
44.721
44.742
44.623
44.978
44.975
44.651
44.955
45
45
44.577
44.651
45
44.944
44.961
43.026
35.26
44.949
44.951
40.015
44.936
38.779
45
44.414
39.893
45
44.965
44.948
44.512
44.998
44.37
44.669
38.609
44.998
45
44.965
44.954
44.447
44.964
44.998
44.78
44.945
45
44.8
44.98
44.789
44.997
44.772
44.347
38.429
44.746
38.232
45
44.997
44.997
44.715
44.997
44.793
44.842
45
44.697
45
44.997
39.369
44.662
44.469
45
44.997
44.997
44.814
44.964
44.966
44.954
44.401
36.895
44.997
44.67
44.972
44.97
44.38
44.998
45
44.997
44.834
44.386
44.997
44.785
44.615
38.931
44.972
38.351
44.955
44.368
44.725
44.971
44.582
44.997
44.97
44.996
44.956
45
44.978
44.292
44.498
44.997
44.997
44.969
44.959
44.955
44.962
44.997
45
45
44.731
44.942
44.996
44.959
44.755
44.812
44.997
44.997
44.997
44.965
44.997
44.998
44.597
44.731
44.606
44.945
44.855
44.997
44.964
44.997
45
44.997
44.783
44.961
44.959
41.112
44.659
45
44.997
44.637
44.998
44.967
44.78
44.997
44.754
44.397
44.997
44.962
44.645
45
42.729
45
44.997
44.997
44.959
39.268
44.702
45
44.569
44.997
44.878
39.736
44.383
36.598
44.997
44.693
44.997
44.971
44.997
44.971
35.56
39
44.979
45
44.709
44.477
44.45
44.967
44.674
44.817
44.813
44.968
45
44.694
42.67
44.79
44.471
45
44.997
44.96
42.857
44.959
44.998
44.483
42.958
44.972
44.46
44.997
44.997
44.799
40.549
44.781
44.821
44.952
44.685
44.935
44.957
44.511
44.997
43.073
45
44.96
45
43.588
44.997
44.952
44.95
37.715
44.997
44.962
44.974
44.762
44.997
44.997
44.706
38.516
44.975
45
44.948
44.997
44.268
44.777
44.718
44.62
44.705
44.578
44.958
44.998
44.653
45
44.297
44.627
44.779
45
44.658
44.781
44.679
45
44.996
44.997
44.485
44.963
44.265
42.584
44.956
44.83
42.89
44.997
43.062
45
44.96
39.41
44.963
44.348
44.699
45
42.56
44.946
44.679
44.996
44.959
44.95
44.671
43.504
44.932
42.888
44.395
44.322
38.667
44.459
44.997
44.958
44.646
44.486
44.977
45
44.537
38.598
44.998
44.981
38.424
44.493
44.701
44.997
44.996
44.773
44.828
44.462
44.956
45
43.254
44.996
44.938
44.631
44.954
44.66
45
44.933
44.928
44.997
44.972
44.723
45
44.938
44.415
44.971
44.96
45
44.625
44.792
45
42.953
44.997
44.712
44.961
44.969
44.748
44.763
44.955
44.796
44.963
45
44.849
44.997
40.109
44.748
45
42.862
44.961
39.782
44.765
44.443
44.997
44.964
44.684
44.954
44.723
44.958
44.642
44.444
44.997
44.965
44.769
40.624
44.462
38.805
44.998
44.667
42.772
44.963
44.996
44.94
44.835
44.943
35.727
44.996
44.952
44.963
44.997
44.997
44.411
44.641
44.806
44.939
45
45
44.671
44.96
42.949
45
44.971
44.959
44.49
44.793
44.795
44.776
44.998
45
42.861
44.697
35.282
45
45
44.816
44.997
44.98
44.981
44.997
45
36.654
44.997
45
45
45
44.686
44.561
39.624
44.825
44.997
44.805
44.998
44.959
41.109
44.951
44.946
42.932
44.961
45
44.677
44.791
44.945
44.976
44.526
44.997
44.432
44.39
44.951
37.798
44.823
44.642
44.944
44.964
44.799
44.591
44.597
45
44.947
44.652
44.962
44.934
45
44.743
44.702
44.95
44.961
44.626
45
44.688
45
44.695
44.379
44.323
44.438
44.464
44.943
44.524
44.703
44.782
44.631
35.926
45
45
44.243
44.78
44.672
44.824
45
45
44.806
44.846
44.997
45
45
44.997
44.795
42.862
44.753
44.386
44.949
44.997
44.507
44.787
45
44.417
44.976
44.217
44.969
44.791
45
44.996
44.552
44.962
44.967
45
44.326
44.964
44.666
38.514
44.687
44.997
44.505
44.939
44.379
35.708
44.997
44.446
44.752
44.973
38.715
44.719
44.97
45
44.945
44.807
45
44.997
44.955
44.802
44.707
37.273
44.951
44.204
44.942
44.642
44.399
44.315
44.969
44.997
44.973
45
44.996
44.817
44.971
44.819
44.975
45
44.418
44.968
45
44.649
44.737
44.969
44.715
44.997
37.005
42.868
44.641
42.787
45
44.998
43.31
44.997
44.954
44.998
44.684
44.997
44.971
44.619
36.096
42.589
44.614
44.745
44.87
44.657
40.609
44.971
44.998
44.731
44.783
44.998
44.97
44.524
44.996
44.466
44.635
44.621
44.774
44.961
45
45
44.932
44.997
44.997
44.508
37.084
44.371
44.97
35.544
45
39.326
44.432
44.98
44.215
44.953
44.634
44.999
44.969
45
44.972
44.951
44.997
44.996
44.979
44.998
45
43.28
38.676
44.996
44.959
45
44.727
44.535
44.951
44.996
44.974
44.808
44.998
44.997
44.863
44.81
44.722
44.942
44.655
45
44.836
44.997
44.633
44.996
42.7
44.997
44.655
44.946
44.67
44.997
44.97
44.616
44.295
44.944
44.955
44.996
44.376
44.967
44.966
44.759
44.997
44.97
44.997
44.729
44.952
36.458
44.786
44.699
44.996
44.958
37.859
45
44.997
35.617
44.45
44.998
44.997
44.957
34.931
44.501
38.131
44.941
44.974
43.035
44.728
44.679
44.682
44.996
44.808
44.461
38.777
45
40.108
44.944
44.997
44.969
44.996
43.065
44.782
44.997
44.808
44.962
44.797
36.621
44.966
44.966
44.964
44.998
44.936
44.763
44.791
44.997
44.968
44.557
45
44.964
44.997
42.595
44.998
37.875
44.707
44.969
37.413
44.773
44.278
36.512
35.298
45
44.998
44.998
44.924
39.964
45
44.308
44.997
44.38
44.998
44.936
44.999
44.79
36.514
44.967
44.555
43.29
44.996
44.954
45
42.646
44.997
42.569
44.253
36.103
44.796
44.997
44.558
44.949
44.96
44.97
45
44.965
44.711
44.969
45
44.947
44.611
44.997
44.825
44.959
45
44.958
44.998
39.405
44.73
44.973
45
44.997
45
44.961
44.753
44.665
44.964
44.965
44.983
44.687
44.942
37.47
45
44.997
44.407
44.998
44.998
44.322
45
44.958
44.44
38.929
44.997
44.997
44.519
44.707
44.796
44.947
44.94
45
44.967
44.955
44.997
44.927
39.658
45
44.451
45
35.24
44.96
44.929
44.955
44.839
44.613
44.818
44.583
44.435
44.786
44.964
44.787
44.997
45
44.961
35.273
44.662
44.649
44.973
44.863
44.996
44.678
44.659
44.779
44.695
44.997
44.398
44.945
44.662
44.957
44.979
44.998
44.96
45
44.974
44.998
44.962
39.512
44.997
44.997
44.608
45
37.628
44.708
45
44.998
44.389
44.998
44.973
44.997
44.837
44.784
44.965
44.836
43.129
45
44.759
45
44.645
44.953
44.963
44.805
44.961
40.871
44.561
44.964
37.56
44.961
44.757
44.647
44.964
44.997
44.574
44.973
44.972
44.839
45
44.975
44.973
38.766
44.997
44.597
44.446
44.997
44.851
44.998
44.442
44.996
44.998
44.558
44.672
44.68
44.65
44.795
44.94
45
42.546
44.997
44.5
44.971
44.997
44.766
45
44.997
45
44.963
44.997
44.73
44.97
44.213
44.666
44.962
44.972
37.507
44.967
44.636
44.997
44.312
38.602
45
42.948
44.539
44.997
43.367
44.656
45
44.997
43.487
44.385
44.878
44.426
44.308
42.822
44.997
44.97
44.96
44.385
44.968
44.849
42.876
44.434
44.617
45
38.335
44.965
44.763
44.727
44.932
44.997
44.949
44.954
39.809
42.241
44.944
44.963
44.997
44.997
44.642
34.331
44.965
45
38.201
44.997
44.963
44.671
45
44.951
44.98
44.415
44.763
44.758
44.754
44.997
44.997
45
35.215
44.998
45
44.691
44.978
44.998
45
44.817
44.997
44.463
45
44.972
44.949
44.997
44.444
45
44.953
44.792
44.964
44.972
44.997
44.954
45
44.971
44.265
44.965
44.998
44.781
39.426
44.563
44.999
45
44.997
44.612
45
44.573
45
44.996
43.012
44.964
44.996
44.968
44.736
45
44.997
42.814
44.962
44.433
38.975
44.998
44.631
45
44.839
44.953
44.971
44.998
44.972
44.667
44.794
44.953
44.965
44.998
44.967
44.475
44.944
44.732
38.704
44.997
44.333
42.953
44.935
44.453
45
44.973
45
44.524
44.656
44.432
44.958
44.998
44.412
44.997
45
44.997
45
44.949
45
44.69
44.504
44.997
44.978
44.997
44.969
44.8
44.6
44.963
44.941
45
44.309
44.976
44.998
44.947
44.812
44.976
44.978
44.296
44.842
44.54
44.659
44.396
44.96
45
44.583
44.801
44.997
44.767
44.332
45
44.411
44.956
44.373
44.956
42.84
42.246
44.998
44.952
44.791
44.781
44.997
44.815
44.997
44.775
44.709
44.41
39.916
44.796
44.972
44.965
44.832
45
45
44.981
44.997
45
45
45
44.966
44.997
43.157
44.942
38.195
44.936
44.41
44.998
44.997
44.967
37.721
35.757
44.939
44.837
44.775
44.966
44.648
44.805
44.976
44.683
44.997
44.325
44.735
44.241
44.333
44.997
44.96
45
44.973
44.597
44.97
44.998
44.569
44.491
37.766
44.793
44.79
45
44.509
45
44.615
44.972
44.996
44.823
44.998
44.974
44.998
44.775
39.829
44.674
44.591
44.997
44.947
37.082
44.997
44.812
44.74
37.188
44.965
45
44.997
44.698
44.975
44.974
44.462
44.958
44.997
45
44.972
44.635
44.675
44.942
38.479
37.623
44.975
44.812
44.317
45
44.933
43.052
44.997
44.352
44.717
44.63
39.336
44.935
44.963
44.959
44.628
44.97
44.7
44.948
44.96
44.951
43.391
44.97
44.673
44.849
44.652
45
44.811
44.786
44.997
39.56
45
44.494
44.997
44.927
44.972
44.527
44.735
44.932
44.727
44.963
44.758
45
44.429
42.721
44.977
44.958
44.549
42.5
44.561
38.87
45
44.997
37.87
37.804
44.966
44.965
44.825
44.812
39.492
44.953
45
36.831
44.437
45
44.806
44.997
45
44.957
44.998
44.638
44.967
44.975
44.957
44.714
45
44.3
44.964
44.997
44.828
44.63
44.655
44.404
44.949
44.947
44.963
44.939
44.95
44.826
44.968
44.591
44.442
44.937
45
44.966
44.952
44.998
44.678
45
44.813
44.973
44.998
44.711
44.686
44.997
44.838
44.958
44.967
44.997
44.855
44.972
45
45
44.366
44.998
44.997
44.972
44.619
44.371
44.998
44.972
45
44.799
44.936
44.997
44.985
45
44.998
44.998
44.968
44.452
44.557
43.157
44.762
44.965
44.698
44.997
45
44.341
45
44.968
44.978
44.965
44.959
44.998
44.951
44.727
44.738
44.968
44.998
44.967
45
44.962
44.731
44.694
44.999
44.676
44.97
44.934
40.077
43.105
45
44.761
44.612
44.964
44.999
38.017
44.688
43.045
44.712
44.651
44.997
44.967
45
44.964
42.796
44.953
45
44.997
42.999
44.961
45
44.97
44.98
42.823
44.654
44.98
44.951
44.736
44.972
44.997
35.882
45
44.609
44.959
44.705
44.757
44.967
44.275
45
37.805
45
44.997
44.739
44.997
44.476
44.544
44.329
43.125
44.253
44.947
45
44.998
44.366
45
43.644
44.996
44.611
44.955
44.411
44.72
45
44.971
44.739
38.913
44.998
36.954
44.948
44.729
44.56
44.958
38.963
44.997
44.946
44.666
44.755
45
44.396
42.329
44.496
44.553
40.879
44.585
44.819
44.967
45
44.966
44.997
44.532
44.96
44.81
44.613
44.973
44.853
44.83
44.972
44.321
44.961
44.964
44.973
44.649
44.969
44.965
44.64
44.967
44.579
44.698
44.812
44.949
44.953
42.854
44.475
44.469
44.98
45
42.557
44.964
43.024
44.997
45
44.963
38.127
45
44.997
44.95
45
44.997
44.567
35.151
44.963
44.952
44.692
44.998
44.476
44.783
44.944
45
44.792
44.439
44.773
36.656
44.997
44.397
44.969
43.232
44.764
44.737
45
35.301
44.972
45
44.982
44.997
41.016
39.045
44.301
44.997
44.963
45
44.964
44.964
36.011
35.752
45
44.996
44.997
45
44.969
44.972
44.519
44.438
44.827
44.483
45
44.964
44.709
44.966
44.927
44.998
44.965
44.997
44.714
35.424
44.946
44.601
44.97
44.59
44.943
45
45
44.942
44.95
44.788
44.85
44.453
44.793
44.971
44.793
45
44.484
44.775
45
44.811
44.951
38.059
43.177
44.998
44.595
44.451
44.784
44.997
44.964
44.792
45
44.961
45
44.966
45
44.956
44.828
44.965
44.695
44.977
42.699
44.996
44.997
45
44.765
42.946
44.361
44.97
44.997
44.981
44.406
44.997
45
44.779
44.637
44.319
35.972
38.754
39.732
44.584
44.685
44.951
45
44.996
44.996
45
37.202
44.997
44.997
44.629
44.96
44.975
44.711
44.946
44.998
44.972
44.948
45
45
44.972
37.17
45
44.997
44.998
44.679
44.499
38.031
44.97
36.955
36.721
45
44.411
44.961
44.7
44.97
44.929
44.241
44.948
44.998
44.998
44.642
44.997
44.97
44.398
42.45
38.666
44.997
45
42.779
44.996
44.5
44.657
44.731
44.998
44.651
44.95
44.955
45
44.808
44.7
44.482
44.707
44.968
44.997
45
44.934
44.997
44.997
44.676
39.675
37.528
44.951
44.617
44.998
44.949
44.997
44.965
44.363
45
44.996
44.803
44.998
44.998
44.516
44.544
45
44.798
44.946
44.975
44.936
44.56
44.368
43.257
44.997
43.14
41.126
36.434
44.742
44.998
44.794
36.945
44.969
38.876
44.535
44.997
44.668
42.768
44.935
45
44.591
44.714
44.97
38.289
44.998
44.753
44.97
44.996
35.757
45
44.719
45
44.774
44.475
44.997
44.709
44.952
37.827
44.963
44.738
44.997
44.767
44.939
44.942
44.695
44.759
44.959
44.799
44.731
44.997
44.997
44.883
44.761
44.962
44.971
44.853
44.583
44.441
44.997
44.997
44.974
45
44.967
39.902
45
44.962
44.828
45
45
44.949
44.268
45
45
44.504
44.97
44.962
39.706
44.426
44.366
44.34
45
45
44.319
44.563
44.855
42.754
43.219
44.344
44.73
44.959
44.997
45
44.664
44.642
44.958
36.505
44.424
44.997
39.832
44.251
44.953
45
44.95
44.967
44.759
45
44.997
44.957
44.751
44.998
44.997
44.997
45
38.881
37.139
37.58
44.818
36.48
44.997
44.953
44.616
44.997
44.944
44.998
44.668
44.818
45
45
44.962
45
44.965
44.997
44.96
44.998
44.956
44.979
43.132
42.901
42.867
44.749
45
44.958
44.997
44.569
44.309
44.722
44.8
44.709
37.355
44.998
44.636
33.909
45
44.929
45
44.945
44.679
44.998
44.952
44.961
44.732
36.911
44.945
44.718
44.976
44.998
36.417
44.799
44.956
44.997
44.292
44.455
44.954
45
44.765
44.997
45
44.964
44.979
44.968
44.76
44.96
44.947
44.664
45
44.936
44.646
44.799
42.737
44.997
44.986
44.35
44.957
45
44.674
44.734
44.964
44.941
44.693
44.997
38.78
44.816
44.69
44.955
44.997
44.703
43.124
44.656
44.997
45
44.997
44.998
42.965
44.966
44.935
44.997
44.722
45
45
44.997
42.54
44.289
44.972
44.997
43.172
44.978
44.969
42.86
44.695
44.787
45
44.796
44.781
36.553
44.935
45
44.96
44.996
44.948
44.691
45
42.673
44.451
36.046
44.416
44.968
44.968
44.997
44.738
44.772
44.666
44.271
44.475
44.423
44.998
45
44.449
44.997
44.97
44.77
38.568
42.383
45
42.688
44.976
44.625
44.62
45
44.675
44.78
44.997
44.997
44.998
45
44.996
44.966
44.673
45
45
44.95
44.958
44.435
44.789
45
45
44.959
44.966
37.045
44.957
44.713
44.686
44.573
44.998
44.178
44.997
44.675
45
44.477
43.007
44.581
44.969
44.956
44.74
44.36
38.754
44.647
45
44.953
44.997
45
44.944
44.948
44.997
44.96
44.961
35.991
44.965
35.641
42.828
44.509
44.965
45
44.955
44.797
44.716
45
36.179
44.793
44.728
44.767
44.701
44.273
44.981
44.959
44.953
38.182
45
37.466
36.298
37.6
44.467
45
37.577
45
44.551
44.999
44.997
42.799
44.461
44.997
44.997
45
44.823
44.996
44.586
44.708
44.986
44.855
44.997
44.998
44.959
39.842
44.772
44.998
45
44.953
44.798
44.97
44.715
43.239
44.677
44.974
45
44.997
44.328
44.967
44.954
44.689
44.657
44.967
44.952
44.998
44.954
44.577
45
44.372
44.997
44.313
44.674
44.722
44.966
44.495
44.97
44.766
44.778
44.963
44.431
42.651
44.997
44.727
44.997
44.493
36.835
44.779
44.996
44.998
44.998
44.958
44.983
44.973
44.998
44.529
44.957
44.795
44.976
44.636
39.357
44.969
42.167
44.417
44.692
44.367
44.952
44.252
42.683
44.656
44.996
44.619
44.965
45
44.973
42.009
45
44.998
44.609
44.968
44.971
44.943
44.968
44.66
44.997
36.288
44.997
44.837
44.684
40.336
44.499
44.967
38.111
44.511
44.66
45
45
45
43.095
45
44.971
44.997
44.552
44.97
44.997
44.957
44.998
45
44.997
45
45
44.997
44.946
45
44.771
44.998
44.972
44.18
44.964
44.445
44.962
44.623
44.937
44.98
38.345
44.763
44.686
44.941
44.971
44.691
44.748
39.037
45
45
44.447
44.7
38.913
44.997
45
44.754
44.968
45
45
44.274
44.998
44.758
44.547
44.981
44.996
44.996
44.666
44.998
44.865
44.784
44.997
44.966
37.444
45
44.724
44.997
44.997
44.963
44.714
44.969
44.693
44.944
44.615
44.774
44.947
44.956
44.997
39.3
44.951
44.998
34.461
44.969
45
44.997
44.36
44.96
44.59
44.671
44.967
44.946
44.997
44.998
44.997
45
44.426
44.84
44.951
44.947
44.998
44.954
44.621
44.969
43.223
45
40.316
44.959
44.458
44.689
44.963
45
44.58
38.207
44.501
44.797
44.952
44.414
44.606
44.444
44.946
44.996
43.457
44.956
44.967
44.434
44.951
44.94
42.82
44.998
44.829
45
44.997
44.948
44.731
44.429
44.997
44.811
44.309
44.961
44.949
44.559
44.601
44.998
44.937
44.708
45
44.997
43.166
44.958
44.948
44.75
44.82
45
44.294
44.966
44.931
40.038
45
44.969
44.963
44.636
44.524
44.696
35.358
44.671
44.972
36.846
44.951
44.977
44.997
44.82
44.816
44.997
44.962
44.997
45
44.677
44.646
44.575
44.262
44.997
44.962
44.658
44.687
44.969
44.998
44.997
36.604
37.603
44.614
44.998
44.996
44.962
44.343
44.96
45
45
44.971
44.759
44.997
37.755
44.817
42.753
44.997
44.185
44.694
44.601
42.842
44.997
44.966
44.966
36.525
44.932
44.789
44.961
44.385
44.997
44.998
44.708
45
45
44.968
44.587
44.433
44.997
44.6
44.947
44.964
44.755
44.793
45
44.773
44.359
43.483
44.757
44.997
44.997
38.417
44.941
44.966
44.998
44.664
39.503
44.968
44.311
44.596
44.426
44.997
44.718
44.476
44.973
44.488
44.926
45
45
44.998
44.972
44.961
44.926
44.819
37.569
44.973
44.489
44.969
44.96
44.997
44.968
44.98
44.967
44.997
44.659
44.673
44.952
44.631
44.998
44.981
44.488
44.97
45
45
44.55
40.23
44.966
44.951
44.998
44.934
44.972
44.998
44.997
44.996
44.695
44.996
44.687
44.94
44.376
45
44.966
44.963
44.337
44.386
44.997
44.684
44.538
44.961
45
45
45
44.83
44.955
44.996
43.366
44.998
45
44.795
44.635
39.623
44.772
44.979
44.997
44.974
44.351
44.948
38.231
40.209
45
44.786
44.959
44.997
44.958
38.605
44.94
44.628
44.998
44.946
44.323
44.998
44.95
44.598
44.997
44.768
44.821
45
44.949
44.776
44.941
42.885
41.127
36.776
44.65
37.446
44.97
44.998
44.628
45
44.961
44.998
44.758
44.997
45
45
44.975
45
44.997
39.952
44.779
44.939
44.997
44.269
45
44.637
44.966
44.974
44.327
38.485
44.971
44.996
44.998
44.957
44.669
43.197
45
44.975
44.371
44.489
44.932
39.92
44.679
44.997
44.998
44.788
44.971
44.963
44.998
44.944
36.076
44.558
44.385
44.98
44.974
44.969
44.694
44.949
44.963
45
44.998
44.785
44.997
44.981
44.971
36.451
44.985
44.997
44.318
36.18
45
44.483
44.971
44.979
44.343
44.969
44.761
44.683
45
44.845
44.226
45
36.969
44.756
44.681
44.48
44.997
44.759
44.488
44.504
44.997
44.934
44.996
44.997
44.484
43.223
43.25
44.966
44.742
44.497
44.998
44.969
42.776
45
45
45
44.726
42.593
44.971
44.954
44.973
44.997
44.804
44.975
44.656
39.903
45
45
45
44.552
44.711
44.94
44.97
44.963
44.676
44.982
44.964
37.246
44.97
44.356
44.67
44.965
44.997
45
44.997
36.477
44.943
45
44.967
44.997
44.997
44.558
45
44.951
45
37.475
44.258
37.054
44.939
44.936
44.997
44.829
42.942
44.963
44.392
44.439
44.934
42.677
44.998
44.811
44.997
44.833
44.964
45
44.965
45
44.796
44.962
45
44.997
44.807
45
45
44.822
44.825
44.865
44.998
44.938
45
44.996
42.51
44.943
44.454
45
44.739
44.943
44.951
45
44.968
44.647
44.745
37.818
44.997
44.758
44.392
42.904
44.975
44.998
44.668
38.479
45
44.948
44.339
44.8
44.961
44.997
44.947
43.066
44.948
43.073
44.464
44.969
44.96
44.964
44.683
45
45
44.971
44.541
44.47
44.97
44.625
44.77
44.997
44.997
42.805
44.813
37.957
44.308
44.969
44.997
42.471
36.864
44.268
44.922
44.997
44.998
45
44.997
45
44.708
44.972
44.832
45
44.747
42.622
44.816
44.932
44.632
44.997
44.558
44.997
44.997
39.864
44.423
44.961
44.952
35.492
40.119
44.753
39.267
44.996
44.733
44.998
45
44.969
38.768
44.997
44.971
38.405
44.678
45
45
43.209
44.338
44.545
43.266
40.063
42.976
44.967
44.936
44.748
44.997
44.946
45
44.346
44.827
44.681
44.794
42.63
44.961
44.953
44.359
44.715
44.656
44.43
44.777
44.802
45
45
44.354
44.679
44.635
44.998
44.385
44.961
44.999
44.976
44.797
44.978
45
44.953
44.732
44.805
44.974
44.998
44.971
44.933
44.96
36.2
45
44.757
44.967
44.48
44.428
38.681
44.638
37.944
44.973
44.997
44.672
44.802
39.934
44.765
44.694
44.372
44.948
44.998
44.636
35.361
44.962
44.955
45
44.997
44.969
44.998
45
44.792
44.554
44.312
44.972
45
45
44.996
44.605
44.327
44.997
44.997
44.959
44.507
44.69
44.998
44.998
44.761
44.39
44.997
44.997
45
44.949
44.947
44.964
44.695
44.966
44.492
44.977
44.997
44.759
44.82
44.942
44.8
45
44.658
44.954
45
44.96
44.998
39.734
43.45
37.625
45
44.566
44.979
38.636
44.667
40.758
37.024
44.997
44.766
44.769
44.478
44.934
44.96
44.289
44.965
45
39.833
44.799
44.964
44.947
39.839
45
44.617
44.997
37.931
44.998
44.946
44.833
44.955
44.97
44.833
44.949
44.997
44.957
44.722
44.717
44.782
44.998
44.997
44.946
44.997
45
44.997
44.997
44.971
44.951
44.968
44.822
44.83
44.712
45
44.43
44.514
44.457
44.998
44.674
36.417
45
36.081
44.789
44.932
44.998
44.82
44.958
45
45
45
44.998
44.712
39.323
39.573
45
44.997
44.752
44.794
44.785
45
44.984
44.215
44.969
44.822
44.832
44.781
45
44.966
44.997
44.979
44.358
44.774
44.77
44.7
44.969
44.997
44.757
45
44.387
45
44.997
44.801
39.039
44.941
44.972
44.685
45
44.974
44.637
44.662
44.966
44.807
44.998
44.292
44.997
44.996
44.756
44.663
36.445
44.997
44.488
44.941
44.735
42.954
44.86
44.931
44.93
44.651
44.943
44.964
44.802
45
44.714
44.668
44.45
44.652
38.867
45
44.976
44.7
44.997
44.967
44.565
38.445
45
45
45
44.745
44.284
42.898
39.024
44.997
44.96
44.996
44.941
45
44.965
44.653
44.598
39.855
45
44.959
44.962
44.484
44.996
44.972
41.349
44.965
44.999
44.836
44.701
44.6
44.779
44.719
44.947
44.461
44.482
44.605
44.941
44.997
37.941
44.997
44.997
44.966
45
36.692
44.271
44.997
44.997
35.458
44.391
45
37.058
45
44.972
44.692
44.996
44.629
44.997
44.505
44.961
38.913
37.716
44.331
45
44.955
44.734
44.759
38.933
44.751
44.998
45
43.367
44.969
44.966
44.753
44.507
44.972
45
44.77
44.755
44.801
44.966
44.964
44.799
44.966
44.998
44.6
44.935
44.802
44.964
45
44.996
44.959
44.957
44.997
44.822
37.7
44.981
45
44.997
44.308
44.735
45
44.772
44.844
45
44.939
44.997
41.183
38.542
44.958
37.535
44.433
44.645
44.615
44.963
44.997
44.538
44.847
44.965
44.698
44.602
44.75
44.997
44.782
45
44.975
45
44.998
44.844
45
43.375
44.765
44.997
42.445
44.717
45
45
44.794
44.962
35.951
44.26
44.938
44.937
44.968
42.939
37.426
44.709
44.968
45
44.489
44.997
44.943
44.766
44.998
44.768
44.727
44.997
44.943
44.72
44.718
44.946
45
44.965
44.825
44.955
44.945
44.998
44.838
44.962
44.432
44.944
44.955
44.388
43.209
44.997
44.77
44.74
44.354
44.961
44.997
45
44.788
44.965
44.638
44.957
36.329
44.619
44.545
39.598
44.78
43.363
44.362
44.949
44.447
44.831
44.534
44.996
44.997
44.996
44.546
44.697
44.963
44.964
44.997
44.997
40.298
44.977
44.671
44.81
44.998
44.998
44.691
44.999
44.646
44.997
44.582
44.949
44.996
44.77
44.965
44.299
44.383
44.527
44.826
44.997
44.851
44.965
44.577
37.977
44.789
45
44.362
44.978
45
44.998
44.782
44.336
44.678
44.478
44.965
44.609
44.479
44.685
44.468
44.491
44.959
44.516
45
44.631
44.997
45
44.936
44.957
44.815
44.705
44.967
44.935
44.957
44.96
40.205
44.642
45
44.374
45
44.997
42.962
44.968
44.961
44.94
44.996
44.355
44.997
44.791
44.339
44.955
44.78
43.141
44.797
38.656
44.959
44.965
45
44.997
45
44.996
37.747
44.84
44.733
44.998
44.966
44.998
38.733
42.873
44.996
44.207
44.998
44.724
44.289
44.997
44.971
44.811
44.969
44.814
44.956
44.837
45
44.997
45
44.997
44.971
44.997
44.969
44.806
44.777
44.997
44.679
44.955
38.283
39.433
44.942
44.974
45
44.959
44.997
44.997
44.966
44.826
44.843
45
44.496
38.805
45
45
44.933
44.79
44.998
44.356
44.838
44.997
45
43.052
44.967
44.998
44.998
44.996
44.951
44.623
44.69
44.96
44.807
45
44.969
44.998
45
44.961
44.389
44.962
44.961
44.997
42.61
44.998
45
44.951
44.951
44.288
45
44.643
44.821
44.939
44.465
44.784
44.998
44.954
44.997
44.358
40.448
45
45
44.689
44.697
44.675
44.974
44.947
39.721
40.06
44.959
45
44.978
44.475
44.997
45
44.966
44.424
44.162
44.937
44.997
44.224
45
44.998
45
43.167
44.47
44.997
44.996
45
44.982
44.657
37.701
45
44.661
44.691
39.178
44.959
44.325
44.211
44.358
44.971
44.997
44.997
44.97
44.977
44.828
39.012
44.817
44.488
44.966
44.784
44.706
44.969
44.941
43.233
44.803
45
44.997
45
44.623
35.996
44.644
44.807
38.042
44.997
44.997
45
43.205
44.382
44.63
45
44.755
44.773
44.949
44.815
45
44.976
44.94
35.207
39.747
44.973
40.097
43.491
35.147
45
45
45
44.808
44.962
44.806
44.757
44.564
44.459
44.997
44.775
44.966
37.088
40.66
44.998
37.927
44.952
44.386
44.959
44.969
44.998
44.815
45
44.797
45
44.976
45
44.996
44.857
44.764
44.966
45
44.68
44.421
44.997
44.932
44.998
45
44.951
45
44.969
44.997
44.997
44.955
36.177
44.733
44.719
44.963
44.997
44.965
39.67
44.79
44.968
44.972
45
36.509
44.998
44.973
45
43.181
44.685
44.371
44.997
44.974
44.943
44.768
44.997
44.998
44.292
44.973
45
42.852
44.997
44.973
45
44.863
44.787
44.807
44.972
44.707
44.998
44.659
44.997
37.556
38.73
44.975
44.664
45
45
42.489
44.46
44.416
44.997
44.525
44.621
42.835
44.961
44.96
43.132
44.951
44.629
44.998
44.692
44.997
44.772
44.684
44.96
39.937
44.792
44.679
44.997
44.709
37.2
35.074
44.933
45
44.66
42.81
45
44.731
44.996
44.976
44.756
44.49
44.996
44.998
44.997
44.998
44.644
44.725
43.07
44.997
42.556
44.997
45
45
44.997
44.998
44.707
44.998
44.582
44.998
45
44.477
44.959
45
44.975
44.199
45
36.385
44.805
44.976
44.997
44.51
44.732
44.933
44.72
34.957
44.718
44.966
44.445
45
36.3
44.954
44.757
45
44.27
44.941
44.997
44.835
44.998
45
44.982
44.997
39.771
44.68
44.781
36.359
45
45
44.973
44.953
44.642
44.767
45
44.997
44.581
37.341
44.792
45
44.371
44.966
39.542
36.1
44.997
44.997
44.581
44.369
44.73
44.964
44.618
44.458
44.947
44.996
44.964
44.966
44.533
44.976
44.653
44.82
44.998
44.403
44.996
44.97
44.997
43.393
44.716
37.602
44.996
44.94
44.757
44.974
44.491
44.972
44.553
42.767
44.996
45
44.964
44.719
44.515
44.736
44.97
44.629
44.658
43.073
44.954
44.562
44.944
44.276
37.527
44.676
44.996
36.483
45
44.997
44.998
45
44.998
44.954
44.936
44.568
44.472
44.997
44.406
44.977
44.962
44.69
44.838
44.732
44.96
35.231
44.68
44.977
44.673
44.964
44.998
45
44.969
42.755
44.769
44.944
44.792
44.371
45
39.269
45
43.026
45
44.808
44.997
44.998
44.836
45
44.542
44.972
44.671
44.71
44.997
44.813
44.946
44.951
45
44.967
44.72
44.342
45
44.565
44.996
44.947
44.959
44.967
44.965
44.944
43.118
44.212
37.07
44.977
45
44.997
44.98
44.76
44.997
44.974
44.971
44.978
45
42.413
44.948
44.693
44.678
44.284
45
38.561
36.138
44.752
44.678
44.972
44.407
35.684
42.846
44.255
42.811
44.693
44.974
44.969
44.656
40.106
44.972
44.373
45
44.744
45
44.997
44.952
44.997
44.974
44.96
44.422
44.959
44.701
44.996
44.68
44.671
44.947
44.968
43.152
44.626
44.997
44.952
44.241
44.997
44.953
44.698
44.997
44.856
44.953
45
44.551
44.247
45
44.784
44.815
44.998
40.014
44.431
44.756
44.975
44.971
44.997
44.935
37.995
44.834
44.283
44.639
35.823
44.495
45
44.804
45
42.96
45
44.637
42.842
44.974
44.33
44.966
44.72
44.95
44.435
45
44.997
44.951
45
44.952
45
44.781
44.945
44.969
35.652
44.997
44.75
44.968
44.962
44.987
44.976
44.996
44.998
44.951
44.967
44.642
45
44.968
44.997
44.998
36.767
44.707
44.997
44.997
44.963
45
44.997
44.677
44.556
44.776
44.974
44.997
44.789
37.358
44.971
44.834
45
45
45
44.527
44.963
44.322
44.971
44.689
44.873
44.972
44.96
40.382
44.54
44.964
45
44.784
45
44.617
44.98
44.997
38.322
37.296
44.956
40.111
44.681
45
44.999
44.236
44.637
44.977
44.49
40.064
44.361
44.997
44.793
44.967
44.997
45
44.998
45
44.826
45
44.947
44.997
44.748
44.997
44.95
44.998
44.691
45
44.998
44.727
44.669
44.998
44.972
45
44.929
44.953
44.432
44.968
44.623
44.816
44.759
44.997
44.802
44.971
44.97
44.972
44.701
44.998
45
44.997
44.965
44.943
44.684
45
38.104
44.458
45
45
44.998
44.373
44.997
44.962
44.957
44.97
44.281
45
39.541
45
44.968
44.998
44.971
44.997
45
38.581
44.971
45
43.232
44.438
44.699
44.998
44.662
44.963
44.414
44.39
44.751
44.945
44.997
39.578
44.725
44.577
44.997
44.761
44.692
42.637
44.743
44.969
44.665
44.971
44.998
44.997
44.997
36.873
44.942
44.411
44.955
44.714
44.787
44.997
44.796
45
44.8
44.77
44.997
44.997
44.848
44.971
44.962
44.947
44.702
44.96
44.806
44.953
45
44.654
44.997
44.956
44.958
44.977
44.943
45
44.667
44.735
44.806
44.963
44.968
44.952
44.95
44.741
44.308
44.681
44.967
44.396
44.939
44.998
44.301
44.375
45
44.764
44.973
44.674
44.947
44.59
44.746
42.726
44.797
45
44.801
35.081
38.468
45
36.997
39.476
44.997
44.804
45
44.998
44.962
44.96
44.94
45
44.966
35.758
44.694
42.81
44.804
44.966
44.973
45
44.966
45
44.405
45
44.997
45
38.379
44.997
43.304
44.933
44.958
45
45
44.634
44.997
44.477
45
43.159
44.969
45
44.997
44.322
44.953
44.969
44.772
44.732
44.997
44.997
45
44.657
44.998
44.796
44.939
44.975
44.997
43.306
42.967
44.788
44.967
37.009
44.962
44.341
44.66
45
36.942
45
44.769
44.998
45
44.96
34.684
44.416
44.566
44.997
45
44.667
43.243
44.967
44.998
44.765
44.65
45
44.736
44.958
44.974
44.997
44.776
44.667
44.997
44.948
44.707
44.997
44.806
44.997
44.945
44.951
44.998
45
44.945
44.96
44.787
45
44.997
44.971
44.944
44.502
44.969
44.785
44.789
44.567
44.801
44.959
45
44.824
44.658
45
36.034
36.567
44.552
44.302
44.948
44.408
38.768
44.998
44.422
44.515
44.679
44.967
45
44.667
44.349
44.998
37.517
44.997
44.997
43.077
38.248
44.678
44.632
44.606
44.493
45
44.952
44.652
44.997
43.039
44.996
44.997
44.996
45
44.959
44.997
44.931
43.236
44.523
44.972
44.568
44.944
44.681
44.966
42.529
44.997
44.771
44.969
40.198
44.956
43.129
44.998
44.998
44.997
44.962
44.818
44.36
44.997
44.944
44.958
44.997
44.729
44.998
44.996
44.998
44.945
44.973
35.873
44.997
44.97
44.753
45
45
44.824
44.335
44.971
45
44.517
38.714
44.962
44.677
45
44.482
44.974
44.422
39.186
44.827
44.959
44.954
44.997
44.794
44.704
44.778
39.092
39.12
45
43.191
44.997
44.997
45
43.02
44.964
44.615
44.954
44.961
44.678
44.977
42.907
44.997
45
35.428
44.503
44.939
37.599
44.949
44.97
44.635
44.972
44.997
44.955
38.804
44.442
44.653
44.997
44.828
44.958
44.997
44.712
44.997
43.317
44.95
45
44.96
45
44.97
44.997
44.972
44.937
44.971
44.516
44.998
44.349
44.776
44.997
44.961
40.387
44.664
44.965
44.976
44.961
44.974
44.998
44.433
44.476
44.998
37.056
44.463
44.996
44.758
44.786
44.972
44.965
44.781
43.299
37.226
44.971
44.954
45
44.684
44.998
44.941
44.998
44.433
44.731
44.315
45
44.963
44.314
44.973
44.801
44.977
44.956
44.227
44.963
45
44.81
44.509
38.553
44.953
44.964
44.997
45
44.951
44.59
44.997
44.47
36.202
45
44.811
39.314
44.966
44.962
44.974
44.997
40.198
44.821
44.815
42.86
45
45
44.997
44.355
45
44.806
44.957
44.739
44.997
45
44.973
45
45
45
44.428
44.691
44.997
44.733
44.998
44.997
44.858
44.931
44.721
44.997
44.27
42.769
44.935
44.975
36.932
44.763
44.996
45
44.977
45
44.43
44.971
44.343
44.97
44.248
43.077
44.952
44.478
44.998
44.264
44.998
44.997
44.211
44.432
44.618
44.716
45
42.99
44.519
45
45
44.678
44.97
44.668
45
44.967
44.961
44.682
44.974
44.78
44.998
44.997
45
44.972
39.082
45
45
44.97
44.96
38.803
44.734
44.801
44.679
40.409
44.336
44.688
44.94
44.963
44.963
45
44.963
44.997
45
44.524
44.428
45
35.899
44.476
44.968
44.985
44.69
44.697
44.973
44.996
44.424
44.98
44.831
38.994
38.442
44.6
44.44
45
44.737
44.736
45
44.681
44.699
44.982
44.774
44.997
44.997
45
44.8
37.055
44.327
38.803
44.951
44.997
44.997
44.998
44.997
44.971
38.284
44.976
44.253
45
44.998
45
44.344
44.952
44.997
44.693
44.652
44.997
44.502
44.964
43.145
44.58
44.426
45
43.065
44.95
44.749
44.996
44.81
42.932
44.967
44.959
44.87
44.997
44.762
45
44.482
44.794
44.379
44.545
44.996
44.409
44.703
44.738
44.955
44.672
36.057
44.547
44.677
39.379
45
44.343
44.964
44.49
44.963
44.551
44.679
37.325
45
44.997
44.966
44.701
44.685
44.41
44.997
44.957
44.997
44.971
44.654
44.954
44.997
44.997
44.802
44.962
44.679
44.954
44.964
44.805
44.819
44.966
44.965
44.997
42.605
42.475
44.706
44.952
36.98
44.781
45
44.71
43.047
44.998
44.997
44.348
44.974
43.058
44.997
44.998
44.997
45
45
45
44.799
44.997
44.997
37.036
38.79
44.958
44.698
44.967
40.405
44.95
44.962
37.13
42.852
44.608
44.934
44.403
44.961
44.724
44.978
44.98
44.966
44.475
44.954
45
45
37.94
35.883
44.941
37.165
45
45
43.593
44.655
44.997
44.869
44.937
44.772
39.053
44.765
44.998
44.958
44.997
44.719
44.559
44.724
44.556
44.999
44.965
44.416
44.96
44.958
44.997
44.948
44.774
44.957
44.625
44.956
35.795
44.997
44.705
44.735
45
39.495
44.967
45
44.845
44.958
38.78
44.97
44.817
44.946
44.951
44.726
37.502
44.685
44.959
44.408
44.493
38.787
44.963
44.966
44.997
44.997
42.575
44.997
44.973
44.951
44.705
44.998
44.837
44.94
44.634
35.9
45
44.834
44.997
42.682
44.694
41.14
44.393
44.868
44.998
44.962
44.997
44.976
44.702
44.839
44.951
45
44.783
45
44.7
44.295
44.951
37.979
44.997
40.894
44.966
44.684
44.961
44.997
44.998
44.976
44.997
40.484
44.997
45
37.101
44.809
45
44.997
44.973
45
44.365
44.37
44.626
39.353
44.967
42.982
44.997
44.79
35.672
44.573
44.996
44.998
44.342
44.811
41.161
44.509
45
44.447
45
44.667
38.895
44.781
44.723
45
44.953
44.791
45
45
44.997
44.798
44.996
45
44.997
44.712
44.996
44.965
44.861
44.193
44.954
44.981
45
44.998
44.998
45
44.958
40.196
44.967
44.376
44.948
44.965
40.153
44.791
44.733
36.483
44.35
44.943
44.997
44.797
44.997
44.947
43.393
44.401
44.919
43.147
44.943
44.646
44.969
36.857
44.717
44.997
45
44.997
44.442
44.737
45
44.714
39.611
44.832
44.967
44.946
44.965
44.681
44.706
38.596
44.997
44.32
37.437
44.954
44.435
44.814
44.74
44.997
44.966
44.432
44.811
44.973
44.997
44.962
44.972
44.997
44.959
44.959
44.628
44.997
39.067
44.968
44.996
44.741
45
44.708
44.762
44.317
44.97
44.959
44.496
45
44.962
44.791
38.639
43.07
44.7
43.03
39.198
44.777
40.448
44.997
44.937
45
44.351
44.997
40.237
45
44.998
44.97
39.635
44.997
45
44.955
40.75
42.864
45
44.508
43.157
44.782
44.767
44.814
44.969
44.712
45
44.966
44.474
44.969
45
44.998
44.921
45
44.379
45
44.742
44.466
44.582
44.763
45
44.963
38.088
44.781
44.998
44.975
44.973
44.653
36.77
44.966
44.935
44.441
45
44.678
44.673
45
44.997
44.85
44.783
44.998
44.944
44.964
44.794
44.975
44.998
44.506
44.539
44.73
45
45
44.971
44.966
39.257
44.613
45
44.998
44.949
44.973
45
38.031
44.838
44.804
44.714
44.74
44.978
44.932
44.971
44.963
44.977
44.685
44.956
44.997
45
45
45
44.559
44.97
44.48
44.997
44.996
44.962
44.967
44.997
44.998
44.75
44.998
37.627
43.381
44.785
44.938
44.786
42.379
44.638
44.965
45
44.733
44.963
44.441
35.636
44.7
37.261
44.968
44.989
44.996
45
44.957
38.263
44.441
43.324
36.287
45
39.565
44.553
45
44.742
44.997
44.237
44.439
44.967
37.053
45
44.997
44.955
44.781
44.681
44.964
43.348
44.692
44.688
44.293
44.561
44.454
44.953
43.19
44.7
43.17
44.998
44.721
44.574
44.959
44.815
44.973
43.478
44.552
44.958
44.948
44.363
44.423
35.84
44.416
44.963
44.972
44.961
44.964
44.976
44.96
44.975
44.643
44.253
44.668
44.984
44.679
44.689
44.997
44.946
37.419
45
44.996
44.997
44.583
44.976
44.321
44.998
44.767
44.998
45
44.288
45
44.812
44.997
44.526
44.964
44.729
44.98
43.373
43.02
44.946
36.74
45
45
45
44.967
44.983
43.355
44.45
45
44.297
34.984
44.996
44.652
44.997
44.674
44.976
44.764
44.997
37.936
44.997
37.097
44.998
38.259
44.997
44.619
45
44.958
44.997
44.973
44.997
44.427
44.828
44.962
44.94
44.97
44.955
39.314
44.959
41.167
44.735
44.963
44.962
44.461
44.997
45
44.96
45
44.355
44.975
45
44.964
44.462
44.996
45
44.943
44.794
36.992
44.832
45
44.998
43
42.445
44.297
38.56
43.061
44.755
44.547
44.997
44.667
44.933
44.688
44.87
44.974
44.965
44.998
45
44.966
44.702
44.473
44.429
36.222
44.96
44.284
44.201
45
44.679
44.976
44.963
45
45
44.997
44.967
44.947
44.531
44.646
42.783
44.834
38.462
44.997
45
44.802
35.97
44.753
37.701
44.998
44.974
44.628
45
42.64
44.548
44.958
44.301
44.282
44.556
44.352
44.719
44.405
44.777
44.571
44.764
44.965
44.998
44.997
38.248
44.997
44.973
44.946
44.656
44.292
44.946
42.585
44.513
44.752
44.951
44.998
44.998
44.659
44.998
44.658
44.488
45
44.961
36.38
44.776
44.975
44.837
44.998
44.997
44.998
44.996
44.961
45
44.999
44.997
44.979
44.972
44.787
44.997
44.965
44.779
44.997
44.971
44.767
38.396
45
45
44.997
44.689
45
44.773
45
44.792
44.963
45
44.998
44.945
44.996
45
44.997
45
45
44.998
44.998
44.998
44.964
44.963
44.965
44.998
44.962
44.947
44.961
44.944
44.946
42.958
44.996
44.811
44.978
44.336
44.724
44.997
44.632
44.971
44.997
44.843
44.741
44.966
44.975
44.646
44.841
44.523
36.191
36.125
44.997
44.997
44.944
44.944
44.729
44.997
44.643
45
44.42
44.298
35.944
45
44.968
42.981
44.507
44.979
44.733
44.24
44.999
44.255
44.96
44.429
44.968
44.997
44.998
44.968
43.304
44.97
44.976
44.965
44.707
44.951
44.961
44.543
45
44.978
44.424
44.997
45
44.808
39.693
44.949
44.706
44.997
44.996
44.951
44.692
42.883
44.997
44.794
45
44.745
43.183
45
44.968
45
45
44.946
44.996
44.685
44.997
44.697
44.95
44.997
44.422
44.997
44.968
45
44.997
45
44.45
44.969
38.636
44.727
44.439
44.958
44.809
44.825
44.47
44.818
44.579
43.224
44.705
44.583
44.5
42.478
44.769
45
44.997
44.997
44.932
44.997
37.584
44.577
45
45
44.81
44.786
44.997
44.997
44.976
37.125
44.932
44.694
44.662
44.959
44.997
44.946
44.933
44.958
45
44.999
37.726
45
44.997
45
44.971
44.417
44.981
44.782
38.229
38.447
44.977
44.48
44.693
44.674
44.832
45
44.951
44.78
44.776
37.481
45
44.96
44.316
44.996
44.997
36.553
44.671
44.962
44.972
45
45
44.483
44.96
44.944
45
45
44.644
44.809
45
38.918
44.959
44.471
37.19
38.877
44.997
44.97
44.954
44.998
44.685
36.496
44.998
44.971
45
44.954
44.935
44.855
44.952
45
44.962
36.769
38.702
37.952
44.678
36.061
44.945
44.786
44.7
45
43.175
45
44.703
44.626
44.816
45
45
44.962
45
44.55
44.947
44.786
44.763
44.998
44.997
44.997
44.972
44.609
44.971
45
37.297
44.812
44.387
44.789
44.792
36.085
40.442
44.774
44.516
44.321
44.968
43.361
44.805
44.811
44.455
44.961
42.49
44.781
44.852
44.309
44.31
39.017
44.997
44.651
44.305
44.956
44.998
44.997
44.997
44.955
44.708
45
44.574
42.613
43.421
44.699
45
44.346
45
44.42
44.952
45
44.951
44.781
38.854
41.339
44.998
44.991
44.945
44.965
44.953
44.788
44.376
44.978
44.937
44.933
44.959
44.936
44.974
44.781
44.764
44.947
37.503
45
44.408
44.739
44.373
44.961
39.467
44.805
44.998
44.68
44.998
44.965
44.402
44.973
44.978
44.972
36.791
44.348
45
43.139
37.664
44.996
45
44.997
44.94
44.932
42.536
44.652
44.666
44.533
44.681
39.701
44.997
44.809
44.324
44.942
44.751
44.961
44.965
44.545
45
44.998
44.658
44.963
44.951
44.68
44.998
44.451
44.586
44.997
44.999
44.811
44.997
44.815
44.998
37.602
44.751
44.688
44.781
44.997
44.702
45
44.942
44.975
44.95
44.971
44.976
44.997
44.996
45
44.955
44.829
44.997
44.851
36.729
44.489
44.943
44.998
44.997
45
44.936
44.975
44.64
44.942
44.997
42.946
44.46
44.781
44.974
44.298
44.28
36.548
44.837
45
44.718
44.669
44.973
44.997
44.972
44.96
44.958
44.997
44.972
44.396
44.355
44.799
44.67
44.709
44.975
44.998
44.94
44.277
44.612
44.669
44.971
44.969
38.869
44.683
44.354
44.953
44.966
45
44.681
44.807
44.967
45
45
44.967
44.844
36.003
44.938
44.998
44.997
43.159
45
45
44.967
44.997
38.282
44.997
45
44.973
44.971
44.997
44.689
44.965
35.854
44.961
44.998
44.524
44.468
44.27
44.949
45
45
44.701
45
44.969
44.961
37.059
44.962
45
44.832
44.952
44.58
44.42
44.79
44.997
44.309
45
44.997
44.997
44.965
37.465
44.968
44.513
44.955
44.365
44.818
45
44.996
37.184
44.253
44.961
44.97
44.998
44.939
44.998
44.961
44.997
44.96
44.971
44.839
44.967
44.794
44.997
44.701
44.939
44.783
45
44.998
44.979
38.208
43.345
44.724
44.809
44.997
44.997
44.997
44.959
44.974
44.69
44.801
44.949
44.969
45
44.997
45
44.665
45
44.963
45
44.951
45
44.948
45
44.356
45
44.996
44.139
44.966
40.517
44.998
44.968
44.997
44.956
44.949
44.964
44.559
44.676
44.998
44.787
44.872
44.997
44.968
44.626
44.957
44.587
44.964
45
44.768
