0.0404672,1.816
0,0
0.0595269,2.676
0.229363,10.321
0.22796,9.804
0.199214,8.962
0.206309,9.244
0.165747,7.456
0.120967,5.207
0.237229,10.672
0.134294,6.041
0.280661,12.629
0.0323193,1.328
0.221362,9.896
0.0858252,3.86
0.196971,8.861
0.298251,13.415
0.113217,5.093
0.262238,11.792
0.415782,18.672
0.200081,8.969
0.161884,6.999
0.312891,13.497
0.0734221,3.236
0.0885502,3.984
0.461955,20.673
0.210953,8.917
0.109235,4.888
0.311968,14.031
0.419731,18.853
0.278797,12.519
0.40876,18.391
0.0809731,3.643
0,0
0.346525,15.552
0.364325,15.846
0.196922,8.805
0.218443,9.827
0.0599424,0.626
0.256719,11.394
0.114784,5.147
0.211021,9.495
0.20825,9.369
0.382063,17.19
0.350371,15.749
0.268017,12.058
0.18092,8.139
0.238645,9.428
0.196082,8.821
0.0644526,2.731
0.275619,12.233
0.101111,4.421
0.0455989,2.044
0.189603,8.53
0.287621,12.942
0.3569,16.057
0.223941,9.815
0.11112,4.986
0.112495,4.831
0.237694,10.688
0.19508,8.248
0.16768,7.545
0.345899,15.512
0.397496,17.887
0.0280999,0.794
0.254865,11.437
0.235799,10.609
0.287666,12.932
0.142139,6.355
0.275691,12.387
0.117989,5.309
0.106344,4.756
0.172317,7.54
0.288105,12.964
0.157734,7.016
0.0481841,2.165
0.242169,10.886
0.136516,6.143
0.11438,4.646
0.291055,13.09
0.239471,10.619
0.204106,8.891
0.20693,9.303
0.0329221,1.239
0.382687,17.024
0.306595,11.781
0.237134,10.631
0.0501918,2.257
0.219798,9.846
0.158108,6.543
0.238795,10.353
0.255754,11.139
0.157747,5.794
0.1411,6.349
0.172349,7.755
0.224295,10.044
0.473045,21.243
0.158535,6.964
0.175269,7.766
0.176465,7.94
0.184969,8.321
0.100231,4.448
0.0548766,2.458
0.529473,23.826
0.218452,9.653
0.274805,11.87
0.232543,10.224
0.346628,15.576
0.173421,7.638
0.297465,13.039
0.0611982,2.694
0.327483,14.733
0.138279,6.202
0.136519,6.129
0.153273,6.695
0.28981,13.033
0.239639,10.782
0.102514,4.567
0.0478136,1.925
0.299647,13.464
0.0272666,1.22
0.22522,9.61
0.257742,11.596
0.0967284,4.291
0.15704,7.055
0.183583,8.234
0.242668,10.884
0.305355,13.729
0.165489,7.446
0.367654,16.516
0.133156,5.991
0.121881,5.46
0.305653,13.455
0.0867701,3.643
0.0929034,4.179
0.164153,7.288
0.0417351,1.868
0.143242,6.412
0.186905,8.394
0.0631213,2.828
0.15468,6.857
0.299576,13.447
0.0791286,3.536
0.100537,4.36
0.301001,13.534
0.159989,7.192
0.298599,13.414
0.193612,8.642
0.279371,12.565
0.16595,7.402
0.331158,14.899
0.0677523,3.048
0.337179,15.163
0.203069,9.134
0.178532,8.025
0.0867631,3.679
0.241116,10.486
0.104757,4.708
0.058637,2.476
0.0263279,1.115
0.156412,7.008
0.2748,12.345
0,0
0.231095,10.322
0.324338,14.589
0.31643,14.237
0.108932,4.499
0.0673954,2.909
0.256238,11.527
0.158402,7.094
0.0525628,2.331
0.261088,11.738
0.116409,5.206
0,0
0.251826,11.331
0.122338,5.505
0.207039,9.099
0.359924,16.129
0.253892,11.391
0.111075,4.995
0.0517697,2.284
0.244893,11.02
0.0798478,3.22
0.0995765,4.08
0.247676,11.098
0.24687,11.1
0.141206,6.334
0.228358,10.274
0.20124,9.055
0.284371,12.71
0.231521,10.208
0.227538,10.237
0.12516,4.142
0.277888,12.502
0.0777248,3.472
0.208687,9.358
0.0962279,4.284
0.25222,11.293
0.0736715,3.313
0.26033,11.437
0.203445,9.154
0.0809329,3.64
0.336412,15.136
0.219435,9.826
0.137846,6.193
0.191385,8.604
0.286452,12.849
0.151776,6.829
0.259104,11.615
0.161784,7.244
0.143868,6.241
0.402986,18.111
0.142396,6.401
0.0890377,3.806
0.342234,15.398
0.0672302,1.499
0.0420496,1.641
0.322645,14.518
0.229023,10.289
0.158274,7.12
0.327525,14.567
0.124949,5.619
0.346338,15.547
0.218073,9.812
0.293467,13.171
0.108283,4.869
0.158078,7.099
0.229659,10.294
0.372109,16.707
0.295128,12.97
0.366156,16.457
0.180736,6.58
0.337889,15.198
0.179633,5.412
0.396015,17.807
0.259329,11.617
0.154295,6.802
0.176931,7.878
0.226107,10.007
0.284053,12.76
0.177913,7.985
0.243804,10.95
0.208044,9.359
0.297204,13.34
0.147027,6.614
0.329258,14.735
0.120726,3.614
0.177903,8.004
0.176213,7.891
0.184859,8.306
0.284886,12.784
0.160619,7.213
0.0790323,3.514
0.204103,9.181
0.304731,13.711
0.00438397,0
0.329966,14.782
0.126392,5.687
0.147035,6.568
0.0921249,4.101
0.141688,6.375
0.209472,9.418
0.223918,10.069
0.244496,10.866
0.269282,12.065
0.280922,12.332
0,0
0.466309,20.977
0.194027,8.702
0.22126,9.95
0.2488,11.17
0.340568,15.077
0.103626,4.66
0.373172,16.268
0.213561,9.57
0.289551,13.021
0.172274,7.716
0.189508,8.527
0.169731,7.404
0.458974,20.607
0.308161,13.861
0.197636,8.861
0.257785,11.551
0.206922,9.308
0.22389,10.068
0.163536,7.229
0.0586998,2.632
0.28132,12.643
0.178963,8.051
0.339257,15.213
0.32173,14.477
0.091223,2.316
0.357629,16.093
0.149393,6.709
0.183327,8.185
0.252708,11.345
0.244703,11.005
0.247745,11.091
0.370898,16.095
0.00834393,0.365
0.0723703,3.242
0.235428,10.592
0.149547,6.702
0.176398,7.787
0.254851,11.427
0.137237,6.173
0.248212,11.168
0.0691383,2.802
0.20832,9.372
0.227822,10.248
0.328028,14.726
0.00523223,0.233
0.273994,12.057
0.211311,9.492
0.241196,10.852
0.227792,10.248
0.253501,11.407
0,0
0.251252,11.296
0.223044,8.142
0.115947,5.169
0.0596288,2.68
0.242271,10.902
0.208102,9.202
0.141138,6.169
0.0534923,2.398
0.371915,16.733
0.177915,7.987
0.127346,5.672
0.177855,7.946
0.193893,8.673
0.121516,5.419
0.325626,14.634
0.388807,17.454
0.236132,10.599
0.147168,6.58
0.104765,4.712
0.188929,8.464
0.164366,7.318
0.149257,6.672
0.2351,10.577
0.21925,9.805
0.298161,13.165
0.167623,7.532
0.342969,15.387
0.0292949,1.047
0.267166,11.817
0.299606,12.921
0.272924,12.279
0.135962,6.115
0.280649,12.555
0.229689,10.278
0.233678,10.508
0.246963,11.105
0.144908,6.101
0.18279,8.183
0.333215,14.992
0.056014,2.518
0.063475,2.848
0.0590221,2.647
0.274866,12.324
0.171342,7.664
0.109001,4.658
0.265213,11.884
0.14776,6.207
0.186346,8.353
0.149784,6.737
0.166415,7.486
0.280228,12.561
0.0240249,1.048
0.314365,14.145
0.257692,11.552
0.31574,14.196
0.275556,12.369
0.314952,14.171
0.244372,10.983
0.204115,9.184
0.279959,12.598
0.231076,10.36
0.281085,12.246
0.219116,9.825
0.112514,4.925
0.1716,7.7
0.24998,11.247
0.216602,9.709
0.155768,6.605
0.21029,9.461
0.174039,7.831
0.209053,9.381
0.142013,6.384
0.205391,9.231
0.168357,7.557
0.0977702,4.383
0.195144,8.749
0.17209,7.732
0.263115,11.763
0.203595,8.992
0.185098,8.096
0.157131,7.068
0.183369,8.2
0.0709775,3.174
0.136181,6.126
0.247722,11.128
0.31607,13.828
0.277595,12.483
0.245137,11.029
0.358712,16.08
0.256725,11.515
0.207271,9.325
0.281762,12.288
0.311357,14.009
0.163649,7.318
0.280444,12.618
0.0602936,2.71
0.185443,8.29
0.129415,5.812
0.160528,7.2
0.0994486,4.279
0.171654,7.658
0.328574,14.78
0.220541,9.902
0.2344,10.13
0.262891,11.477
0.419398,18.838
0.179944,8.088
0.287094,12.917
0.287405,12.903
0.211475,9.431
0.300756,13.477
0.279999,12.588
0.276315,12.433
0.159441,7.166
0.0801764,3.6
0.358205,16.118
0.351348,14.205
0.134429,6.024
0.232382,10.45
0.313838,14.097
0.268535,12.073
0.133713,6.015
0.262655,11.807
0.168441,7.536
0.363848,16.2
0.286874,12.526
0.244359,10.995
0.228692,10.245
0.271729,12.215
0.181691,8.174
0.245614,10.611
0.168123,7.565
0.208086,9.361
0.11049,3.559
0.241962,10.657
0.270055,12.021
0.16625,7.479
0.255818,11.314
0.259858,11.463
0.227654,10.242
0.353579,15.882
0.187616,8.41
0.11313,5.09
0.00826816,0.309
0.303137,13.448
0.0909481,4.009
0.16372,7.345
0.292713,13.163
0.173946,7.818
0.219388,9.862
0.16793,7.361
0.355887,16
0.120241,5.41
0.368944,16.332
0.168571,7.573
0.232948,10.48
0.0488156,2.158
0.274004,12.312
0.206731,9.252
0.214273,9.63
0.19227,8.649
0.101967,4.586
0.227464,10.234
0.17138,7.546
0.118971,5.352
0.220437,9.752
0.239464,10.773
0.198859,8.865
0.230279,10.31
0.250795,9.429
0.119443,5.368
0.224991,9.892
0.0436044,1.93
0.179994,8.096
0.0808183,3.629
0.196542,8.842
0.214696,8.05
0.15457,6.953
0.20972,9.436
0.174595,7.825
0.237936,10.705
0.439836,19.792
0.288162,12.951
0.224746,10.113
0.186051,8.336
0.0667652,3.004
0.160614,7.059
0.284616,12.783
0.521679,23.339
0.189826,8.538
0.135254,6.036
0.103377,4.594
0.113035,4.843
0.271378,12.21
0.0332991,1.476
0.215243,9.224
0.289595,13.002
0.22752,10.227
0.275294,12.366
0.245209,11.028
0.271001,12.105
0.296615,13.112
0.129135,5.735
0.302214,13.565
0.200498,8.756
0.0785334,3.203
0.287933,12.93
0.03244,0
0.200243,9.009
0.227088,10.217
0.110877,4.823
0.154809,6.931
0.268346,12.041
0.226693,10.195
0.0398934,1.759
0.314242,14.139
0.236011,10.579
0.0559078,2.513
0.124991,5.582
0.136154,6.11
0.0995954,4.453
0.32109,12.831
0.243316,10.948
0.227499,9.873
0.161638,7.266
0.27513,12.356
0.230708,8.022
0.144492,6.5
0.104036,4.663
0.205468,8.954
0.195539,8.797
0.309216,13.913
0.275347,12.316
0.110959,4.992
0.236509,10.639
0.11082,4.939
0.232063,10.176
0.104156,4.643
0.152136,6.813
0.220892,9.939
0.141121,6.35
0.198644,8.938
0.381543,16.811
0.189365,8.317
0.321245,14.053
0.137457,6.185
0.26964,12.131
0.332983,14.983
0.361076,16.225
0.193159,7.29
0.0774891,3.451
0.138993,6.162
0.262522,11.805
0.240587,8.801
0.275178,10.303
0.345054,15.262
0.0956233,4.301
0,0
0.179191,8.063
0.225707,10.113
0.211982,9.521
0.190801,8.584
0.275099,12.334
0.17178,7.728
0.232598,10.466
0.119771,4.996
0.34979,15.471
0.166406,7.433
0.161886,7.216
0.264291,11.848
0.40997,18.135
0.282062,12.692
0.186194,8.336
0.161043,7.245
0.263998,11.838
0.192853,8.663
0.204562,8.806
0.160177,4.751
0.166577,7.46
0.0577541,2.598
0.26088,11.739
0.1608,7.208
0.147106,6.551
0.318638,14.117
0.230717,10.376
0.101834,4.58
0.0395505,1.772
0.174086,7.832
0.0545084,2.422
0.303914,13.628
0.106223,4.594
0.194911,8.691
0.0794584,3.551
0.416383,18.7
0.246098,11.065
0.0757726,3.409
0.255065,11.461
0.32296,14.268
0.244248,10.949
0.314101,14.043
0.107429,4.831
0.081629,3.673
0.234703,10.558
0.186664,8.399
0.111122,4.989
0.14239,6.37
0.228315,10.029
0.169358,7.387
0.224861,9.748
0.249911,11.245
0.129961,5.82
0.0710142,3.194
0.13015,5.583
0.246761,11.077
0.255945,11.515
0.325024,14.624
0.201742,9.07
0.0529081,2.353
0.162226,7.254
0.123476,5.549
0.184064,8.275
0.174728,7.636
0.154756,6.892
0.245546,11.036
0.00618788,0.278
0.113426,5.1
0.389326,17.361
0.213289,9.56
0.405068,18.165
0.00127704,0.056
0.180008,8.098
0.185469,8.089
0.411815,18.436
0.249667,11.227
0,0
0.202564,8.908
0.330561,14.851
0.357799,16.078
0.390187,17.556
0.209635,9.36
0.309585,13.921
0.311751,13.987
0.117544,5.226
0.138264,6.221
0.378171,16.994
0.277505,12.486
0.154178,6.905
0.205768,9.167
0.218104,8.222
0.450025,20.249
0.202805,8.989
0.097895,4.394
0.139505,6.263
0.0562307,2.509
0.381044,17.138
0.216811,9.749
0.252737,11.371
0.291022,13.095
0.455819,20.51
0.10348,4.381
0.322337,14.441
0.0359079,1.549
0.24148,10.861
0,0
0.0217089,0.778
0.179391,7.884
0.227926,10.095
0.312933,14.08
0.201616,9.007
0.13824,6.218
0.346571,15.583
0.0496297,1.665
0.105327,4.706
0.130043,5.828
0.264541,11.904
0.13378,5.963
0.340424,13.778
0.315987,14.17
0.261538,11.52
0.353659,15.884
0.00303932,0.123
0.119637,4.709
0.242414,10.906
0.0693493,3.116
0.199616,8.981
0.113751,5.068
0.242979,10.899
0.0951811,4.281
0.0323185,1.454
0.0358107,1.609
0.184973,7.741
0.194199,8.694
0.317155,14.271
0.3625,16.149
0.170659,7.623
0.0475901,2.071
0.124929,5.619
0.107149,4.819
0.271865,12.211
0.312997,13.925
0.143878,6.39
0.282959,12.687
0.234879,10.519
0.0114483,0.48
0.390187,16.187
0.123267,5.546
0.257501,11.584
0.125002,5.622
0.238076,10.711
0.293273,13.056
0.210767,9.455
0.175597,7.759
0.239813,10.609
0.308623,13.886
0.0914389,4.108
0.32383,14.403
0.0792475,3.14
0.251479,11.308
0.0253052,1.138
0.343126,15.438
0.245149,10.971
0.234286,10.324
0.524531,23.601
0.155861,5.271
0.300322,13.46
0.173269,7.793
0.304308,13.482
0.108837,4.897
0.152781,6.835
0.238408,9.444
0.0928867,3.832
0.126192,5.471
0.201068,9.046
0.222126,9.993
0.040306,1.812
0.231274,10.362
0.0246832,1.089
0.0464863,2.091
0.064862,2.882
0.190705,8.57
0.260337,11.666
0.200582,9
0.182465,8.136
0.183713,8.001
0.0928877,4.171
0.1388,6.21
0.198639,8.914
0.240358,10.791
0.259957,11.685
0.0609547,2.74
0.339369,15.268
0.0659216,2.964
0.166047,7.282
0.101049,4.163
0.313414,14.102
0.312771,14.021
0.0963832,4.288
0.228706,10.28
0.291347,13.059
0.113006,5.049
0.23603,10.619
0.30649,13.764
0.172203,7.748
0.239395,10.412
0.313649,14.059
0.0126934,0.412
0.145614,6.507
0.389272,17.468
0.120685,5.145
0.136205,6.123
0.274243,12.329
0.155573,6.976
0.336663,15.099
0.275313,12.389
0.0375876,0
0.129412,5.803
0.175895,7.714
0.345383,15.484
0.0720744,3.233
0.0335918,1.479
0.350993,15.554
0.10744,4.834
0.373891,14.868
0.0921095,4.073
0.169892,7.607
0.0354573,1.595
0.228845,10.256
0.285589,12.84
0,0
0.234878,10.399
0.306954,13.546
0.370659,16.677
0.315965,14.152
0.187386,8.432
0.286236,12.88
0.254532,11.444
0.271467,12.214
0.380287,17.086
0.0933375,4.123
0.093758,4.194
0.10345,4.627
0.112824,5.075
0.200992,9.019
0.14596,6.565
0.18404,8.242
0.118814,5.309
0.155062,6.971
0.271636,12.169
0.223549,10.001
0.310478,13.965
0.24909,9.081
0.161008,6.817
0.212133,9.542
0.247074,11.116
0.312091,14.015
0.0863083,3.862
0,0
0,0
0.255921,11.474
0.245948,11.045
0.252074,11.098
0.202072,8.844
0.172228,6.262
0.19712,8.83
0.142812,4.684
0,0
0.155114,6.824
0.133837,5.991
0,0
0.189401,8.48
0.272612,12.241
0.240348,10.184
0.155749,6.842
0.177112,7.962
0.261766,11.631
0.212605,9.565
0.181001,8.134
0.188513,8.42
0.312884,13.674
0.137048,6.159
0.109639,4.92
0.302958,13.593
0.211812,9.463
0.308237,13.854
0.131608,5.92
0.394648,17.751
0,0
0.0400412,1.799
0.240235,8.811
0.165531,7.434
0.161716,7.016
0.14533,6.539
0.236565,10.596
0.129097,5.809
0.255483,11.435
0.128468,5.59
0.118788,5.318
0.123411,5.29
0.11029,4.925
0.231849,10.412
0.180947,8.135
0.24785,10.969
0.306641,13.797
0.190642,8.443
0,0
0.178433,8.029
0.183237,8.074
0.270878,12.102
0.197058,8.867
0.308061,13.86
0.262167,11.784
0.211442,9.479
0.243635,10.776
0.319539,14.355
0.33484,15.007
0.199321,8.931
0.0416405,1.787
0.23415,10.529
0.256433,11.539
0.491802,22.128
0.266208,11.978
0.360243,16.185
0.177343,7.973
0.480848,21.617
0.29313,13.153
0.146219,6.57
0.238996,10.34
0.235582,10.434
0.14961,6.73
0.278925,12.54
0.287945,12.928
0.12917,5.767
0.141317,4.221
0.267847,12.052
0.182813,8.172
0.220206,9.641
0,0
0.257123,11.29
0.135733,5.856
0.19067,6.804
0.20387,9.147
0.309669,13.901
0.211622,9.325
0.338242,15.182
0.396708,17.842
0.16807,7.549
0.1937,8.691
0.169375,7.348
0.355492,15.969
0.170098,7.626
0.169048,7.578
0.124255,5.591
0.223831,10.013
0.367086,15.861
0.198597,8.755
0.268926,12.094
0.157189,7.016
0.247304,11.128
0.294342,13.242
0.308547,13.861
0.0644222,2.847
0.289006,12.985
0.280774,12.634
0.0573495,2.551
0,0
0.200113,8.925
0.274534,10.956
0.204398,9.152
0.066122,2.921
0.260727,11.731
0.108103,4.858
0.209202,9.405
0.144324,6.492
0.195432,8.791
0.279476,12.574
0.231239,10.168
0.0880003,3.919
0.130823,5.625
0.21982,9.661
0.250142,11.082
0.212818,9.315
0.211198,8.099
0.379255,17.016
0.302708,13.621
0.459865,20.684
0.212795,9.572
0.0355414,1.58
0.133532,6.007
0.110564,4.973
0.132779,5.974
0.285125,12.828
0.119569,5.377
0.21107,9.432
0.289737,13.038
0.215347,9.676
0.289761,13.036
0.289651,12.965
0.0211512,0.936
0.3234,14.514
0.367863,16.552
0.117021,4.878
0.128074,5.586
0.378914,17.009
0.124713,5.61
0.0366267,1.644
0.262572,11.811
0.271849,11.978
0.165108,7.178
0.3086,13.827
0.0902518,4.01
0.117676,5.271
0.198352,8.917
0.248889,11.199
0.211881,9.491
0.24895,11.201
0.194697,8.753
0.262516,11.803
0.361467,16.201
0.181499,8.142
0.327391,14.73
0.113758,5.075
0.18238,8.188
