0.189506,6.629
0.166421,5.657
0.177051,6.121
0.0939203,3.032
0.299469,10.432
0.268502,9.388
0.070038,2.188
0.0244542,0.827
0.345062,12.069
0.0949836,3.198
0.174497,6.076
0.244948,8.563
0.200999,6.967
0.178168,6.222
0.118438,4.143
0.240387,8.413
0.122181,4.274
0.0751194,2.622
0.110963,1.916
0.259116,9.067
0.214296,7.237
0.277199,9.674
0.279738,9.666
0.199864,6.935
0.305067,10.65
0.21886,5.508
0.0842699,1.08
0.105782,3.7
0.20276,7.072
0.258768,9.011
0.27859,9.716
0.17239,5.869
0.0543766,1.696
0.314398,11.001
0.0239343,0.741
0.101805,3.428
0.0386496,1.35
0.0841006,2.941
0.0155112,0.542
0.190382,6.625
0.272095,9.499
0.259754,9.077
0.353067,12.053
0.0614807,2.151
0.427755,14.933
0.232165,8.083
0.0255818,0.852
0.188782,6.607
0.286594,10.03
0.271355,9.305
0.152323,5.326
0.336085,11.738
0.166901,5.612
0.236459,7.981
0.0926342,3.079
0.105283,3.449
0.128847,4.443
0.0444255,1.147
0.166336,5.784
0.0331255,0
0.136473,4.767
0.0773165,2.706
0.258711,8.849
0.268957,9.413
0.116527,3.886
0.443332,15.495
0.082376,2.861
0.250986,8.782
0.226054,7.893
0.24722,7.167
0.139482,4.878
0.264369,9.05
0.0969734,3.347
0.179006,6.264
0.19925,6.968
0.165294,5.783
0.166834,5.837
0.211522,7.402
0.270764,9.408
0.38683,13.502
0.342818,11.989
0.285789,10
0.0834234,2.605
0.0815556,2.603
0.312277,10.881
0.28223,9.876
0.217364,7.568
0.193454,6.748
0.160305,5.559
0.166114,5.813
0.268056,9.335
0.235345,8.228
0.0764815,2.5
0.160781,5.625
0.188083,6.582
0.284812,9.968
0.287638,9.469
0.175137,6.127
0.296239,10.358
0.278047,9.729
0.256283,8.955
0.223745,7.83
0.285857,10.002
0.285707,9.962
0.268392,9.355
0.127093,4.382
0.183623,6.425
0.413265,14.421
0.114215,3.986
0.279808,9.793
0.433266,15.161
0.187688,6.555
0.225146,7.878
0.133359,4.665
0.149609,5.217
0.109222,3.514
0.199136,6.749
0.318998,11.106
0.231718,8.108
0.299751,10.283
0.261951,7.469
0.207269,7.001
0.251843,8.79
0.194317,6.73
0.11189,3.476
0.180178,6.27
0.222746,7.716
0.185293,6.483
0.055113,1.725
0.274625,9.332
0.225637,7.87
0,0
0.144795,5.012
0.360457,12.604
0.182311,6.347
0.101289,3.31
0.17873,6.24
0.425504,14.892
0.0961192,3.36
0.226857,7.93
0.31276,10.938
0.207605,7.135
0.259601,9.069
0.0906311,3.144
0.162246,5.678
0.16558,5.793
0.220742,7.575
0.383751,13.406
0.245175,8.58
0.140256,4.859
0.164831,5.745
0.105992,3.707
0.379151,13.243
0.128875,4.509
0.140786,4.927
0.245461,8.589
0.320198,11.179
0.36509,12.376
0.182471,6.386
0.239825,8.383
0.247267,8.616
0.248574,8.697
0.0356566,1.247
0.149177,5.154
0.0708342,0.183
0.169732,5.884
0.247273,7.121
0.352738,12.339
0.253777,8.836
0.136706,4.755
0.132615,2.833
0.247492,8.477
0.30343,10.613
0.229321,7.992
0.122213,4.221
0.302968,10.603
0.12622,4.417
0.055372,1.914
0.186915,6.538
0.155429,5.439
0.322599,11.244
0.315963,11.04
0.117312,4.07
0.18758,6.539
0.450252,15.507
0.144953,5.073
0.131423,4.559
0.28837,9.825
0.17391,6.055
0.23439,8.201
0.164092,5.738
0.0969792,3.371
0.428721,14.976
0.33976,11.889
0.184229,6.44
0.2343,8.166
0.243943,8.496
0.184811,6.453
0.427519,14.871
0.140337,4.837
0.100401,3.336
0.289676,10.109
0.0254027,0.887
0.126374,4.399
0.112566,3.384
0.141047,4.929
0.13102,4.384
0.222029,7.692
0.355233,12.411
0.14355,4.962
0.114554,3.742
0.173883,6.08
0.327662,11.411
0.301239,10.508
0.153129,5.119
0.0600411,2.101
0.155264,5.007
0,0
0.20525,7.172
0.301416,10.549
0.142132,4.935
0.16918,5.899
0.231483,8.071
0.0787607,2.754
0.0989358,3.45
0.0522947,1.802
0.169635,5.867
0.0938758,3.284
0.183164,6.36
0.395069,13.785
0.358324,12.39
0.172525,6.036
0.197589,6.91
0.252866,8.833
0.225556,7.855
0.115136,4.018
0.130497,4.559
0.155297,5.432
0.23047,7.923
0.294728,10.17
0.41727,12.462
0.0650994,2
0.120488,4.176
0.246046,8.393
0.194707,6.807
0.26885,9.406
0.162334,5.681
0.158214,5.53
0.0718305,2.512
0.11829,3.937
0.1206,2.436
0.162482,5.639
0.157803,5.511
0.276983,9.694
0.142972,4.726
0.136521,4.754
0.141151,4.858
0.385367,13.487
0.0315149,1.072
0.0965173,3.373
0.12202,4.064
0.264856,9.204
0.142562,4.951
0.298525,10.407
0.215809,7.522
0.218701,7.431
0.0982943,3.4
0.243353,8.465
0.33143,9.003
0.298404,10.436
0.283824,9.933
0.236932,8.233
0.0835152,2.919
0.133834,4.682
0.301452,10.548
0.265307,9.226
0.0767658,2.5
0.435553,15.244
0.247675,8.661
0.249544,8.563
0.262425,7.429
0.263189,9.153
0.305623,10.675
0.128054,4.48
0.162125,5.497
0.399509,13.981
0.215115,7.516
0.0374192,1.282
0.179112,6.267
0.317673,10.925
0.180925,6.281
0.126865,4.387
0.157558,4.951
0.302568,10.371
0.0950964,3.326
0.203583,6.941
0.227859,7.974
0.185748,6.499
0.1619,5.644
0.389949,13.648
0.0848001,2.939
0.409195,14.321
0.143476,5.013
0.234923,8.197
0.148177,5.18
0.245107,8.561
0.181781,6.348
0.214812,7.515
0.0576935,1.962
0.183221,6.412
0.04262,1.348
0.318777,11.102
0.253526,8.829
0.0823037,2.813
0.104419,3.405
0.017152,0.358
0.367659,12.857
0.362184,12.221
0.350774,12.263
0,0
0.211064,7.365
0.310882,10.853
0.180733,6.244
0.0433825,0.007
0.150296,5.26
0.23927,8.203
0.298564,10.447
0.109628,3.623
0.316104,11.038
0.209234,7.321
0.155785,5.424
0.206333,7.138
0.118491,3.895
0.31843,11.008
0.148272,4.964
0.104285,3.649
0.174962,6.059
0.219348,7.674
0.443284,15.482
0,0
0.111886,2.663
0.254628,8.909
0.165692,5.799
0.049019,1.713
0.213324,7.464
0.318485,11.115
0.218539,7.616
0.284811,9.943
0.244402,8.526
0.206669,7.224
0.34932,12.177
0.259872,8.891
0.308275,10.782
0.205326,7.175
0.205106,6.829
0.149489,5.23
0.214822,7.483
0.169239,5.769
0.247319,8.474
0.164969,5.763
0.0429032,1.334
0.119194,4.124
0.171484,5.466
0.237724,6.216
0.295424,10.29
0.30974,10.779
0.232839,8.149
0.132459,2.893
0.348247,12.178
0.118346,4.096
0.335961,11.743
0.325692,11.399
0.312585,10.94
0.335194,10.024
0.355063,12.266
0.0705552,2.387
0.165246,5.737
0.328999,11.495
0.241019,8.394
0.254865,8.915
0.13972,4.89
0.328562,11.464
0.17115,5.793
0.311323,10.881
0.424056,14.502
0.293383,10.233
0.367464,12.56
0.0158084,0.55
0.172212,5.984
0.25862,9.02
0.119779,3.969
0.233944,8.187
0,0
0.195252,6.629
0.140974,4.614
0.302474,10.546
0.0608748,1.558
0.0672365,2.315
0.116067,4.025
0.120269,4.209
0.0896054,3.134
0.185747,6.454
0.116218,4.058
0.156074,5.462
0.153233,5.359
0.0618283,2.161
0.220733,7.634
0.257666,8.943
0.335588,11.745
0.166824,5.803
0,0
0.249744,8.741
0.210686,7.29
0.275556,9.55
0.216193,7.564
0.260285,8.98
0.264558,8.776
0.30284,10.546
0.16775,5.44
0.228973,8.003
0.172306,6.028
0.176698,4.151
0.23216,8.053
0.292584,10.214
0.154448,5.403
0.270506,9.464
0.381959,13.335
0.0602477,2.106
0.18239,6.121
0.133342,4.666
0.152213,5.28
0.245364,8.587
0.212474,7.424
0.0669992,2.344
0.194437,6.795
0.147309,5.152
0.279108,9.766
0.449496,15.707
0.172971,6.024
0.0810558,2.787
0.137582,4.773
0.124471,4.306
0.325195,11.38
0.324464,11.316
0.198752,6.937
0.248172,8.592
0.280779,9.827
0.118906,4.142
0.300306,9.036
0.0668344,2.161
0.299606,10.482
0.132951,4.651
0.446179,15.614
0.258444,8.978
0.175603,6.132
0.246471,8.557
0.25388,8.873
0.0736106,2.572
0.261557,9.055
0.124605,4.337
0.362459,12.685
0.286133,9.961
0.189166,6.457
0.354995,12.082
0.200128,6.951
0.174948,6.082
0.0811099,2.778
0.249666,8.713
0.103389,3.618
0.151506,2.683
0.244555,8.384
0.252812,8.8
0.288153,10.044
0.326943,11.442
0.28182,9.844
0.075228,2.633
0.242703,8.454
0.167258,5.845
0.20178,7.051
0.0876651,2.898
0.270045,9.451
0.0950613,3.195
0.354119,12.021
0.327858,8.784
0.127924,4.417
0.277849,9.721
0.159378,5.569
0,0
0.00491987,0.152
0.37112,12.978
0.136742,4.709
0.154524,4.939
0.129908,4.524
0.299957,9.309
0.287111,9.98
0.137725,4.801
0.269518,7.543
0.203757,7.125
0.121046,4.229
0.181166,6.25
0.0138215,0.443
0.139709,4.526
0.189913,6.614
0.0543743,1.835
0.117445,3.678
0.182235,6.355
0.256655,8.98
0.205326,6.981
0.356205,9.463
0.0647251,2.25
0.374377,13.095
0.120382,4.192
0.152675,5.337
0.220129,7.683
0.115123,3.848
0.0992214,3.45
0.129767,4.54
0.106674,2.331
0.248398,8.693
0.0746349,2.355
0.083521,2.874
0.331398,11.551
0.19218,6.725
0.10333,3.609
0.145921,4.911
0.245701,8.599
0.191977,6.677
0.30782,10.745
0.175454,6.139
0.0184665,0.645
0.144897,4.872
0.181843,6.354
0.118676,4.136
0.137364,2.018
0.210633,7.37
0.119081,4.027
0.190256,6.589
0.139968,4.88
0.260009,8.903
0.149902,4.959
0.158117,5.475
0.250419,8.751
0.0935736,3.263
0.218966,7.603
0.247313,8.591
0.278369,9.455
0.177631,6.172
0.420424,14.712
0.279028,9.764
0.235804,8.247
0.0099221,0.322
0.128707,4.021
0.33765,11.784
0.244433,8.553
0.347,12.137
0.143496,4.765
0.211344,7.394
0.173242,5.903
0.353964,12.362
0.271657,9.431
0.237597,8.304
0.23754,8.25
0.217146,7.599
0.0527577,1.836
0.312285,10.928
0.0616217,2.103
0.145357,5.064
0.152547,3.272
0.0458462,1.323
0.0865979,3
0.202284,7.078
0.0854824,1.336
0.135197,4.656
0.237817,5.594
0.240461,8.406
0.333106,11.623
0.428834,13.429
0.389539,13.632
0.28501,9.964
0.335899,11.71
0.263786,9.197
0.326836,11.435
0.181234,6.342
0.139558,4.839
0.217443,7.608
0.105642,3.673
0.392446,13.733
0.137132,4.564
0.0776915,2.47
0.170903,5.949
0.0164619,0.566
0.151585,5.303
0.284783,9.895
0.129543,4.53
0.149386,5.222
0.26631,9.32
0.137321,4.59
0.120361,4.211
0.139354,4.803
0.300748,9.063
0.264762,9.148
0.215144,7.529
0.206191,7.15
0.17873,6.253
0.370686,12.968
0.226618,7.93
0.408915,14.304
0.197277,6.898
0.179562,6.235
0.161483,5.65
0.221927,7.712
0.146114,4.909
0.00823141,0.288
0.132094,4.621
0.200818,6.987
0.169705,5.894
0.268506,9.373
0.221559,7.588
0.269722,9.393
0.131823,4.595
0.3026,10.59
0.204798,7.164
0.117229,4.08
0.107808,3.398
0.101357,3.512
0.346705,12.053
0.219885,7.327
0.231086,7.826
0.263909,9.226
0.384323,13.316
0.225446,7.855
0.438932,15.361
0.305377,10.663
0.176141,6.129
0.145129,5.027
0.325897,11.398
0.138874,4.854
0.154317,5.398
0.206963,7.241
0.0734214,2.528
0.33889,11.592
0.0925641,3.068
0.235382,8.18
0.218498,7.549
0.346779,12.135
0.21136,7.348
0.303525,10.623
0.312263,10.927
0.0279431,0.972
0.152568,5.339
0.233509,8.13
0.255727,8.763
0.316408,10.871
0.181405,4.123
0.156651,5.48
0.356222,12.466
0.202169,7.074
0.0925784,3.001
0.297406,10.324
0.124365,4.351
0.0933528,3.219
0.251189,8.755
0.147862,5.121
0.16031,5.571
0.132594,4.349
0.300692,10.317
0.24099,8.373
0.00506516,0.177
0.23311,7.978
0.0821898,2.876
0.277794,9.686
0.119292,4.167
0.168902,5.886
0.221695,7.666
0.0194924,0.214
0.0941061,3.25
0.28244,9.841
0.205653,7.02
0.248961,8.713
0.356726,12.077
0.16331,5.616
0.141515,4.925
0.198971,6.933
0.21552,7.525
0.141149,4.679
0.362947,12.702
0.279148,9.748
0.348613,11.951
0.135547,4.735
0.290968,10.176
0.235844,8.2
0.272013,9.324
0.312533,10.926
0.135973,4.735
0.253368,8.798
0.283744,9.889
0.170812,5.952
0.34788,12.165
0,0
0.145089,5.077
0.178023,6.217
0.00812485,0.249
0.220303,7.682
0.318817,11.155
0.250371,8.617
0.407625,14.265
0.185193,6.468
0.0567843,1.981
0.240481,8.38
0.136578,4.779
0.181691,5.916
0.0727442,2.508
0.161107,5.588
0.141144,4.639
0.0294373,1.019
0.182898,6.24
0.316243,11.067
0.218931,7.418
0.349479,12.231
0.164758,5.754
0.203002,7.078
0.148544,5.196
0.0516638,1.659
0.131771,4.57
0.292155,7.588
0.277086,9.696
0.12958,4.515
0.237443,8.288
0.324205,11.346
0.226077,7.859
0.0587242,2.035
0.0913354,3.19
0.283337,9.883
0.291592,9.827
0.231867,7.922
0.144048,4.842
0.245987,8.571
0.163793,5.73
0.15927,5.547
0.261166,8.76
0.236611,8.257
0.117085,4.097
0.234717,8.003
0.260776,9.125
0.081759,2.365
0.181028,6.335
0.213155,7.437
0.235678,7.147
0.135501,4.599
0.20204,6.685
0.233593,8.175
0.299636,10.445
0.193632,6.693
0.187988,6.528
0.217786,7.602
0.109512,3.832
0.238191,8.267
0.00724368,0.253
0.108706,3.532
0.0926568,3.226
0.129968,4.508
0.337758,11.567
0.138426,4.821
0.147163,5.141
0.104457,3.631
0.422416,14.784
0.18692,6.517
0.267834,9.14
0.0481832,1.663
0.24707,8.64
0.2239,7.664
0.126899,4.241
0.0830126,2.905
0.130176,4.524
0.0591196,2.069
0.0645494,1.777
0.211168,7.38
0,0
0.294695,10.236
0.0869269,2.768
0.0494201,1.727
0.246472,8.388
0.0924451,3.222
0.0929838,3.232
0.233695,8.179
0.424799,14.867
0.177097,6.198
0.188454,5.007
0.21701,7.578
0.142932,4.86
0.135991,4.753
0.135813,4.751
0.125616,4.354
0.247946,8.659
0.293766,10.135
0.167189,5.656
0.104608,3.608
0.0260603,0.888
0.141503,4.911
0.189122,6.617
0.187463,6.532
0.386799,13.535
0.343874,12.027
0.0147798,0.514
0.136139,4.473
0.148322,5.189
0.129395,4.527
0.214377,7.5
0.299278,10.25
0,0
0.270612,9.469
0.0373536,1.275
0.0878715,3.075
0.00366469,0.101
0.247762,8.632
0.205034,7.171
0.21842,7.636
0.109266,3.567
0.116409,3.92
0.286987,9.664
0.172964,6.051
0.144427,5.033
0.353086,12.111
0.197422,6.879
0.295668,9.922
0.111534,3.892
0.315804,11.041
0.186458,6.523
0.195626,6.846
0.161142,5.636
0.156478,5.264
0,0
0.194139,6.792
0.227964,7.976
0.0666902,2.331
0.093544,1.099
0.351164,12.289
0.0828848,2.857
0.184612,6.212
0.0403012,1.408
0.266801,9.333
0.072936,2.524
0.20238,7.08
0.204515,7.153
0.139573,4.786
0.284764,9.789
0.285361,9.98
0.200045,7.001
0.232716,8.135
0.21415,7.096
0.322282,11.22
0.288145,10.067
0.219518,7.444
0.134665,4.649
0.272434,9.506
0.352626,10.852
0.179274,6.272
0.257729,9.018
0.28698,10.021
0.157683,5.518
0.0381881,1.311
0.139995,4.87
0.3925,13.52
0.16879,5.869
0.0484061,1.203
0.184822,6.427
0.290155,9.962
0.027343,0
0.219281,7.667
0.0969589,3.382
0.329842,11.497
0.300881,10.285
0.147094,5.109
0.276745,9.656
0.211936,7.415
0.235622,8.239
0.258091,9.01
0.191842,6.644
0.341987,11.969
0.218943,7.656
0.21921,7.474
0.298066,10.42
0.174412,6.094
0.138529,4.594
0.238746,8.349
0.385832,13.502
0.251111,8.788
0.21095,7.123
0.326279,11.41
0.161857,5.662
0.298687,10.42
0.127355,4.449
0.078059,2.705
0.296016,10.358
0.348939,12.211
0.144392,5.048
0.293873,10.283
0.241651,8.415
0.335596,11.745
0.23114,8.074
0.246354,8.584
0.205348,7.178
0.214375,7.458
0.261062,9.129
0.239996,8.146
0.0943338,3.254
0.128548,4.494
0.29852,10.305
0.210557,7.367
0.125092,4.348
0.157952,5.52
0.108853,2.27
0.257223,8.997
0.324197,11.25
0.131023,4.549
0.25271,8.57
0.0832799,2.91
0.0981126,3.382
0.164856,5.763
0.293268,10.262
0.0798009,2.744
0.339723,11.842
0,0
0.161408,5.489
0.224493,7.645
0.346618,12.107
0.337932,11.827
0.0615334,1.767
0.301064,10.466
0.286117,9.495
0.288817,10.106
0.169641,5.935
0.238748,8.355
0.215383,7.536
0.009914,0
0.213712,7.464
0.37465,13.062
0.178029,6.229
0.221293,7.745
0,0
0.0746341,2.569
0.146255,5.067
0.155243,5.4
0.352371,12.29
0.245621,8.594
0.341893,11.905
0.308658,10.8
0.308417,10.733
0.0404632,1.413
0.0952983,3.335
0.265724,9.246
0.207156,7.117
0.47795,16.728
0.349158,12.22
0.340347,11.911
0.182865,6.362
0.0968148,3.388
0.11727,4.042
0.209209,7.276
0.192737,6.706
0.204433,7.155
0.17657,6.164
0.360337,12.549
0.159771,5.581
0.411239,14.328
0.110227,3.692
0.340072,11.874
0.291136,9.657
0.230231,8.058
0.141841,4.455
0.340647,11.92
0.188555,6.587
0.14772,5.168
0.249229,8.72
0.163096,5.678
0.124274,4.138
0.210147,7.328
0.12666,4.432
0.200924,7.03
0.142577,4.746
0.22592,7.317
0.0707251,2.251
0.307737,10.768
0.374731,13.092
0.22842,7.875
0.125952,4.38
0.177012,6.181
0.343691,11.791
0.286525,9.993
0.312272,10.877
0.174665,6.106
0.108286,3.746
0.301016,10.524
0.174695,6.113
0.300773,10.465
0.202989,6.92
0.247663,8.578
0.152157,3.919
0.163766,5.731
0.29058,10.167
