2.79189,41.3646,0,1.96085,6.7958,96.3244,1.5832,2.76567,21.9776,0.514653,1.00682,3.03421,
2.21522,39.615,0,2.30023,6.74953,124.659,1.53818,3.10193,23.2956,0.381401,1.05272,3.28472,
3.30405,40.8335,0,2.12352,7.12304,112.487,1.45579,2.79255,27.7454,0.493793,0.883888,3.14099,
2.96017,42.1718,0,1.98785,6.15866,125.276,1.59984,2.78108,24.8148,0.422759,0.852338,3.59105,
3.00668,43.1364,0,2.6486,6.45602,119.027,1.68355,2.73076,23.3809,0.485297,0.929074,3.17882,
2.79349,41.7745,0,2.09258,5.72593,105.025,1.64706,2.60041,24.3454,0.451166,0.921689,3.98964,
3.27515,40.3184,0,2.32827,5.64642,122.577,1.47398,2.48923,23.125,0.544626,0.958963,3.30533,
3.04287,39.8574,0,2.22499,7.11136,114.647,1.54089,2.72677,22.5935,0.453753,0.887704,2.68022,
2.68709,49.2497,0,2.68572,6.27476,94.8008,1.47507,3.08726,19.7619,0.411614,0.768169,3.41128,
2.3327,44.5755,0,2.49569,6.78784,116.226,1.25933,2.60609,22.1883,0.504245,0.897966,3.02684,
2.57286,42.6697,0,2.251,6.42158,125.986,1.48424,2.73911,23.6204,0.507629,0.832878,3.52752,
2.73612,46.7454,0,2.17655,6.18139,110.393,1.55901,2.68569,23.4552,0.324539,1.06564,3.27749,
3.17405,42.6236,0,2.20179,7.77715,122.948,1.57414,3.18866,25.6912,0.511631,0.757856,3.6278,
2.48698,39.0034,0,2.08789,6.81523,125.265,1.62731,3.05025,24.2232,0.48249,0.953993,3.66069,
3.09763,39.981,0,2.4116,6.67115,119.709,1.47973,3.03612,24.2732,0.449888,0.950814,3.52566,
2.71576,31.288,0,2.29189,7.02126,131.469,1.8365,2.89768,23.7331,0.477282,1.09511,3.25894,
3.02103,40.0119,0,2.26095,5.72054,120.128,1.61182,3.08609,23.2794,0.498932,1.08733,2.81968,
2.64118,42.598,0,2.07124,5.98258,118.823,1.5951,2.32583,20.023,0.469791,0.865254,3.80113,
3.3107,37.1116,0,2.34066,5.90989,128.678,1.22693,2.87304,23.8139,0.455284,0.581817,3.1654,
2.38724,41.691,0,2.30414,5.93149,125.276,1.37287,2.81588,29.8725,0.454051,1.05614,3.56604,
2.67748,37.0382,0,2.29655,6.29348,120.402,1.48425,2.48089,22.1813,0.455524,0.878188,2.94849,
3.22215,36.6459,0,2.46875,6.14381,115.828,1.41742,3.16046,26.666,0.461668,1.04329,3.90728,
2.6506,42.0765,0,2.62089,6.1516,110.603,1.52344,2.93252,23.7667,0.466909,1.07583,3.75089,
3.28633,34.9064,0,2.31145,6.43307,130.796,1.70674,2.72792,24.0334,0.578931,1.10117,3.20334,
2.37345,40.8156,0,2.20754,6.60342,120.042,1.37826,2.60666,21.9989,0.419234,0.991132,3.05579,
3.46789,34.0543,0,1.93592,6.92022,114.556,1.53239,3.30537,26.7476,0.412138,0.785382,3.1752,
3.21833,41.4853,0,2.60834,6.66285,130.198,1.51972,2.78479,23.8181,0.528208,1.00207,3.69886,
2.5689,42.1447,0,2.53193,5.77032,106.527,1.62629,3.33442,22.5599,0.4061,0.957018,3.61671,
2.83503,32.7503,0,2.39333,6.54051,130.234,1.36631,2.94187,22.1772,0.441736,0.947282,3.04359,
2.89307,42.5812,0,2.43316,4.33642,130.218,1.15403,2.96497,24.1513,0.466654,0.929285,3.44736,
3.01364,32.1307,0,2.10402,7.04528,119.239,1.37322,2.71439,21.008,0.523626,1.00602,2.68713,
2.9611,47.9915,0,1.71772,6.15971,99.4293,1.62671,2.79298,24.4242,0.428558,0.944909,3.48295,
2.83152,36.2359,0,2.05599,6.30696,131.289,1.48131,3.14924,26.0057,0.469474,0.856386,3.32719,
2.80665,38.9744,0,2.02853,6.49124,120.79,1.53324,2.75597,21.4049,0.441608,1.10606,2.76707,
2.70554,39.3402,0,2.17011,7.027,118.194,1.18829,2.7575,20.7855,0.434953,0.916246,3.01547,
3.00627,39.1474,0,2.49177,6.36198,102.139,1.73966,2.24847,23.3524,0.481446,0.849118,3.1122,
2.10139,36.777,0,2.25242,6.00975,123.417,1.62461,3.10052,19.9528,0.423704,0.958728,3.59066,
2.79127,31.5416,0,2.1621,6.13857,131.011,1.39702,3.19469,22.0413,0.462077,0.851563,3.19519,
2.41162,32.1066,0,2.18553,6.57897,114.421,1.34879,2.96088,22.849,0.462747,1.01084,3.27589,
3.02272,40.1012,0,2.17998,6.7453,114.166,1.88622,3.103,28.5451,0.479869,1.02087,3.58142,
2.27473,48.2382,0,2.26759,5.54995,138.981,1.68387,2.50558,26.5801,0.441084,0.667209,2.96499,
3.04005,38.0933,0,2.39195,6.19337,126.562,1.6628,2.66466,26.3067,0.410273,0.825848,3.02646,
2.9315,39.7014,0,2.4489,7.15079,124.93,1.20418,3.13861,27.8511,0.414592,0.948507,3.71725,
3.10027,40.5704,0,2.46249,6.60234,127.507,1.62695,2.62795,25.7994,0.494739,0.97281,2.7386,
3.20246,39.82,0,2.18356,7.36406,119.533,1.40897,2.79312,23.8564,0.52365,0.737538,3.55386,
2.53652,38.5961,0,2.05491,6.68194,103.749,1.44579,2.6867,27.3138,0.467341,0.832313,2.78008,
2.24369,42.0743,0,2.09922,6.81469,130.608,1.36147,2.7942,23.4571,0.463161,0.890046,2.76051,
2.85811,39.8705,0,3.01747,6.79386,116.993,1.55985,3.01287,27.2156,0.45786,1.04392,3.14992,
2.23542,40.5665,0,2.44555,6.79563,109.611,1.37105,2.48846,27.4538,0.512016,0.940524,2.80567,
3.00352,37.4402,0,1.97819,6.49804,138.043,1.50819,2.50312,28.8251,0.451936,0.970821,3.60579,
2.94772,31.1617,0,2.60741,7.29894,97.8081,1.3666,2.46863,25.253,0.434937,0.948286,3.40283,
3.03508,43.117,0,2.28864,7.37526,118.694,1.50886,3.15469,23.2018,0.364722,0.932623,3.26331,
2.79029,45.0889,0,2.27045,7.70998,125.543,1.46213,2.79175,24.2917,0.41255,0.953921,3.14791,
2.77371,38.7667,0,1.94881,6.09928,100.292,1.49869,2.88441,24.1208,0.439645,0.943117,3.75923,
3.01172,45.6102,0,2.35954,6.72211,138.782,1.66479,3.26008,27.4032,0.571048,0.818786,3.18306,
2.65464,35.5997,0,1.95528,6.83404,117.137,1.6893,2.75407,21.1815,0.469027,0.855367,3.3033,
2.2849,34.1315,0,2.36,7.73544,145.024,1.69038,3.10956,23.5406,0.52536,0.737103,3.24515,
2.96933,36.1885,0,2.02251,6.65725,127.968,1.63794,3.06229,24.8029,0.483368,1.03481,3.24247,
2.92646,39.5172,0,2.11601,5.95248,123.177,1.25885,2.56023,23.5426,0.414544,1.00915,3.28633,
3.46496,41.6685,0,2.21987,6.34687,113.532,1.44749,2.35645,26.4442,0.405276,0.991382,3.43328,
3.3475,39.0601,0,2.02068,5.65811,125.6,1.69473,2.52471,24.0207,0.440248,0.974601,3.63741,
2.51841,32.1995,0,2.44121,6.09737,108.512,1.57343,2.76962,22.5687,0.415545,0.809562,2.99328,
2.43495,38.2611,0,2.0492,6.19392,111.513,1.30056,2.50112,25.0081,0.453526,0.797679,3.00611,
2.92871,42.2201,0,2.2405,7.83962,113.57,1.37877,2.60607,26.9753,0.514342,0.846583,2.78497,
2.54953,39.4743,0,2.55708,6.89104,120.618,1.6088,3.05196,24.4867,0.499451,0.910098,2.91231,
2.5834,37.2511,0,2.46252,6.04098,133.207,1.43561,3.20111,23.5866,0.470533,0.817971,2.7349,
2.88023,37.0153,0,2.0264,6.97243,113.238,1.58251,2.64404,26.078,0.460838,0.889157,3.12345,
2.84763,44.4546,0,2.2263,5.99638,127.797,1.37921,2.87192,24.0383,0.507469,0.901328,3.30342,
2.69543,38.5838,0,2.11166,7.00917,108.367,1.65676,2.84161,24.0017,0.41909,1.06439,2.65414,
2.91116,41.9853,0,2.18734,6.23733,121.518,1.36178,3.56496,24.3484,0.514002,0.982181,3.10472,
2.76276,38.3865,0,2.58825,6.97205,114.783,1.50329,1.58055,25.4317,0.40718,0.904369,3.51633,
3.00868,39.2988,0,2.33464,6.61772,102.506,1.28677,2.94346,24.385,0.447581,0.999206,3.40971,
3.29523,38.4806,0,2.07997,6.12235,121.765,1.28344,3.40672,19.669,0.541868,1.01177,3.14705,
2.7976,40.1176,0,2.26171,6.68311,113.02,1.21832,2.4468,24.3224,0.438713,0.844333,3.63778,
2.93699,41.3594,0,2.08143,7.88656,121.131,1.58409,3.2491,23.4166,0.419485,0.787885,2.93206,
3.01489,35.8224,0,2.66573,6.61027,113.242,1.45288,2.75579,23.6964,0.404576,0.933261,3.17405,
2.97658,45.2897,0,2.34085,5.8116,106.67,1.54222,2.76886,19.4219,0.50931,1.06349,3.58799,
2.9896,40.6998,0,2.78234,6.19315,123,1.49484,2.57031,21.3784,0.507293,0.974538,3.47484,
3.24681,39.7274,0,2.05669,6.20694,132.418,1.36602,2.21702,23.8741,0.452245,0.964123,2.84926,
2.59975,42.5005,0,2.38416,5.68819,87.0111,1.55511,2.59995,25.9584,0.400637,0.82408,3.19897,
3.27441,41.321,0,1.98382,6.29509,106.737,1.36142,2.92455,25.0458,0.488418,0.962482,2.96179,
2.87953,47.3036,0,2.01649,6.65317,132.889,1.25588,2.61409,22.9095,0.452206,1.14317,3.48668,
2.77561,35.6018,0,2.09928,6.08964,111.758,1.69522,3.25235,22.9352,0.483487,0.855351,3.14052,
2.44911,35.0115,0,2.16438,5.03444,98.5262,1.45512,3.09106,19.9961,0.476688,1.07496,3.57377,
3.21058,33.6388,0,2.6009,6.43952,108.456,1.25263,3.06336,24.6976,0.470654,1.02077,3.72289,
2.8608,42.482,0,2.24528,6.07763,101.861,1.4028,3.10459,24.7313,0.419454,0.828537,2.97782,
3.48644,40.7832,0,2.18006,6.51328,121.42,1.53567,3.3204,24.8526,0.568619,0.835587,2.86715,
2.57442,38.5306,0,2.17359,7.00857,135.916,1.46179,2.84341,28.3725,0.463001,0.922088,3.36912,
3.16677,35.6883,0,2.50327,7.67685,123.925,1.61963,2.96698,22.9303,0.494443,0.855232,2.39802,
2.96976,40.6106,0,2.28887,5.65989,117.708,1.32625,2.62242,21.6688,0.526188,0.806982,3.02018,
3.44933,36.5742,0,2.29418,7.11488,122.532,1.50981,2.91543,27.1968,0.394139,1.005,3.00886,
3.00957,38.931,0,2.55908,6.3646,100.091,1.56646,2.67811,20.3056,0.449846,0.645122,2.79253,
2.63748,37.1801,0,2.21613,5.76957,116.724,1.52763,2.71901,23.3574,0.425875,0.869478,3.15539,
3.07464,45.5136,0,2.3431,6.13524,105.285,1.615,3.05365,27.5479,0.470426,0.849262,3.41499,
2.71071,42.6561,0,2.05639,6.48048,122.143,1.53522,2.91051,25.661,0.393141,1.07706,3.61569,
3.00011,34.3933,0,2.08766,6.43523,112.34,1.766,2.84504,23.2561,0.42691,1.04474,3.60304,
2.998,38.5655,0,2.28602,7.18822,114.854,1.49973,3.00032,21.7139,0.474902,0.808988,3.43501,
3.08881,40.3724,0,2.79122,6.67732,111.124,1.68047,2.52571,22.5139,0.396993,0.904331,3.28475,
2.26948,39.2084,0,2.23508,6.6077,132.07,1.63881,3.09382,26.8246,0.488391,0.884774,3.16022,
2.85593,37.865,0,2.27619,6.80008,107.013,1.29275,2.98538,26.8735,0.493653,0.893519,3.27564,
2.91652,43.9065,0,2.18436,7.28198,116.285,1.61118,2.45376,24.5711,0.492192,0.821757,2.85426,
2.4355,35.0948,0,2.30653,7.64808,116.593,1.26066,2.46778,23.9078,0.487634,0.976684,3.00528,
2.54764,33.059,0,2.19745,7.68146,130.336,1.74881,2.88137,20.1162,0.482891,1.09963,3.27703,
2.18178,42.7632,0,2.25548,6.46068,127.315,1.53636,3.06677,22.2231,0.542719,1.00678,2.8058,
2.26191,36.3466,0,2.06909,7.76665,121.486,1.49866,2.80721,25.2189,0.431552,1.02121,3.07232,
2.7813,48.0557,0,1.96559,5.69452,102.908,1.11329,3.01276,24.9538,0.4553,1.172,3.20462,
3.27879,42.8362,0,2.36997,7.10729,137.265,1.45276,2.72841,24.8473,0.443489,0.938819,3.37407,
2.99888,39.7744,0,2.04245,5.95074,107.723,1.54158,2.68627,22.5429,0.517837,1.02361,3.25813,
2.89275,37.9932,0,1.85725,7.13406,88.9895,1.55349,2.3703,23.8003,0.454975,1.00561,3.64822,
2.55728,47.3554,0,2.3358,7.28148,101.821,1.29707,3.12117,25.0412,0.441199,0.791985,3.38252,
2.72585,42.0606,0,2.08817,6.30049,108.28,1.225,3.07348,23.8679,0.422569,0.905545,3.12999,
2.94291,35.7819,0,2.35381,6.91844,109.744,1.60232,2.67447,25.092,0.533445,1.03236,3.0506,
3.0405,39.022,0,1.81792,6.63905,121.545,1.48749,3.06629,29.0197,0.515553,0.778214,3.61614,
3.23405,35.3628,0,2.38624,5.9666,111.319,1.45614,2.56502,20.6925,0.526352,0.892555,3.25901,
2.74177,37.9646,0,2.45179,6.71644,126.598,1.55995,3.13734,23.1469,0.401045,1.07638,3.31162,
2.9248,35.1395,0,2.3096,5.85773,116.211,1.63313,3.07417,22.3377,0.432301,0.771771,2.64097,
2.36384,37.9407,0,2.76319,7.13236,102.437,1.7811,3.28371,19.9227,0.346826,0.945055,3.37142,
2.47035,42.442,0,1.95863,5.51033,123.552,1.63262,3.36841,27.6717,0.371066,1.09859,3.17216,
2.57169,32.6598,0,2.58696,6.03475,119.402,1.43164,2.80595,26.5632,0.512686,1.19744,3.2287,
2.46913,35.0686,0,2.17348,6.26425,130.897,1.72246,2.68779,21.2617,0.471737,0.917855,3.35037,
3.05398,39.1295,0,1.84034,6.33543,107.323,1.43582,2.81208,20.4351,0.48427,0.908966,2.71097,
3.16353,36.8046,0,2.08423,6.05242,119.037,1.4378,3.4532,27.4311,0.463886,0.889687,3.72077,
2.54784,39.976,0,1.84991,6.8921,108.065,1.32911,2.88592,20.0912,0.412154,0.881645,2.86864,
3.10832,43.2552,0,2.17791,7.70919,120.077,1.44631,2.55706,24.3379,0.413853,0.877998,3.43303,
2.99188,33.9799,0,2.42351,5.99616,99.298,1.57802,2.85036,21.1682,0.4266,0.907273,3.0399,
3.01223,45.3623,0,2.11466,6.48158,132.228,1.81105,2.7914,22.7343,0.446304,0.991529,3.09923,
3.17801,38.256,0,2.35602,7.65685,130.355,1.25723,2.86411,24.4588,0.412869,0.945461,2.96483,
3.02997,44.9688,0,2.18561,7.29281,113.868,1.66199,2.98409,23.545,0.478632,0.892557,2.71447,
3.10396,43.1502,0,1.87318,6.53418,108.414,1.68538,3.35408,24.7804,0.473182,0.975949,3.70339,
2.739,35.7753,0,2.38605,6.30217,126.096,1.50873,2.58809,27.3948,0.425315,0.835469,2.54694,
2.42341,36.106,0,2.49382,5.67718,117.18,1.35112,2.3143,24.953,0.412738,0.849083,3.70203,
2.53521,39.3516,0,2.76022,7.18159,123.962,1.51004,2.71864,22.9134,0.435724,0.878041,2.84866,
2.77811,33.3171,0,1.73571,6.05232,120.525,1.31706,2.21244,30.3193,0.3896,0.868249,3.23933,
2.79353,42.5077,0,2.31095,6.76799,106.256,1.50535,2.43028,27.4202,0.441411,0.733052,3.49112,
2.70494,38.9559,0,2.31181,6.36239,112.711,1.41541,2.93015,24.1041,0.359043,0.777271,3.27732,
2.41405,34.28,0,2.06448,5.1766,114.659,1.38668,2.25775,26.7147,0.518588,1.00359,2.95438,
2.61357,36.0233,0,2.39732,6.07936,105.141,1.33507,2.34956,21.1049,0.463731,0.939765,3.20247,
3.13682,44.2743,0,1.91989,5.72193,107.934,1.60122,3.26908,23.7736,0.425114,0.903208,3.42756,
2.70908,38.4847,0,2.31899,5.98013,131.461,1.47826,3.58294,20.4954,0.47061,0.887341,3.89074,
3.23816,41.1908,0,2.41187,6.78214,125.604,1.72329,2.78832,21.3297,0.536047,0.894582,2.52796,
2.47351,38.0914,0,1.87908,6.98762,129.239,1.49633,2.52298,22.9032,0.503246,0.919174,3.17139,
2.39989,41.4107,0,1.93663,6.63123,101.898,1.53578,3.17156,24.2518,0.431348,0.92413,2.94134,
2.58084,39.2332,0,2.26637,6.39215,86.6648,1.64173,2.87721,22.8055,0.479852,0.664431,3.31211,
2.40339,34.9447,0,2.2262,7.00732,107.026,1.69068,2.91972,21.3379,0.385674,0.928953,3.51284,
2.37176,39.4319,0,2.02601,5.2433,127.413,1.46884,2.87923,24.1677,0.502538,0.942593,3.56718,
2.87509,41.6351,0,2.33622,7.0581,117.675,1.64502,2.44607,23.0477,0.418157,0.774206,3.45023,
3.11403,43.5787,0,1.88896,6.46028,113.779,1.42536,2.90809,24.3389,0.434596,0.924456,2.91019,
3.08011,40.1518,0,2.56818,5.10108,92.6946,1.37576,2.6844,22.6514,0.407243,0.879948,3.18716,
2.82005,42.4678,0,2.50806,6.33374,135.978,1.73248,2.62255,27.2736,0.434796,0.999104,3.01666,
2.75111,43.3362,0,2.08587,6.42635,117.106,1.60114,3.30912,25.4984,0.451437,0.999441,3.11018,
2.49726,38.3986,0,2.14765,5.98414,126.837,1.37598,2.7604,23.9472,0.472447,0.922045,3.20606,
2.97293,31.2472,0,2.25221,7.01975,87.822,1.32654,2.40202,20.9182,0.485267,0.805295,3.07737,
2.40235,40.8206,0,2.72784,6.92815,119.256,1.56523,2.81435,26.9029,0.482224,0.945051,2.75104,
3.1468,37.5113,0,2.33744,6.05362,111.904,1.52621,3.03227,26.9136,0.440509,1.10948,3.55154,
2.64633,37.221,0,2.36317,6.08747,136.61,1.64451,2.72474,27.2475,0.463484,1.02797,3.61279,
2.76783,39.0702,0,2.25307,6.4384,136.934,1.38712,3.2591,26.7938,0.422451,1.00181,3.26062,
3.08619,46.3816,0,2.10689,6.49981,112.197,1.81938,3.01041,26.1727,0.459272,0.988301,2.80325,
2.72246,40.285,0,2.75058,6.6361,128.835,1.69844,3.20672,22.9327,0.345634,1.00239,3.19275,
2.48228,40.9594,0,2.36469,6.21508,120.688,1.47791,2.95293,24.8298,0.462534,0.762211,3.24017,
2.99174,39.3218,0,2.23146,7.01059,133.66,1.28905,2.65965,22.5707,0.501124,0.906888,3.39578,
3.09454,37.8346,0,2.42087,6.77827,109.837,1.06762,2.28979,24.676,0.461817,1.01267,3.416,
2.67586,37.5341,0,2.5636,7.17802,118.241,1.24074,2.64916,21.8728,0.428014,0.784506,3.17028,
3.04493,38.8515,0,1.74201,7.99476,127.174,1.68709,2.74003,22.5486,0.44242,0.970433,3.10079,
2.96378,41.2969,0,2.53255,6.4388,116.347,1.47566,1.90014,23.8697,0.410262,0.811404,2.90851,
2.9293,30.7976,0,2.3343,5.6603,121.154,1.70732,2.97144,20.5293,0.468328,0.891605,3.65364,
2.47566,49.1818,0,2.19795,6.32401,114.538,1.71787,3.12105,25.9347,0.546414,0.966312,3.4774,
2.59963,42.7683,0,2.4595,6.52642,115.243,1.48178,3.20559,21.184,0.533869,0.643837,3.2071,
2.92475,43.3552,0,2.23583,6.68614,129.712,1.5293,3.05833,22.1424,0.478823,1.05535,3.2245,
2.86064,48.5526,0,2.059,5.4471,110.491,1.72347,2.7759,25.3196,0.544667,0.978847,3.29586,
2.97414,41.2853,0,2.41037,5.35204,119.617,1.82037,2.58517,26.6434,0.495729,0.907788,3.16088,
3.10146,40.8516,0,2.31877,7.07676,125.232,1.65714,2.82744,24.8101,0.461783,0.930671,2.66404,
2.94251,35.1605,0,2.40543,5.75504,109.035,1.57592,3.2298,22.615,0.559431,0.979519,3.02277,
2.42005,43.1766,0,2.32522,7.16615,110.402,1.47548,2.86716,23.63,0.466963,0.878778,2.53855,
2.68084,42.3441,0,2.3203,6.62589,123.958,1.49513,3.11671,22.9562,0.48416,0.804569,3.3631,
2.36635,39.0537,0,2.37413,5.97155,102.323,1.56251,2.77579,22.6566,0.447192,0.887543,2.83248,
2.91405,45.06,0,2.07146,7.29067,123.995,1.265,2.88666,26.3693,0.376715,0.8807,3.5012,
3.31614,45.7837,0,2.42758,6.24762,111.359,1.40719,3.16468,23.4373,0.479193,0.964233,3.30994,
2.69827,37.4065,0,2.27395,6.77083,91.1741,1.82666,3.22148,23.3098,0.450328,1.02237,3.43483,
3.0748,37.2684,0,2.33664,5.98547,114.968,1.43689,3.05684,24.9606,0.457927,1.02164,3.20291,
3.01927,37.263,0,2.65738,6.41453,130.778,1.3549,2.84258,23.6425,0.499579,0.774293,3.41165,
3.21708,40.6793,0,2.44817,5.5212,114.506,1.56107,2.66628,26.3635,0.524115,0.982966,3.41339,
3.05,34.5293,0,2.4274,5.99276,124.226,1.63668,2.56984,22.7168,0.449829,1.05287,3.66711,
2.89237,34.9647,0,2.02331,6.05699,110.888,1.31222,2.73095,22.6975,0.471988,0.898437,3.58077,
2.76984,34.2908,0,2.35536,5.39909,111.522,1.65722,2.92384,24.9941,0.40539,1.01531,3.70612,
2.97537,38.5935,0,1.94161,7.57144,113.063,1.6937,3.00886,27.4189,0.418892,0.988257,3.22491,
2.55303,39.8664,0,2.4872,6.41324,138.053,1.66881,2.82033,23.6578,0.406535,0.863475,2.77533,
2.73943,40.515,0,2.28739,6.29824,119.036,1.56263,3.01054,23.5581,0.500313,0.924831,2.85616,
2.75953,43.2391,0,2.19956,6.40529,118.169,1.65204,3.11744,23.8973,0.44765,0.883943,3.36107,
3.20516,39.385,0,1.86279,5.95337,111.403,1.52202,2.61548,26.7166,0.464314,0.757528,3.11691,
2.82789,41.1427,0,1.81363,7.73438,125.932,1.70989,2.99001,21.1258,0.397568,0.924449,2.53882,
2.72899,41.7212,0,2.5915,5.9923,118.993,1.76759,2.28529,22.8335,0.47739,1.05895,3.43784,
2.57574,34.5272,0,2.40579,6.98234,112.312,1.2864,2.70629,18.7259,0.528845,0.959392,2.9933,
2.90484,38.3611,0,1.90822,5.52155,116.689,1.52977,3.06561,19.5451,0.417669,0.784077,3.75298,
3.11968,37.4908,0,1.87237,6.51228,117.475,1.47777,2.5489,20.2043,0.453806,0.870024,3.75385,
2.57188,40.1691,0,2.71297,6.38256,115.516,1.6697,2.4538,24.3905,0.440201,0.995715,3.60418,
2.9553,36.1353,0,1.96219,7.88442,113.488,1.50537,2.88437,20.6684,0.541581,0.912445,3.38208,
3.08491,39.4055,0,2.39678,5.65184,109.705,1.59143,2.42373,22.0585,0.442284,0.938174,2.78423,
2.74587,41.5801,0,2.31317,7.25495,119.74,1.76941,3.11507,24.9639,0.448243,0.948751,3.24126,
2.71202,37.8257,0,2.208,6.23516,82.1034,1.60735,2.90891,25.4672,0.510696,0.889995,3.72546,
2.98906,39.5943,0,2.1257,6.1158,111.485,1.42402,3.02144,29.3461,0.428947,0.978224,3.09767,
3.1237,39.9733,0,2.36172,5.97403,112.709,1.33206,3.00305,25.5793,0.482701,0.913287,3.8015,
2.55329,38.3328,0,2.44338,7.54486,101.902,1.48661,2.60089,27.2249,0.427763,0.964027,2.9787,
2.74992,38.0627,0,2.3071,6.67295,113.089,1.59721,3.26845,22.2542,0.400607,0.946327,2.84299,
2.83958,33.2278,0,2.29112,6.08649,125.31,1.33687,2.88471,27.1802,0.454566,0.9703,3.13613,
3.14653,48.3641,0,2.25903,6.56133,123.692,1.69638,2.75214,22.8604,0.400094,0.808385,3.39113,
2.78539,37.7468,0,2.43627,6.35568,125.235,1.77072,3.27341,24.7845,0.505147,1.02373,3.39077,
2.45534,36.3678,0,2.35996,6.98515,111.568,1.41146,3.00579,22.008,0.519534,0.989625,3.0259,
2.81904,37.8111,0,2.18737,6.61474,116.178,1.71602,2.44275,22.5097,0.516386,0.835476,3.11424,
3.27208,34.0697,0,1.96301,6.65782,99.1722,1.61827,2.8586,24.5922,0.426823,1.0019,3.60079,
2.45059,34.562,0,2.49937,5.13292,110.16,1.46633,2.8217,24.923,0.431102,0.991091,2.67503,
2.81056,38.1958,0,2.33064,5.59094,107.657,1.69245,2.86886,22.8833,0.441331,1.01217,3.69628,
2.78118,39.5555,0,2.14987,6.64724,117.665,1.44447,2.65093,23.2361,0.51054,0.88629,3.00989,
2.76431,34.4114,0,2.28607,6.34574,107.921,1.45622,2.8696,21.7358,0.53303,0.940818,3.29349,
2.70292,40.9529,0,2.61788,6.69348,119.232,1.44247,2.95121,24.5565,0.489096,0.973142,3.67767,
3.15081,37.4808,0,2.36796,7.47972,128.22,1.38248,2.87094,21.4709,0.486119,0.98092,3.30671,
3.24692,31.4796,0,2.39828,7.36148,106.497,1.56073,2.87623,26.4723,0.490901,0.804941,3.22272,
2.37277,31.2696,0,2.04436,7.38452,123.7,1.45171,2.95362,24.4218,0.506535,0.862051,2.97963,
3.08826,41.8192,0,1.80081,5.89856,119.25,1.70484,3.24063,23.9726,0.46855,1.08475,3.6008,
3.07421,37.4132,0,2.24778,5.95064,118.701,1.45433,2.58305,25.5482,0.432387,0.857113,2.82589,
3.00954,37.2559,0,2.24096,6.36677,130.185,1.50737,2.88061,20.12,0.507141,1.02438,3.37362,
2.36988,44.757,0,2.81179,7.14829,116.124,1.47923,3.63161,24.2182,0.461668,0.803002,3.4626,
2.7422,36.521,0,1.81879,6.02903,128.759,1.60605,3.11573,20.6588,0.360696,0.872124,3.14178,
3.05106,38.4222,0,2.14707,5.8493,131.248,1.41689,2.63877,26.7652,0.461368,0.862476,3.28217,
3.29442,37.0847,0,2.26609,6.10855,138.476,1.54598,2.99202,25.1921,0.458956,0.877349,4.0753,
3.02115,33.9949,0,1.98825,6.71283,121.954,1.55159,2.46847,23.6471,0.494074,0.878245,3.10769,
3.00053,45.8602,0,2.20244,7.59545,120.899,1.46267,3.18919,24.8136,0.479333,0.981308,3.2673,
2.38402,44.6931,0,2.04562,7.38692,118.715,1.30864,2.56931,23.4031,0.438554,1.0604,2.62092,
3.08056,41.2978,0,1.93651,7.4906,129.794,1.39533,3.12037,25.9802,0.492096,0.831496,2.71696,
2.37075,44.9315,0,2.07101,6.65948,126.606,1.37955,3.46068,19.2397,0.453717,0.765113,3.33753,
2.59249,37.7884,0,2.33429,7.06263,116.172,1.40778,2.68812,23.6416,0.490585,0.950336,3.44053,
3.13697,47.8201,0,2.47666,5.38309,116.3,1.63296,3.49838,24.7354,0.434651,0.834963,3.15594,
2.60327,46.3943,0,2.58507,6.93649,119.05,1.59858,2.40963,23.9561,0.495311,0.878255,3.64053,
2.50893,37.0025,0,2.25059,6.79084,100.333,1.49873,2.72199,25.546,0.495164,0.965059,3.75715,
1.96602,35.5925,0,2.2433,6.85804,117.233,1.33712,3.09362,24.9941,0.475097,1.00512,3.4169,
2.92878,32.0919,0,2.44992,7.37858,121.934,1.32746,2.5879,26.1545,0.503495,0.801545,3.00165,
2.88702,33.6322,0,2.1228,7.78273,113.492,1.3764,2.68938,26.8358,0.409741,0.903973,3.24163,
2.78968,45.3125,0,2.23714,6.05988,109.578,1.55726,3.05931,20.1222,0.478072,0.927205,3.04895,
2.90207,38.7459,0,1.96029,7.28319,135.297,1.60668,3.21361,26.2632,0.537943,0.75225,3.34703,
2.73773,43.5502,0,2.26128,8.37835,121.423,1.30933,2.9824,26.3572,0.505414,0.95571,3.5503,
2.8088,38.3044,0,2.52869,6.86821,120.998,1.25482,2.75178,21.6979,0.512695,1.00837,3.23774,
3.00706,35.5885,0,2.40136,7.33759,108.745,1.45201,2.98067,22.5247,0.419539,0.852702,3.337,
3.01241,36.896,0,1.94503,6.50508,129.824,1.57418,2.63904,22.1388,0.432145,0.785197,3.27153,
3.17736,39.0362,0,2.17873,7.36293,100.688,1.39392,3.06905,23.6771,0.520808,0.789555,3.24146,
2.61293,40.2339,0,2.34343,5.19983,121.589,1.22828,2.75443,23.0539,0.465581,1.04526,3.40786,
2.8698,36.7972,0,2.29459,5.79494,120.404,1.512,3.26413,28.7834,0.495261,0.895264,3.60376,
2.84349,40.1406,0,2.20887,6.17995,103.183,1.31208,2.38072,24.7035,0.404156,0.777528,3.62878,
3.05548,46.6509,0,2.17663,6.06067,110.179,1.5027,2.58217,23.351,0.465272,1.02901,3.16596,
3.38094,43.4419,0,2.04485,7.29607,103.518,1.41578,2.87229,23.4408,0.540492,0.964451,3.09937,
2.83822,39.7816,0,2.20995,6.73164,128.745,1.45343,2.68249,26.2684,0.495119,0.985313,3.27273,
2.72335,40.2675,0,2.69448,6.7616,133.683,1.12971,2.8065,24.803,0.418845,0.848652,3.48985,
3.12448,39.215,0,2.13516,6.10619,114.069,1.4743,2.91091,24.7255,0.472271,0.870822,3.30384,
2.18508,35.8176,0,2.13321,6.92678,97.7144,1.52184,3.39013,24.1924,0.496816,0.965594,3.45478,
2.8421,38.7061,0,1.99749,6.90034,100.005,1.293,2.52315,26.9554,0.488621,0.874721,3.56873,
2.55582,40.4119,0,2.14457,5.87586,119.196,1.66617,2.53703,24.8377,0.428226,0.821052,3.35686,
3.47315,35.5694,0,2.27082,8.2738,122.535,1.54045,2.87503,21.7756,0.514564,1.01048,3.30689,
3.07082,39.8559,0,1.8995,6.09275,129.367,1.64621,3.07701,26.8014,0.484466,0.92654,4.05188,
3.11429,31.6101,0,2.50301,6.53062,93.9386,1.55711,2.58889,27.176,0.472938,0.969217,3.12559,
2.54419,38.1264,0,2.29815,6.77448,112.282,1.37299,2.87574,24.2453,0.496667,0.834007,3.08747,
2.86909,34.7505,0,2.40522,5.26506,105.244,1.80671,2.4123,24.6603,0.399881,1.05362,3.20385,
2.73281,37.4669,0,2.4996,7.00674,125.215,1.55768,3.07046,29.3715,0.591635,1.00416,2.65054,
3.3182,37.7438,0,2.02928,6.63003,104.834,1.59067,2.82541,25.0053,0.471124,0.883757,2.85543,
2.65849,37.9676,0,2.71367,6.65125,112.89,1.51171,2.59855,22.9936,0.494298,0.895401,3.1776,
2.63303,36.378,0,1.83921,7.15402,103.228,1.61691,2.91402,25.7066,0.37581,0.964665,2.94505,
3.13548,31.6672,0,1.97861,7.15466,114.181,1.58438,2.91533,24.1034,0.512987,0.95644,3.08921,
3.03244,39.0867,0,2.23276,7.15436,117.472,1.30869,2.66504,28.0583,0.468123,1.12702,2.98204,
3.51281,34.131,0,2.07327,6.9177,100.189,1.59447,3.49936,26.3774,0.549056,0.972207,3.13951,
2.58169,40.7748,0,2.50193,6.29033,122.28,1.48457,2.76395,24.9694,0.419183,0.771057,3.21294,
3.26376,28.8234,0,2.20536,5.97872,115.618,1.47597,3.04808,23.9471,0.432662,0.91301,3.04722,
2.85647,34.9136,0,2.49195,7.30496,112.505,1.33228,3.30647,24.9104,0.480406,0.879435,3.25969,
2.84523,43.5359,0,2.3621,7.09138,119.518,1.63637,3.02486,29.0237,0.458714,1.13495,2.50823,
3.50477,38.7541,0,1.9591,6.52461,110.908,1.57625,2.81671,24.9872,0.456716,0.932271,3.7904,
2.62289,39.8476,0,2.56017,5.82121,111.6,1.41056,2.63209,23.8092,0.476369,0.809186,3.18223,
2.64827,37.7583,0,2.30155,6.92648,103.569,1.40407,2.71749,25.9024,0.455234,0.907395,2.87628,
3.03181,36.5891,0,2.42259,6.52952,119.167,1.38852,2.79485,26.3216,0.492982,0.892363,3.72238,
2.41035,39.019,0,2.43139,6.26874,116.058,1.38137,2.71548,23.7479,0.451354,0.9849,3.44137,
2.7192,36.6901,0,1.9189,6.66613,128.392,1.47149,3.13035,25.8094,0.446866,0.888335,3.5832,
2.9149,38.3125,0,2.18146,5.62694,90.5656,1.64584,3.15007,22.3806,0.453868,0.949477,3.26403,
2.35796,41.4684,0,2.41153,6.26812,126.3,1.39903,2.62641,23.8853,0.392107,0.963906,3.62542,
2.32887,44.0657,0,2.07611,7.31015,117.767,1.35511,3.13926,22.4339,0.461329,0.807379,3.48558,
2.41686,40.4056,0,2.32108,6.80242,115.782,1.83999,2.64523,24.8673,0.514994,0.928519,3.59226,
2.85412,33.2471,0,2.361,6.96259,121.397,1.5855,2.46177,25.5841,0.448617,0.878609,3.31692,
2.94223,40.8262,0,2.62815,7.28619,128.124,1.55843,2.9553,22.9737,0.4009,0.929427,2.9498,
2.18588,40.5626,0,2.22003,7.57022,107.685,1.36991,2.58581,27.0047,0.431896,0.84573,3.20885,
2.93389,48.4743,0,2.14472,7.25115,101.926,1.42726,3.2376,26.9214,0.462407,0.934709,3.48279,
3.36314,35.1543,0,2.32191,6.38274,149.779,1.75058,2.67356,27.0053,0.483329,0.907766,2.49611,
3.00684,38.3717,0,2.19236,7.53277,115.396,1.56376,2.94104,25.9212,0.446662,0.989852,3.12199,
2.94564,36.1169,0,2.2121,7.3999,115.821,1.59802,2.52037,24.848,0.447833,0.909329,2.91049,
2.41881,39.1115,0,2.20342,7.44069,120.676,1.56924,2.94562,22.2522,0.427549,0.991458,2.99498,
2.99077,35.1605,0,2.45827,7.04256,91.7871,1.77166,2.74494,21.142,0.431172,0.909218,2.87225,
2.4049,38.3605,0,1.86594,7.55338,111.695,1.67274,2.78448,29.1532,0.452868,0.938344,3.21446,
2.73911,46.3525,0,2.27899,7.21177,120.962,1.4272,2.5603,26.2428,0.468667,0.885526,2.88793,
2.43047,39.8054,0,2.34675,6.11482,107.863,1.72259,2.38505,28.6439,0.488198,0.716822,3.44523,
3.25856,36.6577,0,2.39726,6.28634,123.869,1.30217,2.48435,18.6222,0.501417,0.912444,3.16048,
2.69234,45.2606,0,2.04891,5.63669,104.336,1.36694,2.72193,21.7295,0.421887,0.861348,3.27952,
3.04709,29.294,0,2.67246,6.64268,112.809,1.68657,2.87794,23.9062,0.353053,0.819974,3.23495,
3.12155,40.0466,0,1.99609,6.87688,116.771,1.45806,3.06597,22.8194,0.445897,0.785132,2.76928,
2.98437,39.6732,0,2.48788,7.57309,122.647,1.32957,2.78556,25.1353,0.485242,0.97333,2.84189,
3.43994,34.9111,0,2.54222,6.10968,121.966,1.33393,3.0268,21.2717,0.489395,1.03135,3.20795,
3.3425,44.3367,0,1.731,7.27702,125.57,1.53162,3.04417,27.5868,0.524325,0.952327,3.43339,
2.70668,36.9968,0,2.59186,6.41839,102.629,1.35562,3.22705,23.6594,0.5354,0.868762,3.07558,
2.57432,37.6942,0,2.4497,5.66999,111.239,1.62967,2.47636,22.604,0.449074,0.894195,3.37684,
2.8205,36.3174,0,2.25,6.4668,116.164,1.74878,2.93107,23.5451,0.436628,0.858466,3.70764,
2.62663,38.8372,0,1.9061,7.16038,110.963,1.59382,2.51535,24.9409,0.360121,0.82602,2.61665,
2.36026,40.7506,0,1.85109,6.449,119.978,1.27826,2.59278,22.4824,0.506115,1.06214,3.35778,
3.05019,35.6769,0,2.33215,6.51015,129.03,1.26162,2.61412,25.7608,0.484485,0.80946,3.28728,
3.06648,43.6597,0,2.27878,6.9152,118.596,1.60161,3.38195,23.0624,0.481722,0.993907,3.23123,
2.36472,41.5968,0,2.28009,6.56234,113.422,1.56596,2.70459,20.8854,0.42199,0.971858,2.89752,
2.99926,32.1697,0,2.43491,6.62379,135.69,1.7138,3.11787,23.7373,0.419131,0.843145,3.37889,
2.34759,43.7122,0,2.28982,6.98907,109.095,1.333,2.99547,24.6884,0.404706,1.04442,3.17317,
2.61173,42.7482,0,2.61551,7.21804,124.579,1.52752,2.55642,23.7737,0.507397,0.985011,2.82327,
3.18607,39.7945,0,2.57032,5.80262,104.63,1.40417,2.84842,26.9879,0.538558,0.89016,3.17036,
2.9417,31.1925,0,1.72511,5.45838,90.3824,1.3766,2.93847,24.559,0.392032,0.84647,3.21978,
2.82522,35.396,0,2.26564,7.58609,98.4925,1.62449,3.23041,27.3284,0.441839,1.05524,3.41882,
2.97662,41.2908,0,2.41274,6.69765,119.199,1.40349,2.81449,23.218,0.458332,0.926964,3.08612,
2.99574,38.2872,0,2.42258,6.62095,130.052,1.71099,3.12005,22.289,0.382358,1.07925,2.96869,
3.32083,34.4127,0,1.96991,7.32728,119.838,1.74347,2.87243,22.927,0.473486,1.03066,3.16136,
2.74499,40.2011,0,2.3752,5.4569,123.97,1.4437,2.82114,28.1034,0.355469,0.855904,3.08845,
3.03936,40.9471,0,2.04329,7.19554,114.15,1.51444,2.95614,26.2463,0.439399,0.926277,3.83645,
2.98554,39.5934,0,2.22417,7.12508,123.99,1.4336,2.34389,22.7954,0.491288,0.88272,3.06616,
3.30026,42.4515,0,2.33362,7.59109,106.586,1.2839,2.80553,23.7516,0.438627,0.84755,3.02509,
2.96619,41.9455,0,2.07735,5.13538,131.143,1.42025,2.96328,21.5231,0.50284,0.827115,3.30336,
3.05721,42.5048,0,2.49295,7.19532,118.634,1.6374,2.81416,21.7596,0.461332,0.798035,3.19023,
3.06713,42.5614,0,2.51898,4.89529,128.349,1.89441,2.63035,23.673,0.44578,0.863133,3.54197,
2.89714,40.2573,0,2.29937,6.02252,90.4528,1.5203,3.01019,18.5369,0.421609,0.783844,3.37111,
2.17903,42.2238,0,2.18606,6.23678,125.123,1.51571,3.0987,19.7465,0.495222,0.851937,2.85919,
2.90909,35.1159,0,2.13476,6.19585,125.36,1.7531,3.28919,23.2464,0.499693,0.948814,2.90016,
2.8918,34.2991,0,2.03383,6.4058,109.682,1.58724,3.07779,23.8895,0.430697,0.907351,3.53466,
2.81466,44.7121,0,2.2017,6.7164,119.146,1.67328,2.20407,22.0662,0.54643,0.990731,3.20795,
2.77233,34.2369,0,2.25136,6.27568,111.447,1.61272,3.29334,22.1302,0.478399,0.980244,3.04366,
3.40721,41.7022,0,2.36687,6.78691,130.861,1.40694,3.11528,28.5211,0.501531,1.08098,2.86393,
2.71459,44.2364,0,2.13716,6.50032,128.208,1.36686,2.63708,26.2564,0.433419,0.907941,3.67956,
3.03783,41.6934,0,2.31243,5.40854,121.728,1.58425,2.99203,24.5177,0.509351,0.864431,3.53339,
2.74965,43.8116,0,2.19337,7.31963,106.515,1.25997,2.85451,18.7913,0.420012,0.748684,3.25977,
2.71473,35.9526,0,2.57022,5.22507,96.6194,1.3555,2.54515,26.1908,0.470567,0.895711,3.42707,
3.10636,39.2939,0,2.01155,5.92667,130.526,1.16441,3.05667,24.8563,0.484564,0.938909,2.65425,
2.61123,39.262,0,2.25976,6.28396,119.039,1.29243,3.19858,21.5551,0.439725,0.92235,3.41732,
2.90946,30.4344,0,2.40444,5.5077,108.95,1.48672,2.80452,20.4615,0.492961,0.951718,3.34544,
2.94667,42.2556,0,2.23075,6.33387,110.91,1.47708,2.66052,22.3218,0.501096,0.972493,3.54432,
2.71728,35.1867,0,2.34108,6.33321,103.465,1.57762,2.47416,22.7635,0.53515,0.892263,3.20807,
2.86957,43.0942,0,2.19978,6.41316,109.827,1.46968,2.99811,21.5967,0.467653,0.90142,3.62956,
2.76944,42.4612,0,1.95381,6.28011,123.668,1.55739,2.4955,21.9155,0.414719,0.968343,2.98264,
3.01735,40.6141,0,2.09688,7.52513,113.031,1.70547,3.27538,23.7278,0.520161,0.920482,3.58382,
2.82227,43.8122,0,2.02727,7.3559,124.267,1.53811,3.22485,23.257,0.507561,0.874406,3.32649,
2.6904,34.9778,0,2.34961,6.8699,105.635,1.52346,2.37502,23.5308,0.513054,0.880763,3.23709,
2.91553,35.611,0,2.26919,7.47552,115.317,1.51153,3.03522,21.5989,0.42178,0.920444,2.49237,
2.91226,41.2539,0,2.17935,7.28939,128.065,1.28635,2.75634,22.358,0.531038,0.802265,3.3771,
3.14288,37.9113,0,1.95971,7.68354,124.303,1.58443,2.73794,23.2963,0.462936,0.829149,3.717,
2.92696,41.8578,0,2.44453,5.72394,109.113,1.27329,2.48214,22.2695,0.531801,0.942663,3.26784,
2.96982,42.6088,0,2.3766,5.96665,92.48,1.46262,3.10319,21.2257,0.43992,0.941178,3.17351,
2.78309,33.7676,0,2.29402,6.64205,91.2105,1.70903,2.96585,29.3325,0.557905,0.807899,3.54243,
3.19351,46.9067,0,2.57042,5.72856,123.866,1.53821,3.27341,25.6552,0.397393,0.848943,3.92507,
2.55371,39.234,0,1.84554,5.53608,108.037,1.2971,2.89272,23.7186,0.464169,1.05242,3.52956,
2.68979,43.6988,0,2.14622,6.14686,108.113,1.29134,2.58961,26.899,0.468689,0.835198,3.20066,
2.98091,40.0042,0,2.25677,6.08137,123.014,1.52677,2.94028,26.8554,0.408995,0.983625,3.39155,
2.98946,39.0924,0,1.88798,6.3376,124.005,1.41858,2.54714,23.5461,0.401596,1.06908,3.12005,
3.09869,43.4355,0,2.27308,6.11653,112.037,1.37678,2.85571,20.749,0.453395,0.869289,2.95028,
2.79286,32.4644,0,2.50469,6.2122,126.255,1.32599,3.05737,25.1894,0.428782,0.951341,3.07136,
2.85435,40.241,0,1.91214,7.35675,113.753,1.34829,2.64078,22.1406,0.532607,0.75618,3.23346,
3.4699,32.2408,0,2.29229,6.17455,119.923,1.53896,2.69981,22.2686,0.518588,0.814076,2.89451,
2.90541,38.5044,0,2.3568,7.14792,117.258,1.80608,2.9139,23.3153,0.516444,0.80633,3.18713,
2.97423,37.1893,0,2.26878,6.3681,102.883,1.69599,2.1569,23.0205,0.446345,0.786623,3.93479,
3.17166,30.2521,0,2.43327,5.72122,109.912,1.48358,2.57317,23.2578,0.442663,0.942087,3.67251,
2.48602,39.5944,0,1.88221,6.87067,117.354,1.41971,3.22339,24.8459,0.435213,0.917469,3.46196,
2.53998,38.2572,0,2.12618,8.08045,113.584,1.47441,2.75678,22.2662,0.392725,0.846886,3.09591,
2.89207,40.3287,0,2.27939,5.80938,109.734,1.6415,3.09665,18.9897,0.385266,0.832896,3.78807,
2.65249,45.0417,0,2.39152,6.5765,119.457,1.66124,3.14522,21.8119,0.457224,0.967724,3.22986,
2.81337,34.7996,0,2.56916,7.27756,142.185,1.26968,2.27083,24.3725,0.408825,0.891719,4.10917,
2.88738,43.5269,0,2.08814,7.20992,113.954,1.63986,3.09253,22.2086,0.460327,0.982982,3.14337,
2.57059,39.7493,0,2.1547,6.9397,107.621,1.47532,2.83284,24.8259,0.421616,1.04102,3.83985,
2.4128,44.5485,0,2.06004,6.84925,123.542,1.38261,3.30892,24.2823,0.498711,0.983026,3.19574,
3.09196,44.4117,0,2.49056,7.5565,98.7189,1.01179,2.75252,23.2843,0.484854,0.889029,3.62268,
3.10404,43.9161,0,2.37079,6.57645,105.896,1.6939,2.75256,27.0456,0.410505,0.768035,3.49369,
3.12191,34.4344,0,2.53092,7.17261,121.345,1.52889,2.64649,25.1947,0.458955,0.861003,3.45848,
2.61487,36.1062,0,2.09973,6.45328,125.992,1.61616,2.7506,24.4006,0.476538,0.889836,3.40625,
2.8182,43.5892,0,2.09484,6.39831,100.374,1.30863,2.63941,23.9047,0.411301,0.833709,3.02237,
2.42892,43.1313,0,2.04873,7.90541,123.851,1.37264,2.99281,20.2683,0.373789,0.78205,2.74045,
2.74789,36.1184,0,2.62007,7.03316,125.546,1.55015,3.3295,21.802,0.401968,0.951096,2.91899,
3.23356,40.4946,0,2.23997,6.99951,108.191,1.46457,3.3506,22.0027,0.434674,0.918135,3.09,
2.37134,39.4367,0,2.04579,6.10503,105.09,1.47572,3.13305,25.0211,0.480421,0.880135,3.36949,
2.75022,46.9391,0,2.03046,6.88938,123.843,1.48474,2.79666,20.6151,0.496145,0.940468,3.07535,
2.63107,35.8055,0,2.15787,6.3426,130.1,1.20437,3.07874,21.9829,0.431329,0.975996,3.11826,
3.05449,37.6138,0,2.66416,5.24752,106.681,1.68095,3.09738,23.1656,0.482557,1.02703,3.73504,
2.91907,38.1933,0,2.31573,7.15601,116.901,1.61552,2.84231,27.9803,0.474254,1.0314,3.49543,
2.79839,37.3739,0,2.46391,5.87271,114.147,1.61829,3.01582,23.2804,0.399007,0.926051,3.17133,
3.25212,44.5909,0,2.25327,6.77689,117.092,1.56493,2.65372,22.7382,0.42999,0.954952,3.22588,
2.9572,35.646,0,2.27595,6.29314,133.134,1.56172,3.0283,22.8308,0.501962,0.898995,2.92482,
2.87018,37.9683,0,2.20541,6.7751,108.686,1.33669,2.76879,22.5743,0.457502,0.909116,3.96078,
2.42229,35.6591,0,1.95132,5.83663,97.1651,1.56849,2.82706,22.1571,0.500488,0.87132,3.19984,
3.331,39.6045,0,2.34751,6.3769,112.68,1.38151,2.9844,23.8365,0.483743,1.06862,3.5315,
2.81399,40.3954,0,2.56296,7.82319,113.492,1.34767,2.44113,22.4086,0.402028,0.900179,3.07542,
3.00255,46.4141,0,2.58867,5.8349,111.315,1.52335,2.89708,23.1143,0.423104,1.16451,3.25924,
2.46998,41.7156,0,2.17939,6.69483,130.764,1.5783,2.98301,22.3611,0.511057,1.0936,2.95771,
3.1498,37.011,0,2.254,6.22496,107.618,1.50355,3.00175,26.0534,0.418029,0.991506,3.13169,
2.72208,35.5159,0,2.15785,7.3906,116.682,1.61548,2.97882,30.3662,0.50599,0.90568,3.32522,
2.88701,36.1036,0,2.33909,7.24741,109.785,1.35817,2.61993,26.7901,0.401802,0.897014,2.87064,
2.50262,31.1363,0,2.34032,6.71213,110.652,1.45034,2.46596,20.5064,0.464039,1.0585,3.36538,
2.97082,36.972,0,2.18449,6.69111,91.5429,1.48394,2.8107,26.1301,0.461369,0.956442,3.17959,
2.80523,42.2651,0,2.20958,6.72466,129.023,1.59868,2.62527,19.6368,0.489022,1.05352,2.97107,
2.73684,41.8321,0,2.2745,6.20888,137.424,1.3885,2.82469,27.5191,0.522069,0.862047,2.87957,
2.38095,42.8485,0,2.45267,5.46986,117.705,1.50226,3.41716,25.6606,0.385125,1.02091,2.95489,
3.07892,32.2287,0,2.08412,6.37405,117.335,1.28226,3.06251,23.5678,0.492723,0.998548,3.28204,
3.18981,38.2069,0,2.11871,6.51474,109.83,1.50198,2.63263,26.302,0.500685,1.03432,3.34906,
2.63114,36.773,0,2.49085,8.49148,124.205,1.13618,2.83192,20.8901,0.460319,0.973276,3.82209,
3.27321,41.6689,0,2.4455,7.17009,112.95,1.37752,3.06171,23.6094,0.423892,0.843523,2.92697,
3.09229,38.9527,0,2.50741,6.08409,110.657,1.52883,2.83912,25.3945,0.500618,0.77138,3.35441,
2.70283,41.7374,0,2.35793,6.72903,115.384,1.65973,2.86343,25.6909,0.514287,0.784057,3.13576,
2.29886,39.731,0,2.3105,5.95229,100.03,1.56081,2.85154,24.3484,0.400657,0.946773,3.19913,
3.1792,35.7994,0,2.22872,6.08822,108.203,1.72088,2.87281,24.5778,0.47622,0.942977,3.14611,
2.13886,40.1805,0,2.01068,6.99543,125.812,1.56364,2.42941,27.3254,0.471971,0.857317,3.36135,
2.92507,41.371,0,2.2316,6.67518,104.683,1.4102,3.03341,20.2986,0.449351,0.91921,2.60273,
2.77878,44.5527,0,2.2184,5.80118,96.7393,1.50207,2.48189,18.5033,0.507045,0.890619,3.69089,
2.94804,38.4503,0,2.0359,7.26688,127.096,1.57353,3.35814,23.8035,0.523305,1.02715,3.26121,
3.20004,44.2107,0,2.24124,7.96841,122.533,1.83509,2.88302,22.3905,0.398287,0.94126,2.70711,
3.12813,34.317,0,2.70722,6.8485,120.259,1.28815,3.10927,20.4493,0.43397,0.926094,3.34709,
2.63054,41.9425,0,2.13128,6.30733,125.177,1.67903,2.75432,20.4481,0.529605,1.03165,2.56331,
2.64404,38.4549,0,2.5652,7.94317,124.266,1.55744,3.16876,24.1478,0.446654,1.0088,3.20434,
2.70307,48.4039,0,2.2019,6.39708,120.137,1.54802,2.78714,27.4748,0.47225,0.917138,2.97157,
3.247,49.8567,0,2.23952,7.29488,102.225,1.64064,3.0204,19.1264,0.496251,0.998839,3.09372,
2.82894,42.9708,0,2.09264,7.57889,114.97,1.53453,3.17833,25.5147,0.422163,1.05519,3.30325,
2.07682,45.4589,0,2.05308,5.72277,109.729,1.43389,2.90584,24.3961,0.464665,0.9894,3.39394,
2.44472,39.6066,0,1.87909,6.3605,110.131,1.34471,3.22047,24.579,0.444298,0.969151,3.29991,
3.07312,40.8823,0,2.45481,6.69231,87.686,1.67566,2.56643,26.6066,0.483426,0.94047,3.01389,
3.15632,41.2413,0,2.51311,5.97644,110.71,1.67628,2.48908,26.4028,0.459894,0.907655,3.55697,
2.50882,36.7047,0,2.47031,5.87279,105.313,1.59258,2.77683,22.7035,0.525213,0.945279,2.73886,
2.62895,38.3924,0,2.50615,6.91818,117.79,1.41584,2.93777,24.7229,0.471256,1.10067,3.34609,
3.03234,37.8992,0,2.09729,6.51817,128.312,1.4886,2.77354,19.0154,0.508825,0.901581,2.98497,
3.03258,41.9648,0,2.43714,6.58968,124.096,1.42167,2.82395,28.1501,0.477902,0.944744,3.33687,
3.37579,38.0072,0,2.40768,6.84323,117.134,1.62492,2.93867,27.0683,0.480342,0.841531,3.62674,
2.4061,42.9685,0,2.40951,6.97381,118.617,1.53091,3.05805,20.7091,0.442669,0.890674,3.38913,
2.92031,41.3769,0,2.25129,6.48148,110.399,1.4277,2.9518,22.0902,0.518941,0.869365,3.66692,
2.59628,45.1137,0,2.1273,6.39281,107.147,1.46047,2.45635,22.8291,0.422706,0.913244,2.91471,
2.81419,34.6383,0,1.99311,7.51292,131.763,1.58815,2.90246,29.4018,0.519128,0.886762,3.58034,
2.37386,37.3688,0,2.32048,5.50169,100.351,1.55695,2.60822,25.7656,0.448503,0.961763,3.17724,
2.50041,41.4584,0,2.48095,6.90735,94.837,1.45966,2.65894,23.7156,0.444022,0.838023,3.42263,
3.2412,44.0896,0,2.14522,6.92649,110.648,1.4519,2.98507,22.913,0.45764,0.843282,3.26947,
2.95224,32.9767,0,2.32657,6.84552,106.683,1.58667,3.08239,25.0111,0.46275,0.771184,2.66613,
2.81201,39.6023,0,2.15011,6.45448,111.84,1.54375,2.83439,28.0263,0.476225,1.09022,3.03858,
3.12662,43.2207,0,1.88743,7.66652,124.086,1.54099,3.06796,26.5844,0.429375,1.09231,3.2106,
2.65446,42.8804,0,2.2017,5.77542,99.8778,1.41494,2.40833,26.0311,0.492558,0.818483,3.16557,
2.905,37.9866,0,2.16708,6.82148,107.93,1.5552,3.06554,21.9221,0.407412,0.913059,3.47513,
2.91652,38.8939,0,2.25895,6.32822,125.674,1.32825,3.22864,22.1097,0.403734,0.910533,3.51563,
3.2076,39.5046,0,2.28302,6.86389,114.467,1.54134,2.87338,19.4454,0.466255,0.864424,2.52457,
2.42212,36.0244,0,2.34889,6.21963,114.258,1.56962,2.43338,24.5606,0.480389,0.92017,3.24664,
2.60431,43.2793,0,2.39413,6.03077,116.473,1.62545,2.70094,20.747,0.446769,0.91438,2.98508,
2.6652,38.085,0,2.34814,6.14072,103.612,1.61311,2.64343,26.0288,0.43738,0.803665,3.56503,
2.75029,34.2105,0,2.22934,7.19392,132.044,1.51037,2.59982,27.1899,0.520088,0.961938,3.2476,
3.0463,38.9201,0,2.10327,7.73467,124.118,1.70618,2.55874,21.9994,0.419096,0.870745,3.26444,
2.48631,36.3513,0,2.37453,6.20539,111.284,1.28322,2.99087,27.9106,0.404722,0.840607,3.60785,
3.09724,38.771,0,2.16751,6.89598,112.539,1.4297,3.24135,21.5938,0.416609,0.946186,3.5507,
2.26925,36.521,0,2.44571,5.05418,119.572,1.52814,2.2878,22.7265,0.428907,0.9962,2.93246,
3.26664,32.2848,0,2.43746,6.26084,110.187,1.45965,2.45432,17.8064,0.408264,0.912231,3.58088,
2.74409,33.8902,0,2.37975,5.9203,104.559,1.41727,3.4945,27.2061,0.39621,1.0865,2.86672,
2.4977,41.6354,0,2.22168,7.32104,116.142,1.40996,2.97761,24.3272,0.470957,0.909153,3.33952,
2.94508,44.1037,0,2.26114,5.96807,113.857,1.49909,2.44683,23.1896,0.384785,0.85474,2.67589,
2.88667,41.4656,0,2.11086,6.98076,103.365,1.50956,2.50122,26.1372,0.443463,0.967543,3.40404,
2.98077,39.7052,0,2.17395,5.29205,137.433,1.51561,2.45768,27.8813,0.511958,0.842627,3.1098,
2.7855,39.5644,0,2.1659,5.64278,97.4933,1.52965,3.01591,22.2929,0.48066,1.02704,3.36083,
2.31333,43.0708,0,2.46366,6.10117,110.23,1.34074,2.85629,20.4669,0.430068,0.905436,3.30847,
2.85898,34.0058,0,2.42677,6.57438,103.339,1.48407,3.08662,25.0975,0.463783,0.872535,3.12424,
2.8192,36.2266,0,2.04443,6.87562,103.958,1.55958,2.5504,23.9471,0.385891,0.999668,3.11048,
3.26978,38.5004,0,2.6371,7.81174,113.638,1.76117,2.65775,25.9982,0.435273,0.858904,2.83776,
2.6822,37.0221,0,2.45771,7.27553,107.388,1.42137,2.84124,21.7443,0.32767,1.14897,3.44598,
2.91585,39.0235,0,2.47034,5.45299,118.12,1.60966,3.01362,26.4329,0.435751,1.04532,3.7536,
2.8867,38.4271,0,2.67697,6.55556,115.832,1.36846,2.60375,25.9733,0.380583,0.876057,3.15854,
2.82,37.9889,0,2.3995,7.59715,117.167,1.58688,2.6568,17.8464,0.369645,1.05555,2.94496,
2.92438,34.733,0,2.35945,6.88217,114.494,1.55193,3.16643,26.9006,0.466164,0.940447,3.25945,
2.78379,36.4079,0,2.31067,6.01248,150.466,1.19504,3.1747,23.1311,0.544188,0.86199,3.23805,
2.78302,46.9362,0,2.53899,6.90316,103.468,1.30639,2.73369,27.0051,0.472599,0.852475,3.17597,
2.87853,36.7249,0,1.79299,6.57681,101.888,1.21861,2.35688,25.8483,0.434311,0.99631,3.60888,
2.68393,38.9094,0,2.27493,7.13766,117.586,1.61378,2.5549,27.2955,0.44261,0.967188,3.63165,
2.91147,46.3943,0,2.37595,6.53398,134.861,1.30823,3.19171,20.0437,0.403358,1.05323,3.1171,
2.78437,36.7462,0,2.31426,6.43266,101.977,1.07291,2.75537,23.8674,0.507808,0.885964,2.42869,
3.24136,37.5485,0,1.76922,6.95581,127.052,1.49827,2.75503,24.7483,0.46379,0.915222,3.00005,
2.39275,41.1128,0,2.404,7.1907,119.72,1.47808,2.57842,26.206,0.527496,0.871664,3.28034,
2.53565,47.1982,0,2.03135,6.74437,116.147,1.77867,2.86837,22.5832,0.445629,0.875209,3.51571,
3.48709,35.3296,0,1.92744,6.37089,103.367,1.41093,2.58307,22.7722,0.432653,0.95286,3.16746,
3.40234,38.576,0,2.09466,5.99329,118.345,1.65768,2.52832,26.6314,0.484521,0.858925,3.45119,
2.54182,41.338,0,2.22135,6.10668,103.395,1.60813,2.7847,27.1881,0.485673,0.942005,3.45449,
2.74405,28.6416,0,2.08386,5.80045,116.118,1.56008,3.07883,25.9881,0.491457,0.821773,3.16309,
2.15691,44.2346,0,1.90496,6.41487,109.803,1.32506,2.22434,22.1097,0.45841,0.855917,3.49166,
2.99569,41.9574,0,1.99281,6.98157,112.578,1.52505,2.41975,22.8363,0.463281,0.976274,3.06391,
2.84114,40.1666,0,2.86352,6.27475,122.405,1.45148,2.49775,24.9853,0.439734,0.924071,3.49891,
3.15136,34.8944,0,2.2369,6.10691,119.714,1.50948,2.58078,26.9743,0.435248,1.05076,3.21805,
3.21849,34.2043,0,2.58631,6.33238,108.517,1.32372,2.54425,23.556,0.4188,0.981803,2.85677,
2.48574,39.9809,0,2.4672,6.31719,90.2143,1.4557,3.29938,26.4351,0.426745,0.901784,3.02486,
2.76835,38.8176,0,2.49236,6.6496,104.807,1.26903,2.70168,22.9475,0.378358,0.80725,2.86264,
2.40006,37.4132,0,2.27846,7.44553,105.034,1.71928,3.31175,24.5104,0.393204,0.764899,3.30395,
2.58156,36.1637,0,2.33633,6.63229,121.659,1.48174,2.74231,20.4888,0.402965,1.05316,3.46066,
3.13355,43.3873,0,2.06727,6.43133,99.9128,1.64934,2.79583,21.947,0.436867,0.911752,2.65963,
3.12125,43.9205,0,2.10173,6.86171,102.963,1.58656,2.84008,21.9964,0.434861,0.885401,3.06115,
2.94297,41.0669,0,2.19322,5.18249,93.0133,1.70328,2.52382,27.9237,0.494672,0.844073,3.24202,
2.98707,40.9897,0,2.14693,6.4298,111.603,1.38758,2.82168,22.758,0.548719,0.89358,3.46843,
2.88979,40.4082,0,2.28475,5.82296,121.757,1.72995,2.86912,22.6802,0.483226,0.898893,3.39073,
3.28498,44.8777,0,2.57074,6.35867,119.78,1.6059,2.4986,25.2494,0.453279,0.979786,3.24444,
2.91484,41.3578,0,2.16631,7.08274,116.117,1.35665,3.40505,25.888,0.448503,1.01414,3.3957,
2.93561,45.5289,0,2.32915,6.28421,119.457,1.60613,2.6492,26.2666,0.537826,1.0319,2.8732,
2.90367,43.4723,0,2.11053,6.35797,118.723,1.33811,2.34766,21.3787,0.479892,0.990244,3.69246,
2.74706,39.0173,0,2.08745,7.73011,112.44,1.46785,3.14986,27.109,0.499634,0.933581,3.31623,
3.03424,37.6354,0,2.37478,6.45547,130.511,1.51336,2.76884,26.1507,0.512241,0.850303,4.06982,
2.83069,31.9775,0,2.28694,6.04396,125.61,1.41383,2.61166,28.2609,0.522073,0.873015,3.29304,
2.95827,33.5791,0,1.73332,6.15719,108.679,1.43231,2.8671,21.8254,0.485151,0.849613,2.51647,
2.43722,36.0207,0,2.10145,6.51105,111.478,1.45346,2.74323,26.7172,0.491464,0.897496,3.73911,
3.0952,42.366,0,2.52078,6.08972,117.713,1.40637,2.61377,24.2929,0.469734,1.05063,2.99072,
2.61549,43.9808,0,1.93925,6.9,116.937,1.60325,2.71425,22.4724,0.47727,0.89917,3.70664,
2.60127,39.6378,0,2.48248,6.71891,120.982,1.68328,3.13,22.0195,0.488709,0.934605,3.11706,
2.96366,35.5029,0,2.52963,6.43889,131.994,1.35729,2.89764,24.0955,0.377643,0.840283,3.71688,
2.84727,48.2605,0,2.11726,7.81459,110.364,1.42611,2.74967,28.4624,0.47901,0.950582,3.66031,
3.10495,41.0116,0,1.97964,6.79839,118.093,1.40024,2.76635,25.8615,0.515254,0.997948,2.67793,
2.68058,38.6025,0,2.2366,5.69655,128.67,1.28297,2.71493,26.3397,0.416215,0.955394,3.28172,
2.64612,43.8806,0,2.38711,7.53409,109.885,1.60312,3.13579,27.5301,0.540759,0.969902,3.32345,
2.72076,44.6401,0,2.39912,7.5731,138.73,1.45469,3.0347,22.459,0.456139,1.00099,3.30202,
2.84484,40.3195,0,2.64005,6.67075,107.276,1.50743,2.37299,27.2513,0.435616,0.871556,3.12566,
2.86846,46.3601,0,2.39178,5.72679,104.645,1.58005,2.74111,21.3535,0.461145,1.03555,3.59815,
2.65509,38.4234,0,2.72772,6.0623,135.017,1.23105,2.55852,27.1284,0.41402,0.994766,2.97721,
3.1401,40.6404,0,2.07083,6.91591,115.253,1.56038,2.59013,19.3169,0.511962,0.900531,3.1259,
2.14628,48.405,0,2.21536,6.75978,117.603,1.48492,2.62825,25.33,0.412384,1.12115,3.72115,
3.08758,35.3554,0,2.52773,6.76259,98.2767,1.37238,2.8048,24.4076,0.369182,1.0086,3.46649,
2.41949,36.8561,0,2.37528,6.89658,107.133,1.57099,2.74319,26.8853,0.467091,0.878717,3.85255,
3.47382,42.437,0,2.31689,5.51003,119.106,1.7853,2.73958,24.0977,0.434564,0.880465,3.54695,
2.78678,40.1622,0,2.55809,7.72007,125.31,1.60533,3.40136,27.6083,0.430985,0.980621,3.64305,
3.09749,38.3683,0,2.54168,6.86675,103.604,1.32107,2.55437,23.6953,0.558112,0.924425,3.13053,
2.89485,35.7103,0,2.62715,5.18387,103.995,1.2628,3.02614,21.6262,0.351848,1.11836,3.57851,
3.01336,52.8877,0,2.17408,6.27879,156.629,1.27444,2.67229,20.6288,0.412063,0.906038,3.36305,
2.90781,40.1644,0,2.05931,6.24046,123.751,1.49213,3.08236,28.9116,0.463957,1.06253,3.39146,
3.11554,41.609,0,2.17361,5.87512,130.771,1.40976,2.25007,24.3902,0.388016,0.911767,3.49703,
2.33612,38.8365,0,2.71023,6.65186,117.746,1.5163,2.98212,23.5838,0.357534,0.949454,3.41533,
2.71605,38.4149,0,2.4466,5.53748,113.151,1.50797,2.866,23.9385,0.390136,0.843844,2.88612,
3.10839,46.646,0,2.30323,6.77469,112.187,1.62338,2.8943,24.1075,0.491001,0.927514,3.95251,
3.25367,44.3628,0,2.02503,7.59649,128.421,1.46089,2.85587,22.7061,0.478658,1.05513,3.21147,
2.45057,33.8347,0,2.43574,6.14568,122.562,1.62091,2.78707,23.6013,0.414385,0.875251,3.00682,
2.76411,39.5951,0,2.15179,6.78243,106.893,1.45927,2.52382,22.4921,0.48954,0.830454,3.36036,
3.13904,37.1078,0,1.8951,7.18743,111.925,1.80052,3.11802,25.2169,0.494703,1.05916,3.31536,
3.12997,32.5896,0,2.09794,7.09084,126.272,1.55389,2.8601,23.4401,0.451772,0.844954,3.35704,
2.89575,33.4719,0,2.08395,6.10493,122.894,1.66577,2.62661,23.8972,0.438146,1.13988,3.57951,
2.6055,41.3566,0,2.61093,7.18634,101.415,1.66654,3.02901,27.0426,0.535659,1.03098,3.58722,
2.84126,32.1176,0,2.47235,5.65047,107.505,1.37276,2.94604,24.014,0.406901,0.864191,3.19434,
2.86488,38.0931,0,2.39355,7.26296,112.952,1.49995,2.69009,26.5507,0.536624,0.907318,3.39921,
2.24459,33.5347,0,2.36172,5.59243,107.973,1.42339,2.83069,25.4866,0.445213,0.941871,3.28421,
3.38472,40.1273,0,2.24505,7.67584,124.032,1.71441,2.81599,25.9203,0.439295,0.947846,3.02113,
2.33277,41.6906,0,2.38225,5.98387,121.924,1.34376,2.32291,28.5718,0.487358,0.938065,3.89319,
2.8992,46.6128,0,2.25867,6.72093,132.662,1.43811,3.10786,26.9442,0.469007,0.954708,3.24932,
2.71089,41.2372,0,2.67455,5.77605,108.382,1.51683,2.976,25.8619,0.394545,1.01527,3.43512,
3.08105,40.156,0,2.24933,7.10862,90.4058,1.64272,2.86785,22.8176,0.538972,0.964866,3.49564,
2.40456,30.8798,0,2.20473,6.47264,112.585,1.56365,2.79201,28.576,0.523875,0.713587,3.58838,
3.22829,34.2206,0,2.40051,7.24083,136.597,1.69348,3.17586,23.4446,0.426192,0.834122,2.66039,
2.47184,31.093,0,1.9229,5.67685,126.09,1.59961,2.93642,20.4317,0.373195,0.845868,3.22235,
2.59195,43.5434,0,1.7756,6.27891,97.902,1.6446,2.91231,29.1681,0.425848,0.787126,4.05427,
2.56966,41.586,0,2.58484,6.13095,111.197,1.69916,3.44057,24.194,0.453281,1.04343,3.62351,
2.72684,30.6302,0,1.90872,7.24363,119.852,1.70374,2.89012,19.2084,0.53116,1.00964,3.72818,
2.39373,34.058,0,3.02527,6.09529,115.644,1.41763,3.02923,27.6311,0.420714,0.946511,3.08524,
2.90033,34.2542,0,2.56217,5.54661,116.093,1.33832,2.47079,29.0747,0.431244,1.0002,3.25368,
2.83243,44.4795,0,2.65637,6.1489,118.959,1.37018,3.02342,23.7841,0.439605,0.809041,3.51083,
2.74212,39.8093,0,2.53354,5.80388,116.91,1.65542,2.88538,22.0792,0.450356,0.74686,3.3275,
2.89236,30.1687,0,2.21775,7.42788,103.127,1.49369,2.61259,23.5769,0.46051,0.910669,2.96962,
2.8641,41.8862,0,2.36891,7.00008,134.396,1.64738,2.86785,26.9123,0.401656,0.97263,3.00283,
2.87793,39.8767,0,2.43597,6.98726,109.516,1.55699,3.00846,23.3438,0.502939,0.973477,3.01287,
2.2796,45.1441,0,2.5976,7.3727,124.268,1.56719,3.08534,21.0114,0.449063,0.870428,3.44352,
2.62097,37.2946,0,2.20745,7.07834,126.792,1.41137,2.95892,30.0119,0.434763,0.979332,3.35252,
2.70415,39.7235,0,1.88084,7.41827,97.2101,1.38266,2.94708,24.1032,0.472539,0.887581,3.65061,
2.5502,34.3903,0,2.09593,5.86478,94.5618,1.11948,2.68897,23.7166,0.439415,0.938117,2.95763,
3.07297,35.6439,0,2.30852,6.87129,117.049,1.65752,2.68739,28.3522,0.474729,1.00364,3.35079,
2.62832,46.3283,0,2.51122,5.97394,97.0568,1.382,2.7218,28.3266,0.484409,1.01423,3.42397,
3.02146,32.7652,0,2.24724,5.69937,124.18,1.42569,2.95332,20.3418,0.451966,1.03041,2.98161,
3.25889,37.9919,0,1.90249,7.12409,125.503,1.65551,2.82936,22.5975,0.499592,1.0084,3.14759,
2.6594,40.4511,0,2.41545,6.64391,128.603,1.55199,2.58526,25.1207,0.429387,1.00943,3.74471,
2.71975,39.8101,0,2.50655,6.20243,134.334,1.47848,2.76801,30.3709,0.461349,1.01258,2.98113,
3.13329,33.1635,0,2.19365,5.89472,114.92,1.38332,3.43969,23.0125,0.459011,0.969225,3.29127,
3.22438,37.5936,0,2.04901,6.2817,100.444,1.4883,2.92479,26.3889,0.528203,1.11369,3.19161,
2.62904,37.323,0,1.84143,5.60448,107.15,1.37538,2.77871,22.5269,0.462372,0.98422,3.72272,
2.48185,43.774,0,2.1946,7.38791,108.313,1.30109,2.61373,24.3145,0.454543,0.870719,3.33549,
3.01698,39.0506,0,2.20899,6.55723,114.232,1.47452,2.89928,22.4659,0.491226,0.736471,2.95516,
2.43231,42.0964,0,2.41187,6.69526,110.569,1.66671,3.44344,25.4038,0.491496,1.01607,3.29722,
2.59271,36.7036,0,2.25068,5.45285,105.163,1.92071,3.2508,25.399,0.452335,1.04749,3.30414,
2.58329,45.94,0,2.26638,7.60075,110.241,1.62706,2.78824,22.4567,0.464094,0.938085,3.18232,
3.22329,34.1604,0,2.21049,5.61889,111.499,1.43751,3.09468,25.2299,0.470465,1.06578,3.63191,
2.85651,40.233,0,2.35618,5.90158,128.103,1.54911,2.64337,23.4321,0.429759,0.676019,3.71454,
2.79656,40.6686,0,1.88287,6.97148,134.844,1.75226,3.06458,22.3751,0.498932,0.797794,3.46446,
2.81705,41.3936,0,2.15058,5.64879,117.11,1.54795,3.16925,27.2863,0.43637,1.10586,3.61713,
2.59669,48.6907,0,1.89314,6.98507,115.978,1.64894,3.11799,25.2951,0.520225,0.932265,3.50358,
2.76476,35.4372,0,2.43032,6.78742,102.926,1.74843,2.58707,25.7519,0.473454,0.837976,3.02925,
2.2534,36.1838,0,2.15927,7.15733,100.2,1.61653,2.55968,24.1472,0.467856,1.09828,2.96088,
3.16184,34.8633,0,2.28307,7.36222,117.673,1.57754,2.8269,22.2691,0.408967,0.963651,3.20177,
3.05825,39.2563,0,2.36268,6.59969,123.781,1.40249,2.4195,21.8915,0.412513,0.841979,3.29051,
2.86767,37.9242,0,2.33678,6.86481,131.912,1.24456,3.09774,22.0032,0.409704,0.794023,3.39507,
2.71978,41.348,0,2.58224,6.39464,129.592,1.35693,3.11365,20.9055,0.480636,0.985138,2.91137,
3.18045,36.8124,0,2.34373,6.23485,108.496,1.58806,3.13079,26.0644,0.470151,0.844365,3.21963,
3.31008,43.8921,0,1.95271,6.3569,105.659,1.53898,2.7144,23.1772,0.454249,0.876041,3.0027,
2.89707,38.7084,0,2.33442,6.43613,117.919,1.25559,3.00133,24.2378,0.465522,0.943394,3.02053,
2.12274,46.148,0,2.04263,6.31829,117.894,1.4382,2.62373,22.0353,0.452945,0.850566,2.97927,
2.31072,46.2835,0,2.33118,6.30729,135.738,1.73039,2.57619,22.5275,0.470938,0.92472,2.92292,
2.74047,40.4159,0,2.35476,6.38543,119.406,1.38171,3.1151,21.7649,0.397694,0.769044,3.26666,
2.19514,31.8294,0,2.19584,6.56052,108.044,1.41557,2.59157,27.1991,0.406394,0.865527,2.99253,
2.53051,40.5831,0,2.00327,5.37146,143.275,1.51995,3.03549,22.2877,0.496807,0.914386,3.32298,
2.66512,41.5644,0,1.95452,7.52666,125.47,1.25999,3.05501,21.1973,0.397727,0.845403,3.20394,
2.84134,44.2174,0,2.02172,7.36214,114.534,1.65,2.76572,26.509,0.512624,0.944461,3.09425,
2.69301,38.2972,0,2.73797,6.87234,120.329,1.25938,3.10559,24.7833,0.435106,0.900644,3.04585,
2.75649,40.229,0,2.16072,6.62279,128.119,1.51986,2.73378,20.6957,0.454366,0.904018,3.03267,
2.57672,35.0848,0,2.31275,6.5949,116.367,1.65608,2.77178,24.4352,0.48622,1.00859,3.40655,
2.93074,46.0713,0,2.59586,6.92371,121.14,1.33334,3.58831,25.6567,0.49947,1.02376,3.46703,
2.76033,41.0748,0,2.35445,6.76955,121.308,1.56153,3.35826,19.489,0.432291,0.924381,3.27876,
3.25287,36.0975,0,2.25238,6.82778,117.052,1.54668,2.65141,23.9685,0.452204,0.917675,3.22201,
3.3543,34.6304,0,2.46747,6.49322,95.932,1.25675,2.87456,21.776,0.441284,0.840438,3.09839,
3.18052,34.3076,0,2.38712,6.80395,131.792,1.38443,2.91746,22.7568,0.458007,1.02621,3.53814,
2.88884,39.1858,0,2.24545,6.81719,109.934,1.7071,3.24348,22.9414,0.529882,0.925225,3.44539,
2.99912,41.7844,0,1.91481,6.33478,109.01,1.28691,2.96722,22.5376,0.473345,0.970611,2.66535,
3.0185,40.1617,0,2.26805,6.36207,119.722,1.2892,3.24804,22.5101,0.502935,0.76511,3.15247,
2.58757,42.4859,0,2.14322,5.8035,128.739,1.66387,3.02894,26.181,0.402519,0.888289,3.46687,
2.89752,40.0098,0,2.10878,6.71446,134.182,1.55794,3.04485,20.8505,0.435162,0.964108,3.23413,
3.44866,45.2865,0,2.23355,6.32622,133.902,1.57683,2.89684,25.3152,0.345168,0.82448,3.30285,
2.8932,40.6626,0,2.28436,6.65912,113.61,1.45004,2.64958,24.8212,0.477813,0.826585,2.78322,
3.40683,40.4139,0,2.24405,6.10074,123.777,1.44558,3.02904,18.7928,0.422143,0.9409,3.03905,
2.6648,42.5689,0,1.93599,4.91236,121.792,1.641,2.29463,25.0466,0.458124,0.851499,3.34916,
2.65181,40.5737,0,1.99726,6.07694,103.742,1.80178,2.70759,23.0544,0.480785,0.86173,3.50513,
2.77505,36.8555,0,2.10921,6.7872,98.9885,1.42082,2.68922,26.6654,0.433477,0.833607,3.30852,
2.71794,35.4855,0,2.50149,6.60239,104.672,1.68785,2.94712,27.5075,0.41335,0.824735,3.42475,
3.32869,40.8233,0,2.92902,7.36545,102.907,1.47394,2.52676,21.873,0.422515,1.10567,3.05418,
3.27623,48.0391,0,2.41607,6.52901,131.734,1.51518,2.98338,25.5822,0.481745,0.900133,3.14369,
2.94507,43.5655,0,2.01033,6.24352,106.511,1.54678,2.2893,22.385,0.484336,1.03733,3.29128,
2.64449,38.1016,0,2.48707,6.74112,129.681,1.34146,2.60369,25.8985,0.51038,0.842799,3.28133,
3.22101,38.1122,0,2.41597,6.21847,117.887,1.46924,2.53502,21.2107,0.514765,0.858925,3.47789,
2.75063,43.297,0,2.23018,6.70249,127.729,1.53084,3.11253,24.113,0.500716,0.828826,2.64623,
2.95093,31.8813,0,2.06402,6.56478,139.272,1.59364,2.22953,22.4927,0.426302,0.900395,3.78465,
2.26537,36.8072,0,2.67084,6.19294,113.964,1.5774,3.28641,24.6897,0.478729,0.930488,3.46697,
2.56353,38.5363,0,1.84316,5.45854,117.47,1.47978,3.09025,24.7754,0.460508,0.94475,3.00852,
2.71952,43.7919,0,2.56071,7.29208,120.373,1.53176,2.61583,23.8825,0.447769,1.01878,3.30294,
2.42679,40.8959,0,2.23735,7.19381,107.469,1.59932,2.74024,25.4383,0.463786,0.884735,3.46006,
2.79576,42.963,0,1.81144,6.85752,111.59,1.37744,2.58349,27.3262,0.485478,0.889282,3.36917,
2.84546,40.7026,0,1.98683,6.26133,114.944,1.44815,2.95457,22.7029,0.510592,0.955396,3.74063,
2.71842,43.5094,0,2.49472,6.38273,84.2743,1.62007,2.81977,22.8548,0.432067,0.991741,2.79882,
3.05586,35.4894,0,2.1514,7.07764,119.636,1.5161,2.91056,26.7195,0.482942,0.831475,3.08861,
3.15878,42.3365,0,2.31627,7.04945,114.328,1.538,2.88122,25.4346,0.487763,1.09976,3.27306,
2.63829,38.725,0,2.05317,6.20808,117.868,1.70514,2.98361,23.5895,0.466673,1.00411,3.048,
2.59797,39.3876,0,2.2509,6.09032,98.6851,1.7509,2.66321,20.2533,0.487734,0.792888,3.30141,
2.71776,46.22,0,2.34189,6.69787,111.008,1.76169,2.74399,22.8693,0.502552,0.84851,3.3577,
2.83366,39.1661,0,2.41628,5.46769,105.697,1.43368,3.32752,25.6212,0.454564,0.965819,3.24143,
2.81398,39.1175,0,2.29606,5.89245,116.187,1.65162,2.43959,23.0521,0.514326,0.79213,3.54668,
2.44074,34.9594,0,1.87208,5.62332,104.558,1.31023,3.2097,22.7243,0.381702,0.861935,3.02759,
2.99143,37.9808,0,2.14138,7.14841,114.896,1.5533,2.80653,22.7488,0.472451,0.821595,2.74877,
2.65596,44.2515,0,2.04995,6.74583,117.171,1.43868,3.15413,24.4017,0.478908,0.977224,3.05893,
2.7863,44.1292,0,2.21987,6.84243,111.407,1.39446,2.94732,22.5632,0.433456,0.968957,2.94224,
2.95177,42.5001,0,2.50927,7.00412,98.8883,1.7083,2.76241,29.3802,0.51977,1.07375,2.36468,
3.51599,48.1995,0,2.21247,7.18337,119.018,1.61989,3.11367,24.9144,0.37558,0.947311,2.68172,
2.74334,36.7534,0,2.28373,6.35581,129.189,1.53136,3.11473,24.5914,0.466692,0.863514,3.18794,
2.71785,39.9976,0,2.11742,6.35657,124.138,1.4558,3.18077,25.3971,0.515691,1.00518,3.08108,
2.40677,41.7412,0,2.16224,7.88665,128.858,1.60382,2.93727,24.9959,0.495012,0.882759,3.25581,
2.95158,34.4131,0,2.43977,5.20045,105.553,1.52441,2.63431,20.2414,0.493389,0.882538,2.83246,
1.95825,43.6197,0,2.14116,5.64911,108.314,1.45466,3.18902,25.8829,0.42946,0.760953,2.91053,
3.80885,46.5322,0,2.19945,6.56672,105.128,1.64146,2.78528,28.6494,0.428757,0.937948,3.44238,
2.90018,33.1849,0,1.88266,6.69379,123.696,1.5362,2.77005,21.1272,0.410856,0.702873,3.15531,
2.53866,37.5914,0,2.74819,7.34258,105.603,1.53147,2.64592,27.7476,0.488792,0.842439,3.39024,
3.14303,42.3187,0,2.28548,6.74984,122.922,1.33421,3.02944,26.1101,0.509886,1.0622,3.33488,
2.78166,44.3195,0,1.77216,6.08649,112.199,1.34264,2.89467,23.7936,0.442042,0.756798,3.01653,
2.38031,36.4666,0,2.48597,5.57247,105.514,1.37311,3.16419,26.837,0.54393,0.971905,2.44478,
3.25764,41.205,0,2.18095,6.14721,112.542,1.65668,2.90346,25.7267,0.467956,0.956827,3.38867,
2.92158,37.7675,0,2.14254,7.42476,127.028,1.66766,2.84306,27.5673,0.460321,0.794918,2.92911,
3.45022,39.5687,0,2.15402,5.20613,132.674,1.50652,2.48886,24.3704,0.422291,0.915088,3.15101,
3.31614,40.8003,0,2.39655,6.73589,111.881,1.36363,3.01286,26.7587,0.477601,0.966339,3.10664,
2.78569,36.0858,0,2.19632,7.2327,119.848,1.68212,2.76185,22.1174,0.504043,1.0788,3.12189,
2.479,37.4319,0,2.07711,5.42443,110.681,1.28923,2.43809,25.68,0.490298,1.06304,2.88675,
2.33891,36.1099,0,2.17692,7.17641,111.899,1.24624,3.19587,25.9188,0.529189,0.984266,2.64993,
2.68035,38.3459,0,2.32002,6.34158,123.394,1.54302,2.50106,22.8341,0.414141,1.03075,3.73423,
3.14794,36.21,0,2.28698,7.21475,121.567,1.56379,2.48226,24.8183,0.509143,1.01593,3.21675,
3.64517,41.4252,0,2.33867,5.28147,120.312,1.45885,2.63951,26.4223,0.523289,0.877347,2.79522,
2.73644,39.6817,0,2.23941,6.59084,120.537,1.57092,2.76867,22.7062,0.497274,1.00068,3.70501,
2.28747,37.5811,0,2.13105,5.71311,107.943,1.52661,3.03585,26.065,0.460124,0.749,3.2346,
2.91503,37.098,0,1.9237,6.15948,128.897,1.58466,2.74509,22.1262,0.384967,0.86034,2.9414,
3.17381,37.4975,0,2.05938,7.21424,127.137,1.59826,2.8244,22.9835,0.400643,0.902828,3.39511,
2.63119,43.6961,0,2.38957,8.25223,110.605,1.59554,2.91728,24.2136,0.446616,0.97924,3.54393,
3.27006,37.5069,0,2.197,5.72323,121.125,1.23907,2.51112,23.6723,0.397945,0.952156,3.0912,
3.2451,37.0254,0,2.21403,6.32117,78.9884,1.34324,2.77891,25.1553,0.480897,0.859306,3.10063,
3.24086,38.3269,0,2.25831,6.67428,104.75,1.56928,2.57496,22.8683,0.40099,0.985478,3.24336,
2.81014,48.4652,0,1.97878,6.4659,115.795,1.70703,2.29632,25.2641,0.442317,0.857993,3.49967,
2.48679,38.7985,0,2.15793,6.55514,114.553,1.45562,3.1233,27.3509,0.448508,0.858808,3.13206,
2.87615,39.6076,0,2.22105,5.09922,114.166,1.57843,2.6359,25.1731,0.469072,0.761704,4.0488,
2.84761,42.1813,0,2.33264,6.79922,98.2693,1.23287,2.9437,22.0717,0.480951,1.00523,3.10648,
2.32681,35.9876,0,2.00513,7.0059,103.816,1.65158,2.77244,19.6369,0.41365,0.821863,3.14176,
3.3638,32.6756,0,2.0186,7.0501,131.549,1.48969,2.64548,29.173,0.436935,0.959851,3.00452,
3.01538,40.9035,0,2.17063,6.17803,117.376,1.74207,3.32621,23.245,0.350673,0.837401,3.5,
2.88958,36.2322,0,2.42971,5.99734,117.354,1.57807,2.53552,23.0165,0.396518,0.933439,3.48167,
2.47992,38.7196,0,2.13272,6.23278,124.538,1.42161,2.63807,25.8885,0.447605,0.940689,2.89184,
3.34454,39.9553,0,2.57223,7.01975,114.353,1.43601,2.78642,26.9011,0.481804,1.19199,3.25812,
3.28203,47.3383,0,1.98302,6.04223,110.969,1.62082,2.69813,23.2597,0.510679,1.01596,2.76811,
2.64678,41.9974,0,2.33588,6.35107,104.082,1.54741,2.9897,24.8292,0.390699,0.769448,2.79672,
3.34414,41.5013,0,2.01156,6.16418,111.893,1.62075,2.6407,24.8294,0.474215,1.04451,3.07423,
2.67365,38.0274,0,2.0573,6.08358,111.703,1.55128,3.09665,25.5769,0.476733,0.906869,2.13985,
2.35565,45.651,0,2.18224,6.67208,114.509,1.38022,3.44298,25.3345,0.501439,0.906197,3.48179,
2.79918,42.0554,0,1.97851,5.56858,98.1204,1.61409,2.94507,23.1329,0.479076,1.08787,3.55128,
3.13754,44.7789,0,2.26133,6.24627,124.51,1.41718,2.83494,27.12,0.434523,1.03404,3.3755,
2.76698,36.9435,0,1.98558,6.25435,105.528,1.14226,2.94583,27.5536,0.477797,0.859321,2.47557,
2.37068,40.7797,0,2.36129,6.56708,117.121,1.3647,3.18259,21.3245,0.44085,0.854799,4.12402,
3.1314,39.3642,0,1.99994,6.46439,98.2432,1.40836,2.50036,22.3419,0.470667,1.11217,3.163,
2.82015,33.6412,0,2.29572,5.6166,129.379,1.4323,2.18853,26.5748,0.536715,0.967619,3.29978,
2.8949,35.7111,0,2.43492,6.85859,96.6385,1.55363,2.95317,24.3603,0.421181,0.947126,3.36743,
2.76727,34.254,0,2.36723,6.87744,95.8442,1.51259,2.60134,23.4083,0.361063,0.865592,2.87194,
2.67224,39.5146,0,2.26387,6.80327,125.394,1.63752,2.99161,25.1107,0.444719,0.987791,3.53045,
2.6905,38.349,0,2.42362,6.60937,120.455,1.48134,2.83842,22.1201,0.507309,0.883576,2.95109,
2.71533,37.7225,0,2.82651,6.62496,117.148,1.62755,2.87809,25.5655,0.465609,0.843461,3.22344,
2.92546,39.4658,0,2.26644,7.95449,112.673,1.5055,2.92822,25.8405,0.452494,0.901234,3.60028,
3.26891,34.1717,0,2.04693,6.73801,114.64,1.42372,2.73202,26.5874,0.371934,0.887144,3.1352,
3.10291,40.6192,0,2.17583,6.55117,128.844,1.39234,2.36474,24.7737,0.426261,0.868937,3.25444,
3.00812,35.7029,0,1.86916,5.17073,111.547,1.67159,2.825,24.2669,0.494812,0.870943,3.22808,
3.0616,43.0309,0,2.11701,6.2463,113.051,1.51163,2.89667,23.4102,0.448343,0.896413,3.22754,
3.06241,38.2804,0,2.21268,6.16188,130.272,1.80411,3.17919,23.6283,0.415578,1.0061,3.00886,
2.74374,44.3605,0,2.12116,6.59888,113.977,1.64233,3.11114,23.6085,0.528835,0.837575,2.82875,
2.89404,34.4426,0,2.61526,7.21915,115.751,1.4533,2.84013,26.4134,0.362272,0.923655,2.89788,
2.71289,36.4845,0,2.20842,6.30016,105.464,1.62194,3.07387,22.9452,0.442181,1.08978,3.67051,
3.02276,39.8772,0,2.44144,7.15945,123.591,1.58928,2.63628,24.4301,0.452813,0.748074,3.68435,
3.22419,44.6462,0,2.0849,6.94896,131.26,1.51205,2.80578,22.8863,0.515478,0.913884,3.33816,
2.59987,42.3208,0,2.12146,8.19552,136.622,1.41718,2.64614,26.0265,0.498618,1.01588,3.17996,
2.91401,43.1004,0,1.92891,5.63356,108.436,1.47902,2.69352,24.6241,0.422931,0.986819,3.22438,
3.03979,36.7351,0,2.31298,6.54826,112.347,1.31105,2.97422,25.2086,0.490434,1.12002,2.71372,
3.12017,40.0801,0,1.88055,6.88986,131.193,1.4962,2.67842,26.9019,0.546518,1.04415,3.21029,
3.04691,39.5272,0,2.25105,5.99082,129.706,1.53795,2.8892,27.3408,0.459894,1.03196,3.33005,
3.00939,35.5447,0,1.97995,6.59802,139.99,1.07855,2.39516,25.2615,0.406799,0.820247,3.14368,
2.93736,40.2597,0,2.40467,5.54422,102.403,1.26527,2.71718,25.1587,0.395248,0.971924,2.85458,
2.86968,36.6343,0,2.0451,6.43274,104.532,1.51659,3.23676,23.0682,0.451683,0.990202,3.67723,
2.56792,39.1889,0,2.33768,6.08268,100.42,1.41987,3.13916,24.2604,0.467875,1.0278,3.2114,
2.80929,35.9631,0,2.10002,6.56515,122.315,1.36062,2.84053,31.0319,0.415474,0.717225,3.21794,
2.8846,32.0228,0,2.41079,6.39988,113.985,1.70849,2.89687,22.1063,0.444258,0.970951,3.10448,
2.74609,34.1641,0,1.89927,6.8761,120.549,1.62767,2.90954,23.666,0.495207,0.978434,3.67307,
2.68418,39.5456,0,1.62264,7.56376,124.165,1.46096,3.20039,24.2741,0.495733,0.922168,2.95421,
2.81982,37.3479,0,2.37172,7.11803,109.029,1.38048,2.75468,23.5586,0.567723,0.910343,3.51141,
2.68867,39.0207,0,2.21694,6.70059,124.602,1.62904,2.74531,22.7559,0.445802,0.829481,3.16309,
2.74317,45.1362,0,2.06349,6.38126,132.459,1.49124,2.54943,25.4445,0.471966,0.873972,3.52332,
2.83374,35.4765,0,1.8945,6.00196,102.399,1.71701,2.91224,22.5054,0.418034,0.880103,3.18826,
2.47387,40.633,0,2.37151,5.81485,115.808,1.47313,2.89444,25.2342,0.43089,1.07463,3.07446,
3.51665,42.4975,0,2.40697,6.50569,110.867,1.33036,2.98121,23.768,0.412435,1.00794,2.41959,
2.86916,42.8843,0,2.62448,6.2852,113.95,1.6509,2.67033,26.7352,0.494913,1.05756,3.56715,
2.2909,35.6559,0,2.82643,7.17033,134.183,1.69195,2.86274,26.4902,0.45227,0.915571,3.25879,
3.31575,38.8068,0,2.31937,6.74469,103.867,1.51015,3.22863,26.3864,0.474006,0.825193,3.66165,
2.82249,38.399,0,1.99649,6.30422,117.264,1.52837,2.35375,27.4244,0.458376,0.867963,3.49198,
2.73032,47.8173,0,2.04333,6.47833,114.345,1.85852,3.17949,24.4112,0.433306,0.775409,3.44761,
2.68447,42.1132,0,2.3495,6.98619,96.1006,1.40974,1.97762,24.7442,0.396808,0.861622,3.05259,
2.45846,29.9617,0,2.07881,5.79721,116.591,1.54354,3.23252,21.8897,0.388027,0.962605,3.29462,
3.07676,42.6479,0,2.04744,6.46183,108.97,1.40936,2.96799,22.2931,0.37901,0.991569,3.62666,
2.54254,39.3545,0,2.02006,6.70178,114.763,1.58651,2.94832,24.3743,0.518338,0.78858,3.43388,
2.91372,34.5962,0,2.08424,6.63659,98.0142,1.247,3.11481,23.23,0.475805,1.04816,3.64985,
2.78923,44.5156,0,2.12464,7.83449,115.439,1.09334,3.06072,27.5749,0.56039,0.800306,3.09798,
2.7876,43.2848,0,2.456,6.91567,125.387,1.37943,2.27022,22.3456,0.370223,0.968735,3.42633,
2.60737,37.5237,0,2.40492,6.96895,114.988,1.32768,2.82777,23.1515,0.497913,1.01548,3.72622,
3.01181,38.4749,0,2.54044,6.87914,126.529,1.50948,3.16337,25.5886,0.415748,1.02116,3.21908,
3.04713,43.7681,0,1.93547,7.90488,126.527,1.59287,3.00255,24.5296,0.384185,0.87335,3.64425,
2.80263,34.8517,0,2.34366,7.20961,111.315,1.59601,2.81917,27.431,0.458001,0.83245,3.6939,
2.76624,37.4999,0,2.28443,5.95326,118.564,1.45749,2.9808,22.984,0.471654,0.83681,2.95373,
2.71647,44.5103,0,2.28556,7.23358,145.691,1.93881,2.65596,22.4999,0.410531,0.80008,3.23245,
2.49329,36.2516,0,2.20576,6.47955,117.477,1.48547,2.83631,22.9401,0.449428,1.04462,3.3649,
3.35764,36.7279,0,1.96701,7.18317,121.977,1.41592,2.57463,23.0682,0.513392,0.879265,3.36253,
2.6242,46.5098,0,2.00744,6.824,109.691,1.34148,3.27486,25.0221,0.453112,0.92725,2.90197,
2.96647,40.0819,0,2.23555,5.50964,125.262,1.47094,2.74025,21.4816,0.497791,1.11754,3.08891,
2.672,36.3295,0,2.70055,6.70202,116.824,1.42112,2.43433,17.21,0.429856,1.04444,3.02258,
2.78033,37.0133,0,2.51146,6.39974,137.736,1.35869,3.2924,26.3929,0.348497,0.850917,3.43446,
2.93694,36.1625,0,1.97192,7.13966,108.713,1.52955,2.40305,20.3526,0.423232,0.866316,2.73222,
3.1706,37.4491,0,2.26516,6.75255,123.562,1.41392,2.89772,24.1632,0.429571,0.90683,3.736,
2.62064,38.0491,0,2.18098,6.65313,112.119,1.55838,2.8451,25.8388,0.460448,1.0131,2.93968,
3.12414,31.9122,0,2.22525,7.01339,126.027,1.59522,2.72493,21.8118,0.451903,0.835879,3.26156,
2.43206,30.4118,0,2.34723,6.18246,123.126,1.41003,3.05446,21.5228,0.464277,0.873851,3.05354,
2.81301,44.6244,0,2.27524,6.51839,111.625,1.37357,2.54072,23.1208,0.505082,1.09347,2.65017,
2.67043,43.7562,0,2.18076,6.36835,121.921,1.46732,3.0993,21.9749,0.48411,1.04243,3.24612,
3.21217,46.8442,0,1.94066,6.64362,119.245,1.66384,3.10785,27.0716,0.481209,0.837997,3.16335,
2.70903,44.5983,0,2.45158,7.01761,104.599,1.49866,2.69665,19.7318,0.425921,0.91058,2.72703,
3.48529,40.7609,0,2.04187,7.33863,132.939,1.42248,2.84886,26.0273,0.375441,0.923317,3.41881,
2.7707,46.2861,0,2.22542,7.0077,108.87,1.30026,2.84174,24.6163,0.479456,1.00325,3.62108,
3.0195,43.2882,0,2.53557,6.47214,99.9434,1.60319,2.72757,21.7407,0.480963,0.944001,3.38316,
2.85275,38.2299,0,1.85121,6.06687,119.948,1.55674,3.51498,24.7009,0.438207,0.990724,3.23289,
3.06256,32.0753,0,2.09727,6.17846,126.936,1.43877,2.7299,23.1863,0.405951,0.757645,2.85994,
2.68794,41.9624,0,2.08744,5.76989,112.501,1.68246,2.97772,24.8235,0.422191,0.825603,2.70683,
2.65325,43.7708,0,2.42556,7.32637,126.625,1.32234,2.99551,21.9147,0.380823,0.925009,3.00179,
2.50112,43.008,0,2.25253,6.7802,139.034,1.43205,2.32093,24.4797,0.394851,0.73478,3.311,
2.9395,37.942,0,2.20021,7.19335,119.808,1.59157,3.0564,25.7036,0.358117,0.9867,2.8656,
2.80768,43.53,0,2.44086,7.18443,122.521,1.61361,2.6655,23.1255,0.480035,0.968355,2.70911,
2.4231,37.4777,0,2.44958,4.95853,118.434,1.68331,2.86875,23.0727,0.487357,0.942132,3.85909,
2.38372,33.2555,0,2.21301,6.78765,121.285,1.39924,2.95864,25.8202,0.516385,0.914683,3.19992,
2.26609,36.988,0,2.31706,6.54138,107.871,1.50529,2.66495,20.813,0.426171,0.829635,3.70379,
2.85302,38.6636,0,2.34649,6.14613,101.161,1.70333,2.93541,22.7628,0.4312,1.0208,3.12358,
3.19571,47.4685,0,2.16316,6.51156,124.547,1.32828,2.78255,22.1715,0.442359,1.00447,3.64374,
3.10461,38.0313,0,1.98675,7.65063,127.488,1.39097,2.71344,28.2767,0.514842,0.718128,4.0312,
3.05352,43.1722,0,2.21523,7.05449,114.243,1.59518,2.89721,26.1525,0.498405,1.00324,2.99246,
2.94463,40.6242,0,2.47034,6.22456,109.12,1.45235,2.82035,22.3222,0.338187,0.956576,3.90735,
2.68283,38.844,0,2.35279,6.10948,111.059,1.53514,2.88082,22.2787,0.531034,1.01843,3.20511,
2.67053,41.2029,0,2.29563,6.16146,108.768,1.39429,2.58987,24.1319,0.508622,0.899943,3.47693,
3.13086,40.7767,0,2.10447,8.63605,129.169,1.64248,2.38232,22.5595,0.574308,0.733858,3.14584,
3.007,34.3149,0,2.82857,8.05308,123.786,1.59923,2.70621,22.6694,0.485644,1.05445,2.24322,
2.55873,41.2327,0,2.27112,6.83265,102.463,1.42865,3.17188,22.6916,0.447964,0.906901,3.21635,
2.56232,42.0412,0,2.44563,5.87972,114.711,1.41396,2.78424,25.6389,0.49848,0.91363,2.72445,
3.03166,38.9064,0,1.97614,7.77784,138.116,1.46944,2.56257,21.8142,0.493571,1.01405,3.49584,
2.93431,44.9015,0,2.26554,6.06869,129.855,1.57542,3.16071,28.026,0.47237,0.911838,3.32671,
2.51108,40.1454,0,2.02142,5.38187,121.653,1.55763,3.02759,25.6536,0.44385,1.07163,4.17722,
2.5489,37.3994,0,2.24863,5.59622,130.915,1.75954,3.02977,24.0137,0.500468,0.836753,3.2549,
2.8582,45.448,0,2.53521,5.74754,109.532,1.58526,2.75911,27.4473,0.489386,0.921256,3.07962,
2.62134,37.5068,0,2.09319,7.05553,125.633,1.50636,3.11939,26.0382,0.416175,0.792182,3.2513,
2.91163,47.1389,0,2.28966,5.57,122.807,1.35447,2.83735,20.6273,0.489184,0.957208,3.35784,
2.39707,44.7642,0,2.3408,6.79665,118.074,1.45465,2.857,20.1548,0.468515,0.81097,4.01579,
3.00879,41.6148,0,2.39629,5.77363,117.039,1.36727,2.99636,25.1842,0.481864,0.725493,3.11502,
2.61844,42.7947,0,2.03321,6.70766,132.992,1.57075,3.0814,24.8777,0.453307,0.800531,3.22028,
3.09493,38.083,0,2.57776,7.45749,139.933,1.68011,2.95755,24.8747,0.418082,0.957255,3.83147,
2.71119,38.4698,0,2.46666,6.01649,131.448,1.54097,2.97056,23.0887,0.461814,0.871941,3.48435,
2.59392,40.9287,0,2.33495,6.77518,114.67,1.5193,2.72667,24.1671,0.446169,0.983961,3.73624,
2.77288,43.9497,0,1.99005,6.54258,115.643,1.47617,3.06349,25.5605,0.45744,0.856958,2.38506,
2.88089,34.4029,0,2.41426,4.935,105.964,1.41838,2.43893,24.5684,0.524806,0.914976,3.01995,
2.66245,38.7508,0,2.43255,6.39247,114.019,1.62092,2.89424,22.5998,0.416221,0.985047,3.64025,
2.57624,43.159,0,2.1598,7.72729,116.773,1.58051,3.42487,23.2457,0.474421,0.936235,3.01384,
2.74425,40.0548,0,2.29859,6.4452,129.582,1.60188,2.5093,21.5097,0.451915,0.851984,3.09149,
2.79437,35.1674,0,1.72587,5.90218,110.973,1.23334,2.68687,20.005,0.553787,0.9656,3.59964,
3.07264,41.3172,0,2.60309,7.30396,117.024,1.46206,2.92126,26.7352,0.457136,0.854462,2.87083,
2.60959,38.1674,0,2.19255,7.44964,141.978,1.60577,2.61795,25.7815,0.430736,0.89785,2.70006,
2.92505,40.0734,0,2.33003,5.9113,125.258,1.78485,2.66066,26.8563,0.460944,0.857883,3.0556,
2.49437,30.6749,0,2.29853,5.7615,115.748,1.59893,3.07336,24.8994,0.499121,0.858305,2.70069,
2.80779,39.5871,0,2.42461,6.57902,111.933,1.58765,2.70955,22.4174,0.429459,0.966106,2.95085,
2.88802,36.6438,0,2.04421,5.90625,118.362,1.3551,3.34537,22.9817,0.389883,1.02239,3.54944,
2.62522,42.153,0,1.97235,7.0295,113.037,1.37189,3.06964,22.3733,0.490109,0.920164,3.55572,
2.34573,44.3772,0,1.77745,6.22809,127.326,1.33811,2.61707,22.6241,0.450086,1.04262,3.13512,
2.96237,35.9281,0,1.91135,6.48065,119.483,1.62313,2.97452,18.777,0.506792,1.01238,3.10107,
3.30566,41.5829,0,1.68789,6.55409,112.365,1.50421,3.24587,27.0512,0.499116,0.919265,3.22006,
2.82687,45.7226,0,2.3431,6.14622,123.46,1.4474,2.60848,27.4557,0.541952,0.795459,2.60411,
2.53849,36.0338,0,2.35431,6.70558,113.644,1.50003,2.73966,24.8581,0.492019,0.911764,3.15998,
2.80094,32.697,0,2.87527,7.42995,123.709,1.51121,2.8693,27.2054,0.501959,0.84618,3.41281,
2.64313,41.2998,0,2.09091,6.93666,115.168,1.46585,2.41425,23.8423,0.531677,0.985382,3.83003,
2.61415,44.4882,0,1.78645,6.77276,103.499,1.60716,2.71787,25.4924,0.49262,0.991168,2.55023,
2.94876,43.0131,0,2.44232,6.4614,123.773,1.39373,2.44046,24.1658,0.44946,1.02171,2.86843,
2.76917,41.7334,0,2.15459,7.3357,125.582,1.50978,2.66855,25.1139,0.492114,0.962719,3.25399,
2.88692,34.0058,0,1.95381,5.37696,113.719,1.6124,2.67765,25.6776,0.471798,1.03893,3.27332,
3.17367,36.1156,0,2.22838,6.30892,110.601,1.28637,2.97039,20.5382,0.507976,1.02757,2.77403,
3.19159,29.3182,0,2.09451,7.08537,113.341,1.41031,2.3047,24.0106,0.471725,0.961267,3.27487,
3.33159,41.0979,0,1.7522,5.99971,142.178,1.27065,3.01498,26.0643,0.573102,0.882839,2.83059,
3.05907,42.433,0,2.33821,6.74507,109.816,1.33649,2.89318,25.6432,0.382582,0.888913,2.74628,
2.57699,48.1212,0,2.06954,6.50032,91.7058,1.53331,2.56003,31.1328,0.527348,1.04088,3.00987,
3.18059,39.3491,0,1.84728,5.84605,113.776,1.49214,2.73054,22.7296,0.429815,1.06352,2.90911,
3.04324,37.7225,0,1.98106,5.54096,116.597,1.30375,2.93059,24.8567,0.449324,0.779696,3.31881,
2.77333,38.6591,0,1.63781,6.79451,143.853,1.32433,2.96385,27.0099,0.399353,0.821415,3.17404,
2.62411,41.2906,0,2.11139,5.79005,125.243,1.65903,2.55605,23.0621,0.503924,0.809274,2.96975,
2.5658,39.8933,0,2.30476,4.69873,112.117,1.51541,3.17403,18.914,0.499183,0.967904,3.70143,
3.1002,37.4181,0,2.25669,6.0207,107.791,1.52149,2.78821,25.9789,0.472055,1.10137,2.87829,
2.92614,41.7543,0,2.47766,6.38607,103.765,1.43121,2.99625,21.4906,0.51732,0.915466,3.09456,
3.1879,42.3833,0,2.1779,6.83585,127.76,1.44718,2.61774,25.455,0.388511,0.898158,3.57736,
3.06729,46.4098,0,2.35799,6.61057,95.8716,1.26814,2.98481,25.4523,0.525505,0.921108,3.16652,
2.98169,43.6662,0,2.16976,5.84761,134.179,1.63721,2.81634,23.1384,0.440917,1.11096,3.39117,
2.39602,36.5193,0,2.27248,5.60509,124.847,1.72925,2.72928,26.0403,0.473687,1.14306,3.27906,
2.88791,41.5368,0,2.31107,7.62492,116.126,1.5993,3.04422,19.693,0.39692,0.91833,3.02706,
2.74316,41.7587,0,2.42511,8.13535,104.534,1.58596,2.062,22.7251,0.438713,1.13773,3.34248,
2.85458,43.0756,0,2.09708,6.06659,106.662,1.66854,2.76339,27.4328,0.442112,0.809542,3.04641,
2.91826,41.8669,0,2.51276,7.0166,129.232,1.53296,2.76195,26.8399,0.473652,1.11342,3.56958,
2.7849,32.2842,0,2.18867,5.99019,134.098,1.27854,2.58718,17.4705,0.478736,1.02988,3.07781,
2.8596,39.5037,0,2.55885,5.76174,119.8,1.5256,3.04808,25.2971,0.460856,0.877878,3.60473,
2.97617,37.5659,0,2.10553,6.84844,111.276,1.48606,2.64918,21.1378,0.420998,0.83439,3.32611,
3.10711,37.1845,0,2.28432,6.60712,115.868,1.65335,3.18061,21.2123,0.432669,0.848499,3.07422,
2.78089,40.2025,0,2.5535,6.85523,123.914,1.64257,2.91121,26.9098,0.448271,0.818326,3.32419,
2.68487,41.1,0,2.28116,6.95307,111.127,1.6942,2.92186,23.2997,0.468871,0.948271,3.05585,
3.16601,39.331,0,2.22107,6.41654,114.63,1.27795,2.60684,22.8368,0.428652,0.806404,3.21721,
2.72673,42.1328,0,2.18187,6.56677,118.443,1.5267,2.48041,23.6966,0.538224,0.994799,3.11672,
2.4106,39.6906,0,2.26514,6.1007,108.569,1.4597,2.83409,24.6608,0.44962,0.881008,3.69982,
3.13603,34.1697,0,2.13532,6.67475,118.567,1.33054,2.33783,22.6191,0.448714,0.984821,3.26504,
3.0859,39.5669,0,2.20447,7.13335,98.2793,1.45356,2.35577,21.3908,0.394919,0.794288,3.45641,
2.57444,34.7543,0,2.18553,5.69257,110.991,1.44825,2.51993,19.7816,0.487645,0.956629,3.22559,
2.52483,40.013,0,2.0575,5.72224,85.0877,1.30025,3.05154,31.4906,0.490776,0.751586,3.12882,
2.68011,35.7686,0,1.84767,6.19392,118.142,1.68406,3.10253,19.6907,0.54574,0.876628,3.82211,
2.81518,42.3378,0,2.06755,5.7693,97.0639,1.5438,2.98224,24.6458,0.476247,1.11798,3.01538,
2.87806,37.0822,0,2.61147,6.84748,90.3386,1.82246,3.26914,25.8634,0.416844,0.841195,3.32644,
3.09188,45.7108,0,2.32106,5.71124,131.716,1.2617,3.16307,22.8059,0.538969,1.03429,2.78057,
2.31631,42.8223,0,2.56482,6.40993,113.422,1.33815,2.57393,21.4267,0.41088,0.818725,2.86683,
2.65788,45.3385,0,2.31777,5.73053,114.292,1.58413,2.72538,21.3471,0.515271,0.915391,3.52404,
2.46864,35.6752,0,1.98341,6.07396,143.587,1.34241,2.66279,18.9731,0.425017,0.823346,3.8606,
2.74941,34.633,0,2.64509,6.09981,104.024,1.48698,2.82865,24.8834,0.440923,0.824777,3.57618,
3.04391,45.0843,0,2.17264,6.37252,138.226,1.2716,2.84494,30.5798,0.431624,0.868231,3.17236,
2.8158,37.0985,0,2.19698,5.91884,117.843,1.57132,2.96245,22.9785,0.391916,0.979005,3.24414,
2.82293,45.1128,0,2.35383,7.09208,110.899,1.32004,2.69337,26.1751,0.471873,0.838786,3.13767,
3.28452,36.2703,0,1.87016,6.34173,122.162,1.53008,2.90115,31.0699,0.421523,0.932478,3.10522,
2.58374,43.6076,0,2.26057,6.50995,116.92,1.54397,3.01429,21.3239,0.432765,1.17964,3.53528,
2.84352,41.6028,0,2.29138,5.70318,112.403,1.59845,3.20267,23.9426,0.533644,0.854464,3.57055,
2.51448,31.8887,0,2.05536,6.61488,130.688,1.37427,2.87622,24.8668,0.415143,0.999126,3.35052,
2.50484,47.2387,0,2.28489,6.06668,105.788,1.33277,2.60725,25.1344,0.431695,0.965222,3.45659,
2.84136,38.3622,0,2.08989,7.34302,113.816,1.54525,3.19967,25.6733,0.425636,0.790881,3.4854,
2.68592,30.2485,0,2.36503,6.35588,119.054,1.39805,2.52658,23.7955,0.4465,0.900336,2.80423,
2.89433,36.2402,0,2.27465,6.68159,126.481,1.72712,2.42672,26.4534,0.44018,1.11708,3.02163,
2.75189,35.3209,0,2.21188,6.23722,109.645,1.41441,3.01932,21.4855,0.389545,1.03806,3.22281,
2.84485,37.1998,0,1.98645,5.57446,102,1.59683,3.46433,24.8573,0.491121,0.727549,3.77144,
2.93743,35.9108,0,2.23535,5.93009,112.02,1.57568,3.01319,22.8549,0.352622,0.893155,3.19583,
2.77794,38.3256,0,2.46304,5.44932,117.884,1.38727,3.10593,19.3691,0.348077,0.989894,3.39775,
2.65315,44.9037,0,2.52614,6.65878,103.036,1.75306,2.69544,29.4442,0.519387,0.84323,3.45062,
3.35429,36.7368,0,2.08298,7.50172,119.695,1.4374,2.69657,25.3453,0.486921,0.878285,2.74284,
2.13914,34.5385,0,2.39895,6.33816,116.049,1.82388,2.92239,22.4249,0.555456,0.785596,3.32707,
3.08632,41.5255,0,2.33334,6.52728,123.992,1.47006,2.89639,24.5368,0.496042,0.952335,3.23457,
3.02958,32.8035,0,2.27039,5.65269,127.295,1.41623,3.29239,24.0628,0.52432,0.937838,2.8894,
3.08008,41.0225,0,2.46514,7.99049,127.322,1.34571,2.94072,20.9252,0.496823,1.02292,3.45364,
3.21467,41.067,0,2.14348,6.67254,122.631,1.37084,2.95845,25.481,0.481296,1.01755,3.21977,
2.95931,35.3862,0,2.3688,6.00397,127.058,1.63755,2.27542,26.9922,0.521236,0.839658,3.44766,
3.17892,38.9858,0,1.80943,6.32116,128.575,1.17009,2.6564,21.1949,0.460854,0.906967,3.738,
2.23685,39.6494,0,1.89634,6.10088,121.067,1.49016,2.78753,24.0833,0.453104,0.914704,3.87465,
2.95562,51.6148,0,1.92001,6.74667,108.243,1.67879,2.69894,21.4627,0.490317,1.03306,2.86031,
2.58505,37.0111,0,2.08512,6.91834,130.508,1.6516,3.0202,25.8863,0.430604,0.692866,3.71263,
2.54516,32.7056,0,2.26416,6.92786,117.742,1.58675,3.00467,22.8378,0.497498,0.840702,2.97358,
2.29037,40.6892,0,2.63151,6.29265,117.593,1.69563,2.82871,17.5657,0.48786,0.891599,3.25102,
2.69955,45.1243,0,2.45795,6.84155,110.256,1.71593,3.28966,24.9891,0.470318,0.847755,3.75213,
2.33884,39.7132,0,2.13119,6.35741,113.161,1.4106,3.1219,22.314,0.532335,0.90612,2.30467,
3.37272,40.5153,0,2.46201,7.68885,122.99,1.4415,2.60104,23.4158,0.503285,1.04718,2.89153,
2.97427,40.5304,0,2.8309,5.84769,122.755,1.4995,2.92639,26.4225,0.429869,0.864565,3.35021,
2.74911,37.6919,0,2.43034,6.19378,135.838,1.64546,2.7321,23.4748,0.474599,0.907304,3.20474,
2.60542,35.8112,0,2.18914,6.6766,113.259,1.54247,3.09756,24.8971,0.491287,0.931709,3.42603,
2.81716,42.4059,0,2.46031,7.517,114.402,1.41522,3.15586,22.3344,0.443206,0.822249,3.96389,
2.53429,46.01,0,2.12393,5.851,110.441,1.44437,2.746,21.7606,0.516187,1.034,3.15061,
2.64223,44.8985,0,2.25999,6.70132,131.394,1.53917,2.98604,27.4431,0.490902,1.01616,3.34544,
3.28399,36.3946,0,2.28214,6.02929,122.581,1.71301,3.19402,19.3937,0.48699,0.807756,3.60528,
2.39343,33.6123,0,2.9036,6.66756,126.657,1.3274,2.96218,23.1947,0.42978,0.94075,3.66733,
2.59202,44.0149,0,2.3387,8.30357,102.71,1.55277,2.54834,24.0203,0.358495,0.851702,3.65281,
2.41668,39.4228,0,2.26416,6.6122,109.875,1.28953,2.32057,23.0776,0.520397,0.868174,3.38571,
3.04427,37.1869,0,2.20777,6.72383,114.593,1.53972,2.70772,23.1971,0.473984,0.898667,2.60908,
2.52776,32.6607,0,2.34899,6.80818,119.962,1.26245,2.66818,28.3658,0.405303,0.855654,3.44887,
3.10559,31.4394,0,2.0621,7.44321,117.657,1.4763,2.6915,21.6592,0.5185,1.00763,3.40545,
2.80753,44.8844,0,2.07232,5.69513,125.212,1.52389,2.96416,20.9046,0.50092,1.10174,2.90031,
3.04913,42.097,0,2.27162,5.91898,98.3675,1.4256,2.83776,27.3825,0.504947,1.03652,3.41942,
2.451,37.8742,0,2.456,6.50613,99.2506,1.54927,2.94632,20.1224,0.484496,0.986301,3.43807,
2.71572,38.0245,0,2.32521,5.32177,111.038,1.26668,2.30862,20.6439,0.552951,0.806233,3.38359,
2.80954,37.8743,0,2.16678,6.79177,102.467,1.3322,2.6289,23.1421,0.426074,1.09198,3.47118,
3.20613,38.8783,0,2.33092,6.71359,112.262,1.39057,2.46324,24.3297,0.443479,0.729629,3.6069,
2.91905,44.5827,0,2.11635,6.19439,96.1844,1.58628,3.14204,23.6623,0.446713,0.972783,3.09931,
3.05204,38.438,0,2.20229,5.86362,111.408,1.33466,2.94644,24.5307,0.475718,0.777991,3.20609,
2.95788,36.0616,0,2.20393,6.9537,112.113,1.66512,3.11618,30.4533,0.385652,0.94452,2.44028,
2.56427,43.7559,0,2.28773,6.76436,113.082,1.61236,2.92512,25.1209,0.458143,0.95831,3.11805,
3.25697,43.4101,0,2.07737,7.30715,107.894,1.30329,3.27492,22.6159,0.490181,0.812212,3.42657,
3.12671,37.7927,0,2.44215,6.68558,131.098,1.49565,2.48489,20.4685,0.463735,1.05919,3.4661,
2.64608,35.1393,0,2.40974,5.28918,116.29,1.5114,2.59268,25.7602,0.465505,0.909871,3.14568,
2.49171,43.158,0,2.28634,6.92414,125.272,1.3703,2.33382,22.9715,0.50906,0.95643,3.14783,
2.33004,43.1175,0,1.90656,6.00148,116.037,1.47469,2.92288,24.4571,0.53686,1.04045,3.33307,
2.46002,43.5213,0,2.20567,7.43093,123.479,1.4542,2.65504,19.3741,0.387089,0.738526,3.41049,
2.7553,38.925,0,2.22662,6.44513,110.103,1.47344,2.61788,24.8188,0.468792,0.956347,2.95899,
2.46627,37.1058,0,2.34797,5.84273,127.201,1.45668,2.60401,22.3182,0.517973,0.881532,2.86648,
2.77545,35.9755,0,2.40259,6.41846,119.668,1.61468,3.13923,28.3002,0.540044,1.10839,3.47534,
3.44359,44.0061,0,2.23882,5.91536,103.387,1.38971,2.82244,24.7739,0.479567,0.912247,3.05706,
2.78378,37.561,0,2.26747,6.73952,106.55,1.47467,3.04432,20.8066,0.46725,0.958227,3.40844,
3.0051,40.3683,0,2.05861,6.68379,110.731,1.41672,2.78401,25.2491,0.449834,0.829664,3.86227,
2.36066,40.6598,0,1.6491,6.01931,111.846,1.6079,2.88056,21.481,0.432703,1.01091,3.81328,
2.85355,42.5967,0,2.18825,6.77663,108.444,1.28414,2.39067,22.1574,0.528417,0.979564,2.8874,
2.90424,37.1451,0,1.85735,6.68853,147.545,1.44248,2.90785,26.93,0.481035,0.967014,3.25574,
3.25773,39.36,0,2.40578,7.07302,126.289,1.54761,2.97519,26.4531,0.428462,0.964998,3.20179,
3.14984,44.4089,0,2.27507,6.22178,111.731,1.601,2.91824,23.8885,0.489605,0.972814,2.85964,
2.47407,40.3538,0,2.33857,7.49454,113.899,1.60652,2.49554,21.9768,0.471548,0.88089,3.83641,
2.75901,39.4615,0,2.20658,7.25525,128.689,1.55503,2.63698,21.361,0.476077,1.04442,3.01189,
2.87835,41.2057,0,2.28992,6.33627,117.694,1.75073,2.37325,22.5387,0.454424,0.79166,2.84208,
2.72417,44.6363,0,1.98957,6.93762,106.105,1.28372,3.13464,22.4836,0.46707,0.939172,2.58189,
2.76668,41.4783,0,2.1427,6.75794,111.937,1.50633,2.61903,21.9962,0.478056,0.946125,3.14507,
3.05897,40.5125,0,2.29448,6.61749,118.25,1.54702,2.80556,26.2281,0.503976,0.934037,3.14064,
2.76659,35.1841,0,2.00335,6.84767,112.378,1.35997,2.8419,22.4591,0.397768,0.907168,3.28786,
2.91801,41.7261,0,2.05418,7.01074,104.808,1.24189,2.86434,25.8903,0.507904,1.19298,3.62485,
3.14974,39.7854,0,2.51727,6.87139,103.686,1.42311,3.10884,22.8429,0.461857,0.924491,3.10649,
3.18818,39.7678,0,2.42144,6.4401,137.706,1.44049,2.42508,25.514,0.431603,0.950752,3.07084,
2.98725,41.2623,0,2.25612,5.4022,108.468,1.58653,2.79141,23.7475,0.4362,0.966278,3.2386,
2.80705,35.4416,0,2.54264,6.86078,121.349,1.49229,3.05928,22.3937,0.36442,0.926147,3.37513,
3.14574,45.9023,0,2.26268,6.52315,103.103,1.3271,2.98431,22.1414,0.440023,0.870452,3.25514,
3.00193,38.9079,0,2.39207,7.19432,109.859,1.54882,2.98045,25.9816,0.443523,1.00243,4.14923,
3.13539,33.2857,0,2.84937,6.56124,119.56,1.53868,3.22976,19.9457,0.381936,0.825638,3.83852,
3.08896,39.5381,0,2.21659,6.82674,126.29,1.50405,2.80691,25.8762,0.478278,0.842094,3.2865,
2.67373,37.0068,0,2.22884,7.10638,101.05,1.5122,2.6564,22.2445,0.504351,0.843752,3.26869,
3.02127,36.3421,0,1.92583,6.94784,134.548,1.47953,2.97153,21.7927,0.45756,0.98768,3.283,
2.88341,34.8957,0,2.21874,5.95042,112.262,1.34196,2.87445,23.57,0.440868,1.01578,3.19362,
2.6518,44.5656,0,1.86944,6.69009,121.353,1.69547,2.85538,21.2761,0.501966,0.98913,3.72574,
2.82627,35.8327,0,2.24716,6.72071,113.247,1.49189,2.42687,26.6167,0.501249,0.907508,3.64895,
3.01907,50.1711,0,2.29241,7.72072,111.553,1.42169,3.15391,26.256,0.454201,0.92578,3.24892,
2.89314,38.4791,0,2.24795,6.12086,106.573,1.79563,3.04084,26.3017,0.422292,0.847115,3.79946,
3.37293,39.1868,0,2.10331,6.45348,102.158,1.65192,2.64109,25.2927,0.499536,0.976437,3.48804,
2.40893,40.9372,0,2.32159,7.04299,105.926,1.59545,3.11361,24.0619,0.436509,0.777058,3.19563,
2.62948,40.7253,0,2.29038,5.80288,101.965,1.4796,2.91347,19.6705,0.525938,0.93285,2.9283,
2.33567,41.0348,0,2.79671,6.53214,111.172,1.53515,2.6779,18.2911,0.436028,0.915561,2.80813,
3.02026,36.0556,0,2.08186,7.04614,122.452,1.38986,2.57647,23.1863,0.496624,0.952189,3.30355,
3.22205,47.732,0,2.53469,6.89812,118.561,1.59629,2.48673,26.0883,0.451399,0.938013,3.11736,
2.92082,38.6938,0,1.88318,6.14573,128.239,1.60084,2.52335,26.8388,0.461498,0.857932,3.72202,
2.65341,35.5385,0,1.99707,7.00515,102.111,1.50462,2.78162,25.0633,0.500643,0.870329,3.01014,
2.5954,37.5146,0,2.10418,6.8285,111.845,1.41446,2.8136,24.3433,0.489343,1.00166,3.05849,
3.19325,42.0939,0,2.22666,5.53218,134.003,1.5616,2.8405,23.568,0.412905,1.05913,3.22864,
3.04771,36.5712,0,2.0053,6.64231,120.884,1.76924,2.75053,27.0168,0.500326,1.0044,3.18338,
3.33352,34.3352,0,2.22895,7.38964,110.018,1.54354,2.48828,24.3317,0.491537,0.915568,3.40421,
2.82051,47.8863,0,2.31712,6.11407,109.939,1.46381,3.44956,25.1311,0.493673,0.801183,3.67401,
2.82275,34.4487,0,2.34272,6.23593,129.307,1.66952,2.82397,23.4227,0.4517,1.05814,2.76606,
3.21924,36.418,0,2.45834,6.26144,87.4506,1.42133,3.05947,27.9775,0.467208,0.872103,3.28339,
3.36069,41.2875,0,2.53884,6.59041,122.364,1.73733,3.52995,28.1467,0.512318,0.857142,3.21949,
2.71443,33.7325,0,2.00666,6.49536,100.809,1.63945,2.77683,27.5472,0.478921,0.955311,3.68723,
2.94649,37.7242,0,2.27484,7.66623,136.091,1.61764,2.92515,25.9246,0.480146,0.792796,2.89081,
2.7182,37.1659,0,2.40353,7.34736,123.287,1.29656,3.09165,21.2732,0.464066,0.967364,3.06616,
2.91088,36.5531,0,2.11898,7.98739,96.8098,1.31784,2.50767,24.6418,0.481248,0.93504,3.4097,
2.60387,38.5186,0,2.13312,6.3236,148.136,1.20694,3.12401,25.7345,0.463224,0.963746,3.13854,
2.52361,41.508,0,2.11104,7.3783,117.842,1.69229,2.95595,22.9891,0.433496,0.924226,3.41228,
2.991,32.9332,0,2.25633,5.73839,112.228,1.56403,2.71134,20.629,0.495357,0.941933,3.16316,
3.02737,29.4359,0,1.98954,6.25429,104.339,1.50079,2.747,23.1297,0.495673,0.858249,3.15987,
3.06169,40.7071,0,2.14443,6.26882,103.061,1.32297,2.75261,21.2397,0.457116,0.956689,2.45951,
3.21616,40.1112,0,2.01129,6.36573,126.037,1.66106,2.80892,25.2229,0.504004,0.842121,2.97927,
2.82158,38.1892,0,2.41276,5.91696,134.498,1.49421,2.68095,18.9074,0.428575,0.833914,3.28525,
2.77049,45.2121,0,2.3324,7.03158,120.426,1.37151,2.8885,27.7372,0.448674,0.833794,3.61194,
2.45248,42.8745,0,2.11102,7.00602,114.466,1.48825,2.50919,24.2157,0.5203,1.20668,3.49324,
2.73686,43.1538,0,2.12495,7.16115,117.562,1.54014,2.53056,25.651,0.390384,0.895637,3.08537,
2.63367,39.5066,0,2.16254,5.58863,113.874,1.54363,2.82674,25.9248,0.524933,1.03458,3.30038,
2.58964,37.3199,0,2.21193,6.50667,104.003,1.34795,2.86247,24.9983,0.47599,0.962295,2.88322,
2.46451,44.429,0,2.40633,6.70337,96.7978,1.16092,2.69255,20.3835,0.478588,1.16726,3.07817,
2.81286,41.0704,0,2.29595,7.16712,117.275,1.27499,2.55334,18.6588,0.467946,0.743268,3.2472,
2.60064,42.7055,0,2.01455,5.85784,121.059,1.33717,2.85059,23.926,0.504938,1.14632,3.31744,
2.57159,42.131,0,2.5941,6.78305,105.297,1.29152,2.96304,25.3445,0.417507,0.836075,2.91899,
2.88428,45.4278,0,2.38095,6.60292,125.744,1.16297,2.81306,26.3271,0.448118,0.932164,3.63089,
2.66396,40.8381,0,2.08677,6.83297,109.074,1.51165,2.91621,28.5964,0.361242,1.01816,2.42161,
2.60968,38.5339,0,2.58573,6.72903,103.609,1.45468,2.43115,24.3487,0.468822,1.02423,2.7586,
3.30432,39.4539,0,1.87719,7.07781,109.243,1.47024,2.91951,24.7087,0.467766,0.94625,3.19395,
2.99312,31.8779,0,2.1074,6.71461,126.953,1.51176,2.95096,23.9456,0.488409,0.935846,3.61024,
2.82605,43.6236,0,2.31374,6.18758,108.478,1.45854,3.32355,22.2647,0.516559,1.09981,3.77069,
3.02314,46.1059,0,2.29348,6.52271,114.058,1.47141,3.47802,27.8961,0.469165,0.842531,3.56809,
