54.998
54.99
54.998
54.998
54.992
54.967
54.994
54.96
54.998
54.948
54.997
54.979
54.952
54.988
54.999
54.963
54.998
54.974
54.746
53.469
54.988
54.973
54.987
54.75
54.97
54.999
53.452
54.953
54.972
54.998
54.799
54.978
54.584
54.99
54.994
54.947
54.974
54.849
54.949
54.965
54.977
55
54.972
54.938
54.925
54.963
54.99
54.998
54.983
54.998
54.984
54.971
54.999
54.573
54.872
54.999
54.999
54.691
54.774
54.951
54.922
54.966
54.992
54.993
54.99
54.952
54.967
54.963
54.964
54.742
54.998
54.956
53.384
54.958
54.997
54.973
54.997
54.999
54.987
54.988
53.815
54.979
54.998
54.726
54.999
54.798
54.975
54.996
54.998
54.983
54.88
55
54.611
54.998
54.939
54.957
54.969
54.855
54.968
54.997
54.97
54.952
54.991
54.989
54.791
54.905
54.99
54.997
54.974
54.86
54.934
54.997
54.946
54.999
54.999
54.981
54.952
54.956
54.972
54.99
54.938
54.786
54.749
54.957
54.954
54.854
54.996
54.986
54.986
54.998
54.999
54.997
54.772
54.816
54.948
54.993
54.996
54.808
54.996
54.939
54.998
54.856
54.984
54.961
54.999
54.967
54.975
54.996
54.997
54.991
54.995
54.998
54.572
54.969
53.369
54.976
54.797
54.979
54.998
54.954
54.998
54.999
54.99
54.942
54.999
54.998
54.806
54.361
54.863
54.977
54.952
54.971
54.999
54.997
54.966
54.999
54.988
54.969
54.934
54.998
54.96
54.989
54.972
54.999
54.979
54.996
54.999
54.769
54.989
54.988
54.877
54.998
54.811
54.734
54.747
54.967
53.676
54.975
54.775
55
54.792
54.917
54.997
54.992
54.955
54.997
54.547
54.976
54.72
54.999
54.95
54.921
54.998
54.836
54.997
54.931
54.947
54.514
54.968
54.997
54.997
54.997
54.998
54.917
54.962
54.983
54.946
54.781
54.743
54.985
55
54.936
54.999
54.952
54.934
54.998
54.999
54.826
54.96
54.993
54.951
54.947
54.965
54.827
54.968
54.726
54.991
54.999
54.969
54.946
54.953
54.914
54.999
54.674
54.998
54.955
54.999
53.178
54.976
54.949
54.977
54.961
54.953
54.732
54.845
54.876
54.997
54.988
54.598
54.949
54.985
54.945
54.484
54.955
54.998
54.972
54.781
54.991
54.992
54.994
54.991
54.999
54.959
54.994
54.97
54.863
54.791
54.997
54.977
54.947
54.997
54.964
54.959
54.95
54.708
54.996
54.959
53.564
54.963
54.994
54.608
54.957
53.349
54.985
54.951
54.922
54.998
54.98
54.999
54.986
54.998
54.769
54.86
54.992
54.966
54.973
54.966
54.791
54.999
54.997
54.925
54.832
54.959
54.992
54.968
54.992
54.99
54.983
54.994
54.957
54.998
54.825
54.756
54.748
54.825
54.837
54.982
54.96
54.999
54.809
54.729
54.997
54.999
54.997
52.58
54.983
54.841
54.989
54.96
54.927
54.839
54.94
54.79
54.599
54.79
54.94
54.999
54.961
54.976
54.998
54.702
54.978
54.95
52.074
54.967
54.997
54.949
54.953
54.721
54.969
53.194
54.974
54.936
54.934
54.985
54.963
54.991
54.721
54.949
54.566
54.283
54.645
54.964
54.863
54.993
54.968
54.999
54.986
54.904
54.999
54.954
54.626
54.986
54.998
54.997
54.989
54.999
52.917
54.622
54.938
54.757
54.974
54.589
54.984
54.965
54.937
54.958
54.963
54.999
54.945
54.974
54.741
54.76
54.994
54.99
54.995
54.323
54.969
54.749
54.749
54.996
54.942
54.985
54.957
54.998
54.943
54.964
54.99
54.985
54.983
54.737
54.999
54.938
54.997
54.949
54.954
54.999
54.957
54.998
54.992
54.99
54.999
54.749
54.96
54.949
54.96
54.999
54.997
54.999
54.792
54.988
54.831
54.998
53.249
54.998
54.847
54.6
54.946
54.963
54.741
54.965
54.993
54.934
54.655
54.834
54.96
54.912
54.984
54.923
54.989
54.967
54.972
54.926
54.964
54.993
53.586
54.962
54.996
54.999
54.918
54.964
54.998
54.997
54.919
54.999
54.988
54.998
54.971
54.955
54.836
54.948
54.983
53.375
54.904
54.991
54.945
54.836
52.443
54.831
54.99
54.992
54.997
54.926
54.83
54.997
54.997
54.791
54.554
52.254
54.73
54.677
54.915
54.997
54.996
54.996
54.769
54.998
54.762
54.999
54.703
54.609
54.762
54.955
54.479
54.999
54.973
54.998
54.732
54.507
54.999
54.993
54.96
54.999
54.999
54.955
54.996
54.956
54.998
54.998
54.96
54.963
54.997
54.98
54.919
54.965
54.842
54.997
54.832
54.988
54.926
54.996
54.999
54.997
54.998
54.977
54.973
54.958
54.97
54.997
54.994
54.997
54.98
54.991
54.958
54.998
54.998
54.977
54.999
54.956
54.999
54.994
54.944
54.994
54.949
54.87
54.999
54.782
54.669
54.936
54.999
54.999
54.998
51.92
54.608
54.914
54.992
54.994
54.972
54.999
54.837
54.956
54.939
54.996
54.966
54.974
54.953
54.999
54.793
54.999
54.996
54.997
54.942
54.944
54.775
54.572
54.996
54.957
54.992
54.961
54.991
54.812
54.946
54.551
54.952
54.98
54.794
54.992
54.971
54.768
54.993
54.998
54.765
54.98
54.99
54.969
54.96
54.998
55
54.988
54.994
54.932
54.957
54.981
54.615
54.998
54.989
54.958
54.999
54.998
52.19
54.998
54.997
54.96
54.94
54.984
54.742
52.958
54.615
54.976
54.839
54.992
54.983
54.991
54.993
54.961
54.981
54.989
54.909
54.687
54.973
54.959
54.998
54.961
54.667
54.962
54.759
54.605
54.976
54.829
54.965
54.33
54.752
54.999
53.594
54.963
54.959
54.992
53.331
54.99
54.999
54.719
54.983
54.942
54.96
54.999
54.971
54.998
54.75
54.824
54.996
54.839
54.757
54.953
54.998
54.957
54.803
54.998
54.838
54.993
53.404
54.972
54.997
53.276
54.993
53.176
54.999
53.291
54.992
54.989
54.997
54.965
54.999
54.992
54.761
54.99
54.954
54.997
54.436
54.897
54.667
54.681
54.999
54.372
54.965
54.998
54.915
54.732
54.997
54.999
54.96
54.965
54.948
54.941
54.991
54.988
54.999
54.968
54.998
54.99
54.997
54.974
54.999
54.968
54.997
54.999
54.932
54.736
54.997
54.768
54.848
54.999
54.997
54.976
54.968
54.961
54.6
54.903
54.989
54.953
54.989
54.998
54.436
54.935
54.964
54.96
54.657
54.802
54.963
54.998
54.996
53.159
54.999
54.993
54.994
54.927
54.958
54.592
54.781
54.976
54.811
54.992
54.93
54.971
54.731
54.867
54.999
54.997
54.966
54.814
54.98
54.963
54.998
54.946
54.715
54.856
54.989
54.997
54.779
52.081
54.822
54.98
54.972
54.944
54.718
54.945
54.999
54.951
54.693
54.963
54.999
54.969
54.989
54.751
54.977
54.991
54.505
54.998
54.68
54.998
54.782
54.962
54.946
54.961
54.993
54.936
54.94
54.768
54.949
54.997
54.578
54.997
54.971
54.966
54.764
54.999
54.997
54.813
54.997
54.98
54.976
54.999
54.95
54.79
54.965
54.954
54.969
54.99
54.946
54.999
54.975
54.997
54.975
54.7
54.898
54.968
54.998
54.98
54.976
54.776
54.996
54.999
54.998
54.745
54.989
54.951
54.996
54.989
54.999
54.941
54.929
54.984
54.99
54.998
54.989
54.999
54.994
54.732
54.991
54.997
54.944
54.974
54.999
54.951
54.975
54.962
54.994
54.993
54.999
54.795
54.964
52.936
54.917
54.993
54.951
54.971
54.935
54.81
54.967
54.999
53.133
54.937
54.977
54.763
54.904
54.955
54.765
54.999
54.911
54.996
54.977
54.941
54.994
54.999
54.702
54.567
54.945
54.929
54.38
54.928
54.994
54.996
54.998
54.74
54.971
54.579
54.998
54.747
54.982
54.967
54.998
54.991
54.769
54.963
54.999
54.951
54.964
54.719
54.728
54.998
54.99
54.824
54.996
54.978
54.92
54.977
54.739
54.965
54.95
54.783
54.997
54.958
54.994
54.998
54.917
53.562
54.999
52.328
54.998
54.977
54.994
54.739
54.962
54.993
52.894
54.381
54.957
54.963
53.035
54.947
54.952
54.823
54.963
54.996
54.957
54.966
54.498
54.997
54.988
54.955
54.771
54.915
54.999
54.993
54.979
54.999
54.815
54.996
52.181
54.321
54.992
54.979
54.974
54.957
54.989
54.999
54.996
54.999
54.977
54.984
54.988
