54.998
54.99
54.998
54.998
54.992
54.967
54.994
54.96
54.998
54.948
54.997
54.979
54.952
54.988
54.999
54.963
54.998
54.974
54.746
53.469
54.988
54.973
54.987
54.75
54.97
54.999
53.452
54.953
54.972
54.998
54.799
54.978
54.584
54.99
54.994
54.947
54.974
54.849
54.949
54.965
54.977
55
54.972
54.938
54.925
54.963
54.99
54.998
54.983
54.998
54.984
54.971
54.999
54.573
54.872
54.999
54.999
54.691
54.774
54.951
54.922
54.966
54.992
54.993
54.99
54.952
54.967
54.963
54.964
54.742
54.998
54.956
53.384
54.958
54.997
54.973
54.997
54.999
54.987
54.988
53.815
54.979
54.998
54.726
54.999
54.798
54.975
54.996
54.998
54.983
54.88
55
54.611
54.998
54.939
54.957
54.969
54.855
54.968
54.997
54.97
54.952
54.991
54.989
54.791
54.905
54.99
54.997
54.974
54.86
54.934
54.997
54.946
54.999
54.999
54.981
54.952
54.956
54.972
54.99
54.938
54.786
54.749
54.957
54.954
54.854
54.996
54.986
54.986
54.998
54.999
54.997
54.772
54.816
54.948
54.993
54.996
54.808
54.996
54.939
54.998
54.856
54.984
54.961
54.999
54.967
54.975
54.996
54.997
54.991
54.995
54.998
54.572
54.969
53.369
54.976
54.797
54.979
54.998
54.954
54.998
54.999
54.99
54.942
54.999
54.998
54.806
54.361
54.863
54.977
54.952
54.971
54.999
54.997
54.966
54.999
54.988
54.969
54.934
54.998
54.96
54.989
54.972
54.999
54.979
54.996
54.999
54.769
54.989
54.988
54.877
54.998
54.811
54.734
54.747
54.967
53.676
54.975
54.775
55
54.792
54.917
54.997
54.992
54.955
54.997
54.547
54.976
54.72
54.999
54.95
54.921
54.998
54.836
54.997
54.931
54.947
54.514
54.968
54.997
54.997
54.997
54.998
54.917
54.962
54.983
54.946
54.781
54.743
54.985
55
54.936
54.999
54.952
54.934
54.998
54.999
54.826
54.96
54.993
54.951
54.947
54.965
54.827
54.968
54.726
54.991
54.999
54.969
54.946
54.953
54.914
54.999
54.674
54.998
54.955
54.999
53.178
54.976
54.949
54.977
54.961
54.953
54.732
54.845
54.876
54.997
54.988
54.598
54.949
54.985
54.945
54.484
54.955
54.998
54.972
54.781
54.991
54.992
54.994
54.991
54.999
54.959
54.994
54.97
54.863
54.791
54.997
54.977
54.947
54.997
54.964
54.959
54.95
54.708
54.996
54.959
53.564
54.963
54.994
54.608
54.957
53.349
54.985
54.951
54.922
54.998
54.98
54.999
54.986
54.998
54.769
54.86
54.992
54.966
54.973
54.966
54.791
54.999
54.997
54.925
54.832
54.959
54.992
54.968
54.992
54.99
54.983
54.994
54.957
54.998
54.825
54.756
54.748
54.825
54.837
54.982
54.96
54.999
54.809
54.729
54.997
54.999
54.997
52.58
54.983
54.841
54.989
54.96
54.927
54.839
54.94
54.79
54.599
54.79
54.94
54.999
54.961
54.976
54.998
54.702
54.978
54.95
52.074
54.967
54.997
54.949
54.953
54.721
54.969
53.194
54.974
54.936
54.934
54.985
54.963
54.991
54.721
54.949
54.566
54.283
54.645
54.964
54.863
54.993
54.968
54.999
54.986
54.904
54.999
54.954
54.626
54.986
54.998
54.997
54.989
54.999
52.917
54.622
54.938
54.757
54.974
54.589
54.984
54.965
54.937
54.958
54.963
54.999
54.945
54.974
54.741
54.76
54.994
54.99
54.995
54.323
54.969
54.749
54.749
54.996
54.942
54.985
54.957
54.998
54.943
54.964
54.99
54.985
54.983
54.737
54.999
54.938
54.997
54.949
54.954
54.999
54.957
54.998
54.992
54.99
54.999
54.749
54.96
54.949
54.96
54.999
54.997
54.999
54.792
54.988
54.831
54.998
53.249
54.998
54.847
54.6
54.946
54.963
54.741
54.965
54.993
54.934
54.655
54.834
54.96
54.912
54.984
54.923
54.989
54.967
54.972
54.926
54.964
54.993
53.586
54.962
54.996
54.999
54.918
54.964
54.998
54.997
54.919
54.999
54.988
54.998
54.971
54.955
54.836
54.948
54.983
53.375
54.904
54.991
54.945
54.836
52.443
54.831
54.99
54.992
54.997
54.926
54.83
54.997
54.997
54.791
54.554
52.254
54.73
54.677
54.915
54.997
54.996
54.996
54.769
54.998
54.762
54.999
54.703
54.609
54.762
54.955
54.479
54.999
54.973
54.998
54.732
54.507
54.999
54.993
54.96
54.999
54.999
54.955
54.996
54.956
54.998
54.998
54.96
54.963
54.997
54.98
54.919
54.965
54.842
54.997
54.832
54.988
54.926
54.996
54.999
54.997
54.998
54.977
54.973
54.958
54.97
54.997
54.994
54.997
54.98
54.991
54.958
54.998
54.998
54.977
54.999
54.956
54.999
54.994
54.944
54.994
54.949
54.87
54.999
54.782
54.669
54.936
54.999
54.999
54.998
51.92
54.608
54.914
54.992
54.994
54.972
54.999
54.837
54.956
54.939
54.996
54.966
54.974
54.953
54.999
54.793
54.999
54.996
54.997
54.942
54.944
54.775
54.572
54.996
54.957
54.992
54.961
54.991
54.812
54.946
54.551
54.952
54.98
54.794
54.992
54.971
54.768
54.993
54.998
54.765
54.98
54.99
54.969
54.96
54.998
55
54.988
54.994
54.932
54.957
54.981
54.615
54.998
54.989
54.958
54.999
54.998
52.19
54.998
54.997
54.96
54.94
54.984
54.742
52.958
54.615
54.976
54.839
54.992
54.983
54.991
54.993
54.961
54.981
54.989
54.909
54.687
54.973
54.959
54.998
54.961
54.667
54.962
54.759
54.605
54.976
54.829
54.965
54.33
54.752
54.999
53.594
54.963
54.959
54.992
53.331
54.99
54.999
54.719
54.983
54.942
54.96
54.999
54.971
54.998
54.75
54.824
54.996
54.839
54.757
54.953
54.998
54.957
54.803
54.998
54.838
54.993
53.404
54.972
54.997
53.276
54.993
53.176
54.999
53.291
54.992
54.989
54.997
54.965
54.999
54.992
54.761
54.99
54.954
54.997
54.436
54.897
54.667
54.681
54.999
54.372
54.965
54.998
54.915
54.732
54.997
54.999
54.96
54.965
54.948
54.941
54.991
54.988
54.999
54.968
54.998
54.99
54.997
54.974
54.999
54.968
54.997
54.999
54.932
54.736
54.997
54.768
54.848
54.999
54.997
54.976
54.968
54.961
54.6
54.903
54.989
54.953
54.989
54.998
54.436
54.935
54.964
54.96
54.657
54.802
54.963
54.998
54.996
53.159
54.999
54.993
54.994
54.927
54.958
54.592
54.781
54.976
54.811
54.992
54.93
54.971
54.731
54.867
54.999
54.997
54.966
54.814
54.98
54.963
54.998
54.946
54.715
54.856
54.989
54.997
54.779
52.081
54.822
54.98
54.972
54.944
54.718
54.945
54.999
54.951
54.693
54.963
54.999
54.969
54.989
54.751
54.977
54.991
54.505
54.998
54.68
54.998
54.782
54.962
54.946
54.961
54.993
54.936
54.94
54.768
54.949
54.997
54.578
54.997
54.971
54.966
54.764
54.999
54.997
54.813
54.997
54.98
54.976
54.999
54.95
54.79
54.965
54.954
54.969
54.99
54.946
54.999
54.975
54.997
54.975
54.7
54.898
54.968
54.998
54.98
54.976
54.776
54.996
54.999
54.998
54.745
54.989
54.951
54.996
54.989
54.999
54.941
54.929
54.984
54.99
54.998
54.989
54.999
54.994
54.732
54.991
54.997
54.944
54.974
54.999
54.951
54.975
54.962
54.994
54.993
54.999
54.795
54.964
52.936
54.917
54.993
54.951
54.971
54.935
54.81
54.967
54.999
53.133
54.937
54.977
54.763
54.904
54.955
54.765
54.999
54.911
54.996
54.977
54.941
54.994
54.999
54.702
54.567
54.945
54.929
54.38
54.928
54.994
54.996
54.998
54.74
54.971
54.579
54.998
54.747
54.982
54.967
54.998
54.991
54.769
54.963
54.999
54.951
54.964
54.719
54.728
54.998
54.99
54.824
54.996
54.978
54.92
54.977
54.739
54.965
54.95
54.783
54.997
54.958
54.994
54.998
54.917
53.562
54.999
52.328
54.998
54.977
54.994
54.739
54.962
54.993
52.894
54.381
54.957
54.963
53.035
54.947
54.952
54.823
54.963
54.996
54.957
54.966
54.498
54.997
54.988
54.955
54.771
54.915
54.999
54.993
54.979
54.999
54.815
54.996
52.181
54.321
54.992
54.979
54.974
54.957
54.989
54.999
54.996
54.999
54.977
54.984
54.988
44.996
44.958
44.944
44.996
44.955
44.999
44.828
44.921
44.846
44.964
44.943
44.998
44.999
44.975
44.981
44.935
44.96
44.976
44.962
44.991
44.957
44.999
44.991
44.978
44.742
44.982
44.93
44.997
44.999
44.918
44.284
44.997
44.954
44.804
44.976
44.765
44.977
44.989
44.977
43.725
44.997
44.998
44.998
44.947
44.934
44.991
44.868
44.999
44.828
44.998
44.949
44.976
44.987
43.385
44.966
44.854
44.999
44.974
44.967
44.982
44.381
44.999
43.469
44.944
44.95
44.952
44.997
44.997
44.997
44.999
44.984
44.933
43.37
44.802
44.961
44.999
44.975
43.783
44.927
44.849
44.955
44.999
44.968
43.437
44.975
44.999
44.997
44.993
44.966
44.95
44.856
44.959
44.997
44.597
44.98
44.92
44.999
44.72
44.997
44.826
44.951
44.723
44.359
44.733
44.964
44.986
44.944
43.524
44.607
44.958
44.991
44.993
44.967
44.958
44.997
44.949
44.997
44.592
44.96
44.842
44.956
44.999
44.497
43.47
44.512
44.966
44.992
44.947
44.391
44.946
44.997
44.997
44.64
44.997
44.999
44.998
44.982
42.789
44.993
44.962
44.975
44.965
44.999
44.931
44.966
44.594
44.972
44.78
44.96
44.347
44.998
44.949
44.998
44.997
44.998
44.856
44.992
44.861
44.998
44.972
44.978
44.967
44.999
44.976
44.998
44.93
44.963
44.994
44.996
44.924
44.998
44.999
44.998
44.991
44.998
44.996
44.949
44.919
44.998
44.956
44.998
44.963
44.738
44.936
44.993
44.964
44.843
44.997
44.965
44.97
44.987
44.997
44.979
44.486
44.637
44.986
44.959
44.997
44.783
44.999
44.934
44.972
44.996
44.523
44.951
44.973
43.147
44.971
44.988
44.725
44.955
45
44.522
44.969
44.831
44.966
43.385
44.999
44.986
44.942
44.954
44.966
44.971
44.969
44.958
44.955
43.233
44.998
44.928
44.968
44.935
44.967
44.96
42.976
44.964
44.516
44.614
44.966
44.996
44.993
44.722
42.435
44.967
44.996
44.924
44.974
44.993
44.679
44.997
44.974
44.978
44.975
44.988
44.96
44.998
44.895
44.997
44.994
44.998
44.992
44.99
44.962
44.976
44.986
44.945
44.998
44.361
44.993
44.94
44.999
44.958
44.962
44.941
44.956
44.998
44.946
44.996
44.989
44.999
44.998
44.792
44.901
44.978
44.974
44.573
44.997
44.752
44.946
44.489
44.97
44.76
44.999
44.953
44.984
44.988
44.789
44.949
44.997
44.906
44.997
44.983
44.988
44.999
42.268
44.962
44.939
44.978
44.992
44.998
44.954
44.939
44.781
44.999
44.998
44.929
44.909
44.942
44.998
44.998
44.954
44.734
44.998
44.997
44.978
44.999
44.97
44.919
44.998
44.919
44.962
44.999
44.978
44.993
44.961
44.957
44.989
44.946
44.969
44.955
44.706
44.959
44.998
44.715
44.731
44.963
44.961
44.936
44.979
44.918
44.999
44.772
44.845
44.857
44.983
44.956
44.996
44.997
44.676
44.998
44.999
44.999
44.955
44.944
44.993
44.998
44.493
44.998
44.957
44.961
44.999
42.66
45
44.999
44.974
44.968
44.962
44.999
44.938
44.998
44.734
44.999
44.962
44.992
44.696
44.999
44.997
44.997
44.779
44.732
44.991
44.977
44.999
44.947
44.942
44.952
44.999
44.997
44.997
44.978
44.619
44.755
44.948
44.983
44.989
44.591
44.732
44.794
44.999
44.987
44.96
44.961
44.743
44.791
44.994
44.725
44.999
44.997
44.998
44.782
44.972
44.919
44.996
44.959
44.982
44.836
44.914
43.374
44.988
44.954
44.6
44.992
44.825
44.99
44.824
44.965
44.999
44.994
44.994
44.999
44.998
44.958
44.999
44.986
43.523
44.955
44.998
44.761
44.995
44.997
44.998
44.798
42.938
44.948
44.717
44.996
44.974
44.999
44.958
44.997
44.998
44.971
44.996
44.966
44.958
44.976
42.497
44.998
44.999
44.941
44.998
44.998
44.974
44.763
44.965
44.999
44.998
44.997
44.961
44.941
44.931
44.761
44.837
44.967
44.804
44.999
44.997
44.949
44.836
44.999
44.964
44.998
44.992
44.994
44.938
44.986
44.996
44.942
44.995
44.94
44.948
44.971
44.659
43.22
44.978
43.138
44.97
44.708
44.997
44.929
44.999
44.948
44.998
44.991
44.962
44.999
44.996
44.977
44.923
44.999
44.851
44.999
44.998
44.986
44.996
44.571
44.522
44.448
44.976
44.995
44.392
44.975
44.998
44.991
44.999
44.922
44.805
44.988
44.941
44.998
44.985
44.99
44.501
44.959
44.937
44.941
44.997
44.968
44.745
44.999
44.912
44.955
44.999
44.993
44.723
44.968
44.969
44.991
44.993
44.795
44.998
44.976
44.998
44.972
44.746
44.842
44.964
44.93
44.703
44.997
44.999
44.999
44.996
44.997
44.866
44.96
44.999
44.958
44.808
44.584
44.974
44.948
44.752
44.979
44.767
44.967
44.919
44.999
44.956
44.997
44.954
44.999
44.992
44.969
44.804
44.995
44.822
44.999
44.859
44.992
44.998
44.963
44.71
44.757
44.997
44.983
44.998
44.999
44.991
44.996
44.995
44.995
44.996
44.721
44.998
44.999
44.942
44.933
44.997
44.744
44.987
43.418
44.998
44.868
44.992
44.924
44.985
44.726
44.765
44.951
44.998
44.802
44.994
44.835
44.999
44.779
43.339
44.999
44.985
44.953
44.991
44.999
44.999
44.744
44.939
44.947
44.998
44.988
44.797
44.999
44.991
44.947
44.998
44.761
44.975
44.838
44.988
44.996
44.96
44.928
44.999
44.978
44.914
44.997
44.997
44.724
44.717
43.102
44.999
44.997
44.957
44.997
44.419
44.582
44.989
44.935
44.977
44.959
44.947
44.765
44.908
44.997
44.957
44.987
44.976
43.529
44.991
44.961
44.994
44.974
44.95
44.999
44.989
44.998
44.764
44.998
44.997
44.599
44.995
44.769
44.998
44.956
44.987
44.976
44.995
44.991
44.95
44.959
44.958
44.999
44.998
44.941
44.993
44.954
44.992
44.97
44.99
44.999
44.97
44.988
44.987
44.84
44.994
44.99
44.566
44.982
44.598
44.993
44.808
44.994
44.975
44.999
44.998
44.991
44.907
44.962
44.604
44.999
44.997
44.924
44.846
44.826
44.977
44.999
44.997
44.998
44.732
44.999
44.593
44.735
44.998
44.973
44.975
44.998
44.99
44.975
44.997
44.975
44.998
44.983
44.971
44.987
44.981
44.998
44.916
44.796
44.96
44.992
44.731
44.999
44.999
44.979
44.999
44.997
43.424
44.996
44.967
44.962
44.755
44.989
44.998
44.997
44.997
44.972
44.526
44.367
44.589
44.991
44.999
44.808
44.716
44.977
44.877
44.961
44.948
44.977
44.999
44.973
44.998
44.986
44.941
44.465
44.994
44.961
44.981
44.701
43.158
44.78
44.972
44.99
44.969
44.958
44.997
44.986
44.998
44.984
44.976
44.996
44.527
44.96
44.976
44.999
44.996
44.796
44.975
44.956
44.736
44.627
44.698
44.967
44.998
44.967
44.999
44.999
44.552
44.994
44.993
44.854
43.052
44.956
44.606
44.986
44.994
44.722
44.827
44.999
44.984
44.579
44.985
44.997
45
44.789
44.831
44.924
44.838
44.997
43.617
43.198
44.945
44.536
44.979
44.747
44.997
44.947
44.952
44.998
44.457
44.963
44.999
44.98
44.942
44.906
44.976
44.998
44.998
44.999
44.784
43.229
44.952
44.856
44.999
43.656
44.967
44.795
44.992
44.974
44.997
44.934
45
44.993
44.962
44.967
44.999
44.999
44.975
43.226
44.91
44.825
44.993
44.969
44.981
44.94
44.997
44.99
44.998
44.998
44.992
44.957
44.749
44.978
44.989
44.98
44.993
44.999
44.961
44.952
44.997
44.999
44.963
44.997
44.972
44.856
44.952
44.732
44.99
44.791
44.987
44.973
44.998
44.959
44.999
44.952
44.956
43.378
44.985
44.822
44.961
44.992
44.959
44.96
44.975
44.992
44.996
44.973
44.996
44.967
44.951
44.982
44.999
44.97
44.993
44.976
44.959
44.997
44.977
44.988
44.769
44.953
44.998
44.976
44.978
44.96
44.988
44.999
44.992
44.99
44.991
44.974
44.999
44.82
44.723
44.984
44.988
43.38
44.994
44.999
44.973
44.99
44.97
44.999
44.934
44.956
44.987
44.999
44.582
44.962
44.938
44.999
44.999
44.943
44.984
44.994
44.999
44.999
44.975
44.749
44.84
44.997
44.957
44.994
44.994
34.948
34.972
34.813
34.94
34.999
34.993
34.963
34.791
34.748
34.982
34.946
34.952
34.999
34.999
34.991
34.954
34.994
34.976
34.762
34.997
34.962
34.774
34.911
34.71
34.954
34.597
32.774
34.997
34.806
34.947
34.787
34.929
34.987
34.97
34.999
34.951
34.998
34.816
34.729
34.983
34.937
34.787
34.974
34.997
34.739
34.977
34.994
34.997
34.39
32.898
34.993
34.997
34.997
34.971
34.99
34.977
34.824
34.992
33.565
34.998
34.992
34.694
34.998
34.979
34.445
34.953
34.831
34.989
34.977
34.946
34.997
34.949
34.998
34.997
34.852
34.954
34.772
34.988
34.977
34.949
34.92
34.998
34.998
34.998
34.976
34.992
34.997
34.904
34.996
34.864
34.93
34.997
34.998
34.959
34.992
34.997
34.909
34.997
35
34.952
34.999
34.997
34.999
34.944
34.797
34.825
32.465
34.971
34.967
34.958
34.999
34.692
34.941
34.989
34.99
34.955
34.982
34.701
34.788
34.825
34.998
34.987
34.996
34.987
34.932
34.855
34.996
33.401
34.819
34.997
34.927
34.967
34.995
34.958
34.705
34.998
34.989
34.993
34.983
34.999
34.979
34.964
34.613
34.999
34.619
34.969
34.997
34.949
34.973
34.961
34.922
33.378
34.926
34.996
34.82
34.978
34.99
34.779
34.961
34.997
34.952
34.983
34.999
34.998
34.928
34.76
34.964
34.851
34.999
32.769
34.989
33.725
34.999
34.99
34.974
34.862
34.999
34.999
34.97
34.994
34.998
34.927
34.958
34.973
34.998
34.731
34.989
34.969
34.999
34.998
34.7
33.196
34.79
33.485
34.804
34.996
34.745
34.967
34.997
34.998
34.98
34.64
32.959
34.988
34.99
34.981
34.982
34.985
34.574
34.35
34.999
34.996
34.996
32.886
34.988
34.968
34.577
34.958
34.975
34.948
34.93
34.836
34.998
34.924
34.624
34.999
34.981
34.96
34.937
34.999
34.991
34.966
34.96
34.981
34.998
34.952
34.698
34.997
34.997
34.982
34.966
34.995
34.998
34.842
34.994
34.959
34.999
34.987
34.991
34.852
34.601
34.749
34.998
34.941
34.998
34.967
34.971
34.999
32.582
33.448
34.759
34.998
34.999
34.995
34.955
34.928
34.999
34.999
34.998
34.999
34.966
34.998
34.751
34.991
34.999
34.77
34.837
34.967
34.962
34.997
34.967
34.999
34.746
34.99
34.718
34.986
34.871
34.97
34.999
34.695
34.98
34.999
34.991
34.988
34.997
34.948
34.975
34.999
34.956
34.984
34.989
34.838
34.956
34.988
34.711
34.969
34.993
34.998
34.995
34.767
34.977
34.999
34.998
34.967
34.997
34.863
34.951
34.99
34.994
34.982
34.992
34.93
34.644
34.999
34.976
33.111
34.977
34.965
34.996
34.512
34.996
34.963
34.437
34.95
34.977
34.814
34.992
34.978
34.916
34.954
34.975
34.423
34.753
34.999
34.99
34.997
34.943
34.993
34.979
34.957
34.979
34.999
34.988
34.999
34.99
34.968
34.97
34.995
34.998
34.996
34.979
34.974
34.998
34.997
34.964
34.991
34.999
34.999
34.962
34.998
34.914
34.776
33.119
34.998
34.458
34.993
34.997
34.996
34.995
34.997
34.993
33.041
33.377
34.997
34.991
34.977
34.756
34.995
34.942
34.999
34.801
34.969
34.966
34.998
34.959
34.999
34.973
34.969
34.772
34.999
34.937
34.752
34.963
34.961
34.997
34.963
34.998
34.925
34.924
34.961
34.971
34.999
34.983
34.998
34.956
34.988
32.964
34.721
34.798
34.98
34.999
34.818
34.729
34.784
34.962
33.412
34.834
34.967
34.99
34.975
34.93
34.999
34.96
34.998
34.962
32.625
34.991
34.953
34.972
34.834
34.977
34.591
34.959
34.949
34.988
34.977
34.95
34.965
34.992
34.972
34.98
34.968
34.943
34.813
34.967
34.694
34.988
34.896
34.997
34.998
34.998
34.998
34.972
34.93
34.993
34.973
34.926
34.945
34.968
34.96
34.854
34.998
34.739
34.96
34.968
34.99
34.915
34.95
34.962
34.966
34.956
34.968
34.925
34.999
34.999
34.999
34.999
34.999
34.975
34.998
34.972
34.991
34.999
34.999
34.913
34.934
34.998
34.997
34.773
34.973
34.955
34.921
34.916
34.968
34.931
35
33.316
34.955
34.94
34.997
34.965
34.845
34.994
34.799
34.954
34.386
34.966
34.947
34.998
34.953
34.998
34.958
34.936
34.809
34.997
34.805
34.986
34.954
34.998
34.95
34.94
34.998
34.676
34.678
34.966
34.998
34.999
34.961
34.974
34.794
34.989
34.61
34.992
33.28
34.994
34.991
34.955
34.992
34.993
34.986
34.999
34.962
34.991
34.998
34.998
34.975
34.942
34.971
34.998
34.957
34.999
34.953
34.976
34.965
34.933
34.976
34.999
34.988
34.969
34.871
34.969
34.986
34.966
33.355
34.997
34.96
34.965
34.818
34.959
34.965
34.999
34.999
34.998
34.971
34.739
34.97
34.96
34.759
34.998
34.98
34.953
34.998
34.914
33.099
34.998
34.961
34.853
35
34.996
34.856
33.525
34.939
34.989
34.723
33.427
34.998
34.996
34.987
34.976
34.968
34.985
33.139
34.927
32.174
34.998
34.976
34.72
34.85
34.999
34.997
34.996
34.972
34.951
34.961
34.999
34.871
34.952
34.96
34.928
34.998
33.437
34.991
34.755
34.998
34.956
35
34.999
34.845
34.998
34.689
34.991
34.974
34.999
34.83
33.483
34.99
34.998
34.981
34.998
34.937
34.895
34.836
34.861
34.997
34.827
34.833
34.404
34.929
32.943
34.999
33.436
34.998
34.858
34.994
34.97
34.832
34.962
34.96
33.662
34.924
34.972
34.418
34.999
34.856
34.936
34.999
34.997
34.82
33.4
34.942
34.942
34.959
34.995
34.999
34.993
34.968
34.992
34.957
34.998
34.988
34.999
34.965
34.969
34.998
34.972
34.956
34.947
34.751
34.991
34.999
34.724
34.786
34.999
34.999
34.931
34.971
34.998
34.974
34.978
34.686
34.989
34.998
34.999
34.999
34.993
34.997
34.44
34.951
34.865
34.955
34.999
34.964
34.993
34.95
34.998
34.979
34.989
34.979
34.959
34.969
34.991
34.941
34.97
34.996
34.999
34.966
34.99
34.999
34.996
34.95
34.994
34.95
34.916
34.797
33.372
34.96
34.967
34.954
33.601
34.999
34.977
34.989
34.721
34.929
34.946
34.732
34.327
34.634
34.997
34.97
34.968
34.931
34.611
34.991
34.953
34.998
34.997
34.998
34.998
34.968
34.848
34.949
34.944
34.976
33.213
34.998
34.933
34.973
34.999
34.717
34.992
34.956
34.962
34.83
34.996
34.817
34.925
34.975
34.971
34.999
33.648
34.991
34.973
34.997
34.946
34.972
34.923
34.998
34.998
34.998
34.971
34.804
34.944
34.949
34.998
32.875
34.998
32.547
34.947
34.998
34.952
34.998
34.797
34.998
34.811
34.999
34.789
34.961
34.956
34.999
34.991
34.998
33.293
34.992
34.844
34.987
34.957
34.929
34.939
34.977
34.999
34.905
34.964
34.996
34.991
33.042
34.967
34.858
34.996
34.945
34.988
34.999
34.987
34.965
34.96
34.996
34.84
34.997
34.778
34.777
34.999
34.999
34.958
32.859
34.997
34.949
34.998
34.455
34.93
34.998
33.555
34.96
34.832
34.989
34.975
34.997
34.995
34.965
34.929
34.991
34.942
33.199
34.596
34.965
34.941
34.997
34.998
34.994
34.99
34.997
34.996
34.997
34.941
34.993
34.998
34.789
34.998
34.988
34.952
34.997
34.939
34.974
34.952
34.994
34.966
34.934
34.97
34.998
34.99
34.978
34.957
34.999
34.974
34.97
34.959
34.827
34.992
34.802
34.974
34.928
34.986
34.999
34.908
34.997
34.829
34.978
34.863
34.965
34.946
34.783
34.963
34.998
34.951
34.999
34.99
34.995
34.743
34.991
34.92
34.999
34.999
34.83
34.985
34.958
34.998
34.95
34.957
34.907
32.959
34.998
34.964
34.94
34.999
33.132
34.903
34.991
32.232
34.996
34.928
34.994
34.998
34.376
34.962
34.714
34.967
34.997
34.988
34.998
34.999
34.964
34.939
34.873
34.977
34.999
34.992
34.478
33.595
34.976
32.853
34.798
34.967
34.957
34.999
34.974
34.679
34.979
34.999
32.374
34.945
34.994
34.961
34.91
34.913
34.992
34.997
34.973
34.994
34.719
34.999
34.997
34.98
34.753
34.661
33.32
34.997
34.939
34.94
34.823
34.787
34.984
19.997
19.824
19.951
19.725
19.998
19.958
19.998
19.997
19.992
19.606
19.993
19.743
18.358
19.994
19.997
19.998
19.973
19.999
19.999
19.966
19.988
19.842
19.965
19.999
19.949
19.859
19.979
19.947
19.959
19.769
19.999
17.918
19.941
19.975
19.95
19.952
19.999
19.993
19.776
19.955
19.857
19.998
19.93
19.972
19.957
19.976
19.993
19.997
19.958
19.999
18.586
19.999
19.999
19.958
18.5
19.95
19.987
19.998
19.896
19.978
19.974
19.739
19.982
19.96
19.743
19.609
19.791
19.763
19.968
19.792
18.331
19.943
19.999
19.997
19.961
19.955
19.947
19.948
19.997
19.999
19.57
19.999
19.973
19.738
19.997
19.973
19.931
19.998
19.997
19.997
19.967
19.997
19.732
19.941
19.967
19.961
19.993
19.948
19.998
19.968
19.987
19.999
19.954
19.806
19.946
19.998
19.999
19.971
19.959
19.553
19.998
19.953
19.905
19.997
19.999
19.977
19.824
19.998
19.964
19.828
19.955
19.936
17.867
19.745
19.944
19.961
19.998
19.722
19.961
19.985
19.947
19.96
19.988
19.701
19.991
19.991
19.737
19.976
19.974
19.737
19.999
19.998
19.814
19.737
19.936
19.992
19.995
19.947
19.98
19.975
19.99
19.972
19.993
19.526
19.988
17.891
19.973
19.825
19.975
19.962
19.665
19.948
19.937
19.743
19.8
19.967
19.993
19.791
19.987
19.943
19.99
19.544
19.766
19.937
19.989
17.718
19.998
19.981
18.777
19.998
19.973
19.937
19.965
19.995
19.732
19.992
19.998
19.998
19.736
19.99
19.983
19.785
19.737
19.992
19.992
19.99
17.43
19.999
18.188
19.934
19.931
19.997
18.263
19.97
19.993
19.969
19.93
19.972
19.996
19.848
19.98
19.85
19.967
19.999
19.998
19.999
19.971
19.998
19.964
19.997
19.993
19.999
19.997
19.952
19.975
19.995
19.965
19.987
19.932
19.909
19.931
19.99
19.963
19.943
19.98
18.164
19.927
18.288
19.997
19.999
19.998
19.992
19.854
18.44
19.861
19.996
19.989
19.979
19.944
19.998
19.801
19.997
19.999
19.99
19.998
19.959
19.933
19.793
19.996
19.995
19.999
19.958
19.993
19.961
19.954
19.992
19.975
19.999
19.964
19.811
19.998
19.999
19.998
19.955
19.737
19.928
19.985
19.983
19.96
19.96
19.998
19.768
19.786
19.958
19.943
19.826
19.996
19.978
19.916
19.95
19.929
19.925
18.1
19.964
19.99
18.472
19.867
19.999
19.998
18.09
19.974
19.959
19.997
19.995
19.968
19.991
19.965
19.984
19.999
19.974
20
19.973
19.99
19.557
19.926
19.885
19.831
19.985
19.982
19.975
19.964
19.576
19.995
19.997
19.997
19.997
19.999
19.987
19.788
19.998
19.846
19.997
19.997
19.728
19.992
19.997
19.999
19.998
19.938
19.97
19.869
19.992
19.999
19.999
19.999
19.997
19.99
19.997
19.814
19.938
19.993
19.997
19.985
19.994
19.946
19.823
19.999
19.985
19.945
19.993
19.999
19.71
19.694
19.998
19.942
19.999
19.831
19.979
19.637
19.865
18.738
19.975
19.984
19.589
19.659
19.966
19.747
19.682
19.857
19.997
19.671
19.991
19.997
19.794
19.952
19.991
19.999
19.995
19.96
19.942
19.4
19.998
19.998
19.997
19.967
19.997
17.365
19.998
19.973
19.994
19.757
19.962
19.98
17.984
19.982
19.978
19.998
18.427
19.86
18.385
19.984
19.997
19.82
19.997
19.998
19.937
19.803
19.999
18.238
19.963
19.942
19.998
19.966
19.998
19.989
19.999
19.999
19.967
19.383
19.964
19.997
19.959
19.745
19.745
19.962
19.787
19.999
19.976
19.735
19.79
19.696
19.844
19.993
19.993
19.934
19.698
19.865
19.998
19.999
19.999
19.992
19.986
19.983
17.308
19.958
19.693
19.869
19.972
18.75
19.785
19.819
19.997
19.578
19.997
19.997
19.932
19.937
19.824
19.625
19.987
19.998
19.992
19.837
19.961
19.973
19.996
19.989
19.95
19.998
19.977
19.97
19.999
19.994
19.999
19.996
19.949
19.9
19.95
19.946
19.96
19.99
19.801
19.945
19.952
19.999
19.998
19.959
19.836
19.983
19.752
19.966
19.998
19.362
19.934
19.958
19.928
19.793
19.975
19.941
19.997
19.605
19.966
19.999
19.686
19.999
19.997
19.92
19.963
17.281
19.956
19.99
19.759
19.974
19.97
19.995
19.956
19.933
19.984
17.879
19.996
19.745
19.817
19.998
19.998
19.964
19.991
19.942
19.932
19.991
19.979
19.998
19.996
19.992
19.941
18.346
19.998
19.497
19.957
19.794
19.989
19.993
19.998
19.994
19.95
19.982
19.615
19.997
19.911
19.99
19.965
19.991
19.99
19.999
19.997
19.993
19.998
19.999
19.995
19.993
19.757
19.974
19.997
17.856
19.999
19.979
19.838
19.989
19.999
19.99
19.995
19.798
19.998
19.593
19.966
19.999
19.804
19.998
19.97
18.43
19.956
19.965
19.999
19.978
19.99
19.862
18.394
19.961
19.999
19.999
19.997
19.999
19.624
19.75
19.751
19.999
19.968
19.957
19.923
19.956
19.966
19.997
19.998
19.973
19.72
19.975
19.909
19.999
19.741
18.457
19.952
19.999
19.983
19.992
19.992
19.758
19.998
19.956
19.954
19.94
19.97
19.75
19.758
19.975
19.986
19.953
19.958
19.93
19.967
19.95
19.953
19.999
19.693
19.96
19.978
19.972
19.954
19.963
19.935
19.996
19.721
19.901
19.741
19.988
19.945
19.985
19.998
19.999
19.993
19.972
19.993
19.832
19.996
19.998
19.743
19.973
19.974
19.947
19.999
19.993
19.992
17.959
19.962
19.967
19.788
19.981
19.999
19.976
19.992
19.968
19.996
19.96
19.599
19.991
19.916
19.992
19.992
19.986
19.998
19.997
19.999
19.997
19.975
19.971
19.992
19.759
19.443
19.961
19.852
19.967
19.97
19.993
19.761
19.949
19.999
19.988
19.847
19.957
19.719
19.999
19.971
19.973
19.972
19.979
19.947
19.996
19.992
19.993
19.993
19.804
19.996
19.999
19.999
19.95
18.054
19.991
19.994
19.999
19.951
19.993
19.711
19.999
19.947
19.583
19.999
19.975
19.643
18.2
19.987
19.999
19.608
19.945
19.992
19.998
19.98
19.836
19.931
19.999
19.723
19.99
19.991
19.897
19.586
19.723
19.989
19.81
19.982
19.961
19.99
19.749
19.999
19.934
19.982
18.419
19.856
19.999
19.927
18.754
19.998
19.999
19.946
19.983
19.909
19.953
19.976
19.998
19.794
19.99
19.999
19.863
19.99
18.307
19.934
19.97
19.943
19.997
19.954
19.999
20
19.996
19.877
19.43
19.949
19.755
19.962
19.97
19.929
19.927
19.988
19.999
19.947
19.991
19.98
19.863
19.99
19.953
19.934
19.997
19.665
19.992
19.961
19.934
19.722
19.983
19.982
19.779
19.968
19.952
19.978
19.79
19.945
19.974
19.948
18.449
19.962
19.987
19.943
19.849
19.573
19.998
19.954
19.989
19.636
19.993
19.999
19.999
19.993
19.997
19.988
19.998
19.997
19.957
19.773
19.987
19.738
19.992
19.751
19.999
19.99
19.963
17.322
19.739
19.811
19.973
19.935
19.963
18.336
19.716
19.998
19.97
19.952
19.987
19.988
17.304
19.743
19.717
19.997
19.967
19.993
19.841
20
19.915
19.991
19.999
19.997
19.999
19.978
19.725
19.992
19.834
19.936
19.986
19.748
19.855
19.999
19.999
19.858
19.999
19.82
19.999
19.994
19.822
19.999
19.93
19.828
19.92
19.997
19.963
19.996
19.971
19.904
19.928
19.803
19.357
19.821
19.944
19.991
19.957
19.973
19.979
19.987
19.968
19.999
19.999
19.998
19.992
19.997
19.624
19.992
18.179
19.769
19.945
19.75
19.948
19.948
19.971
18.373
19.556
19.996
19.595
19.96
19.96
19.998
19.948
19.999
19.997
19.99
19.743
19.974
19.975
19.999
19.96
19.999
19.764
19.617
19.998
19.941
19.725
19.809
19.998
19.95
19.999
19.971
19.944
19.969
19.992
19.997
19.987
19.844
19.938
19.943
19.942
19.972
19.996
18.02
19.997
19.952
19.972
19.94
19.935
19.972
19.952
19.967
18.392
19.997
19.957
19.997
19.846
19.96
19.996
19.962
19.99
19.999
20
19.999
19.955
19.997
19.721
19.694
19.943
19.992
19.963
19.78
19.603
19.957
19.998
19.845
19.996
19.797
19.98
19.852
5.972
5.997
5.552
5.996
5.997
5.999
5.989
5.956
5.573
5.85
5.998
5.951
5.998
5.979
5.997
5.974
5.998
5.849
5.949
4.418
5.989
5.96
5.798
6
5.993
5.99
5.998
5.734
5.971
5.972
5.847
5.929
5.948
5.992
4.086
5.414
5.992
5.991
3.987
5.999
5.825
5.994
5.972
5.963
5.998
4.394
5.987
5.991
5.963
5.999
4.185
5.99
5.992
5.991
5.974
5.978
5.998
5.936
5.962
5.832
5.97
5.996
5.635
5.999
5.722
5.957
5.996
5.874
5.997
5.997
5.998
5.978
5.959
5.998
5.551
5.957
5.996
5.999
5.999
5.998
5.95
5.962
5.981
5.94
5.618
5.978
4.331
3.974
5.997
4.143
5.71
5.986
5.992
5.998
5.928
5.828
5.997
5.999
5.998
5.952
5.997
5.946
5.983
4.265
5.941
5.936
5.997
5.832
5.961
5.807
5.998
5.923
5.797
5.853
5.911
5.96
5.963
5.745
5.998
5.944
5.912
5.958
5.962
5.99
5.998
5.97
3.441
5.827
5.762
5.962
5.999
5.911
5.981
5.927
5.931
5.957
5.929
5.965
5.957
5.797
5.952
5.732
5.958
5.971
5.996
5.672
5.992
5.972
5.994
5.996
5.925
5.967
5.97
5.825
5.999
5.997
5.999
5.84
5.999
5.953
5.987
5.998
5.83
5.967
5.976
5.846
5.999
5.993
5.919
5.991
5.996
5.964
5.936
5.959
5.981
5.998
5.998
5.696
5.989
5.986
5.781
5.985
5.492
5.816
5.951
3.281
5.926
5.936
5.942
5.984
5.989
5.996
5.928
5.85
5.967
5.992
5.999
5.952
5.978
5.974
5.96
5.998
5.996
5.945
5.97
5.816
5.961
5.825
5.996
5.823
4.425
5.949
5.825
5.958
5.734
5.998
5.955
5.957
5.969
5.994
5.995
5.976
4.545
5.997
5.94
5.955
4.439
5.975
4.553
5.984
5.767
5.982
5.997
5.834
5.943
5.998
5.995
5.97
5.999
5.97
5.995
5.975
5.999
5.755
5.99
5.972
4.458
5.81
5.999
5.982
5.985
5.992
5.959
5.974
5.992
5.866
5.975
5.951
5.571
5.992
5.98
5.61
5.999
5.993
5.941
5.974
5.601
5.993
5.404
5.828
5.961
5.838
5.948
5.997
5.962
5.955
5.893
5.999
5.95
5.998
5.95
5.959
5.999
5.986
5.997
5.998
5.93
5.741
5.959
3.259
5.862
5.99
5.998
5.783
5.572
5.719
5.998
5.994
5.965
5.988
5.8
5.667
5.774
5.999
5.909
5.808
5.999
5.792
5.991
5.954
5.971
5.917
5.918
5.996
5.998
5.962
5.98
5.998
5.988
5.939
5.999
5.996
5.969
5.915
5.999
5.971
5.99
5.807
5.998
5.998
5.949
5.992
5.697
5.983
5.999
5.96
5.648
5.763
5.961
5.962
5.987
5.999
5.946
5.52
5.644
5.912
5.931
5.996
5.998
5.996
5.616
5.99
5.803
5.998
5.997
5.775
5.439
5.924
5.938
5.517
5.998
5.999
5.959
5.998
5.909
5.806
5.993
5.997
5.997
5.992
5.977
5.976
5.982
5.999
5.952
5.924
5.986
5.998
5.997
3.495
5.997
5.83
5.998
5.993
5.992
5.919
4.248
5.999
5.997
5.573
3.183
5.997
5.943
5.936
5.718
5.999
5.999
5.977
5.961
5.932
5.973
5.999
5.837
5.996
5.965
5.964
5.998
5.999
5.949
5.961
4.526
5.999
5.999
5.998
3.72
3.588
5.999
5.973
5.948
5.988
5.999
3.675
3.379
5.984
5.999
5.976
5.998
5.837
5.824
5.999
5.689
5.975
5.969
5.96
5.992
5.942
5.949
5.999
5.971
5.967
5.999
5.779
5.704
5.932
5.999
5.998
5.934
5.963
5.926
5.99
5.998
5.998
5.999
5.739
5.989
5.945
5.984
5.761
5.998
5.997
5.99
5.998
5.984
3.511
5.97
5.962
5.992
5.717
5.913
5.833
5.999
3.968
5.991
5.998
5.999
5.949
5.984
5.96
5.986
5.96
5.822
5.628
5.927
5.376
5.992
5.998
5.991
5.998
5.998
5.998
5.956
5.997
5.997
5.998
5.998
5.968
5.99
5.955
5.999
5.939
5.743
5.989
5.933
5.956
5.948
5.922
5.997
5.992
5.945
5.997
5.996
5.935
5.992
5.997
5.987
5.991
5.999
5.794
5.756
5.999
5.992
5.996
5.999
5.952
5.976
5.886
5.964
5.965
5.942
5.868
5.973
5.979
5.988
5.957
5.814
5.997
5.952
5.999
5.842
5.963
5.386
5.981
5.756
4.287
5.706
5.821
5.992
5.996
5.999
5.988
5.992
5.998
6
5.999
5.94
5.851
5.929
5.692
4.678
5.776
5.827
5.999
5.993
5.997
5.857
5.859
5.999
5.999
5.998
5.924
5.96
5.998
5.86
5.996
5.857
5.673
5.991
5.958
5.933
5.936
5.998
5.987
5.794
5.975
5.999
5.99
5.7
5.975
5.976
5.974
5.984
5.999
5.953
5.987
5.95
5.998
5.997
5.988
5.953
5.999
5.991
5.999
5.982
5.998
5.715
5.991
5.996
5.999
5.999
5.961
5.996
3.941
5.993
5.99
5.991
5.755
5.564
5.742
5.997
5.969
5.565
5.965
5.856
5.941
5.773
5.997
5.993
5.989
5.999
5.985
5.961
5.727
5.73
5.995
5.991
5.998
5.998
5.975
5.927
5.997
4.019
5.772
5.939
5.999
5.719
5.967
5.909
5.741
5.981
5.986
5.998
5.999
5.938
5.997
5.739
5.96
5.848
5.956
5.999
5.964
5.999
5.991
5.996
5.676
5.978
5.948
5.999
5.974
5.934
5.978
5.997
5.785
2.891
5.926
5.556
5.985
5.958
5.968
5.999
4.003
5.991
5.663
5.983
3.765
5.96
5.762
5.629
5.739
5.738
5.993
5.831
5.964
5.997
5.948
5.919
5.996
5.998
5.806
5.763
5.988
5.977
5.994
5.834
5.868
5.941
5.92
5.755
5.904
5.976
5.997
5.697
5.98
5.99
5.963
5.941
5.966
5.992
5.946
5.924
5.999
5.947
5.998
5.91
5.982
5.967
5.786
5.772
4.582
5.972
5.977
5.968
5.989
5.843
5.961
5.677
5.979
5.616
5.969
3.354
5.999
5.999
5.973
5.998
5.999
5.963
5.973
5.749
5.955
5.96
5.94
5.957
5.997
5.997
5.99
5.968
5.975
5.999
4.322
5.629
5.978
5.921
5.962
5.96
4.375
5.812
5.331
5.862
5.917
4.59
5.926
4.453
5.991
5.959
5.766
5.936
5.953
5.981
5.984
5.988
5.968
5.962
4.58
5.941
5.714
5.941
5.686
5.989
5.677
5.997
5.999
5.992
5.947
5.987
5.997
5.72
5.978
5.966
5.993
5.724
5.999
5.999
5.999
5.996
5.998
5.991
5.966
5.978
5.953
5.988
5.719
5.992
5.994
5.999
5.595
5.983
5.486
6
5.999
5.796
5.999
5.958
5.956
5.998
5.991
5.953
5.997
5.998
5.994
5.993
4.505
5.994
5.916
5.997
5.958
5.945
5.765
5.998
5.819
5.969
5.973
5.998
5.937
5.999
5.992
5.945
5.986
5.975
5.99
5.983
5.955
5.999
5.951
5.975
5.414
5.938
5.998
5.978
5.978
5.979
5.938
5.968
5.998
5.999
5.959
5.999
5.984
5.904
5.749
5.974
5.999
5.92
5.931
5.999
5.997
5.998
5.999
5.999
5.937
5.963
5.999
5.924
5.741
5.941
5.999
5.999
5.971
5.999
5.96
5.488
5.997
5.715
5.961
5.958
5.726
5.945
5.955
5.999
5.969
5.956
5.969
5.999
5.781
5.997
5.999
5.968
4.008
2.984
6
5.716
5.984
5.487
5.699
5.969
5.77
5.979
5.974
5.999
6
5.981
5.993
5.916
5.978
5.991
5.994
5.97
5.971
5.973
5.999
5.934
5.999
5.999
2.959
5.759
5.554
3.058
5.999
5.797
5.977
5.958
5.992
5.715
5.996
5.387
5.762
5.964
5.972
5.982
5.999
5.968
5.998
5.937
5.983
5.953
5.753
3.428
5.993
5.957
5.976
5.302
5.999
5.747
5.849
4.417
5.957
5.963
5.944
5.996
4.346
5.955
5.991
4.018
5.836
5.821
5.798
5.965
5.991
5.993
5.994
5.999
5.953
5.711
5.991
5.749
5.802
5.683
5.997
5.683
5.97
5.943
5.969
5.969
5.957
5.998
5.977
5.984
5.946
5.998
5.766
5.999
5.992
