44.996
44.958
44.944
44.996
44.955
44.999
44.828
44.921
44.846
44.964
44.943
44.998
44.999
44.975
44.981
44.935
44.96
44.976
44.962
44.991
44.957
44.999
44.991
44.978
44.742
44.982
44.93
44.997
44.999
44.918
44.284
44.997
44.954
44.804
44.976
44.765
44.977
44.989
44.977
43.725
44.997
44.998
44.998
44.947
44.934
44.991
44.868
44.999
44.828
44.998
44.949
44.976
44.987
43.385
44.966
44.854
44.999
44.974
44.967
44.982
44.381
44.999
43.469
44.944
44.95
44.952
44.997
44.997
44.997
44.999
44.984
44.933
43.37
44.802
44.961
44.999
44.975
43.783
44.927
44.849
44.955
44.999
44.968
43.437
44.975
44.999
44.997
44.993
44.966
44.95
44.856
44.959
44.997
44.597
44.98
44.92
44.999
44.72
44.997
44.826
44.951
44.723
44.359
44.733
44.964
44.986
44.944
43.524
44.607
44.958
44.991
44.993
44.967
44.958
44.997
44.949
44.997
44.592
44.96
44.842
44.956
44.999
44.497
43.47
44.512
44.966
44.992
44.947
44.391
44.946
44.997
44.997
44.64
44.997
44.999
44.998
44.982
42.789
44.993
44.962
44.975
44.965
44.999
44.931
44.966
44.594
44.972
44.78
44.96
44.347
44.998
44.949
44.998
44.997
44.998
44.856
44.992
44.861
44.998
44.972
44.978
44.967
44.999
44.976
44.998
44.93
44.963
44.994
44.996
44.924
44.998
44.999
44.998
44.991
44.998
44.996
44.949
44.919
44.998
44.956
44.998
44.963
44.738
44.936
44.993
44.964
44.843
44.997
44.965
44.97
44.987
44.997
44.979
44.486
44.637
44.986
44.959
44.997
44.783
44.999
44.934
44.972
44.996
44.523
44.951
44.973
43.147
44.971
44.988
44.725
44.955
45
44.522
44.969
44.831
44.966
43.385
44.999
44.986
44.942
44.954
44.966
44.971
44.969
44.958
44.955
43.233
44.998
44.928
44.968
44.935
44.967
44.96
42.976
44.964
44.516
44.614
44.966
44.996
44.993
44.722
42.435
44.967
44.996
44.924
44.974
44.993
44.679
44.997
44.974
44.978
44.975
44.988
44.96
44.998
44.895
44.997
44.994
44.998
44.992
44.99
44.962
44.976
44.986
44.945
44.998
44.361
44.993
44.94
44.999
44.958
44.962
44.941
44.956
44.998
44.946
44.996
44.989
44.999
44.998
44.792
44.901
44.978
44.974
44.573
44.997
44.752
44.946
44.489
44.97
44.76
44.999
44.953
44.984
44.988
44.789
44.949
44.997
44.906
44.997
44.983
44.988
44.999
42.268
44.962
44.939
44.978
44.992
44.998
44.954
44.939
44.781
44.999
44.998
44.929
44.909
44.942
44.998
44.998
44.954
44.734
44.998
44.997
44.978
44.999
44.97
44.919
44.998
44.919
44.962
44.999
44.978
44.993
44.961
44.957
44.989
44.946
44.969
44.955
44.706
44.959
44.998
44.715
44.731
44.963
44.961
44.936
44.979
44.918
44.999
44.772
44.845
44.857
44.983
44.956
44.996
44.997
44.676
44.998
44.999
44.999
44.955
44.944
44.993
44.998
44.493
44.998
44.957
44.961
44.999
42.66
45
44.999
44.974
44.968
44.962
44.999
44.938
44.998
44.734
44.999
44.962
44.992
44.696
44.999
44.997
44.997
44.779
44.732
44.991
44.977
44.999
44.947
44.942
44.952
44.999
44.997
44.997
44.978
44.619
44.755
44.948
44.983
44.989
44.591
44.732
44.794
44.999
44.987
44.96
44.961
44.743
44.791
44.994
44.725
44.999
44.997
44.998
44.782
44.972
44.919
44.996
44.959
44.982
44.836
44.914
43.374
44.988
44.954
44.6
44.992
44.825
44.99
44.824
44.965
44.999
44.994
44.994
44.999
44.998
44.958
44.999
44.986
43.523
44.955
44.998
44.761
44.995
44.997
44.998
44.798
42.938
44.948
44.717
44.996
44.974
44.999
44.958
44.997
44.998
44.971
44.996
44.966
44.958
44.976
42.497
44.998
44.999
44.941
44.998
44.998
44.974
44.763
44.965
44.999
44.998
44.997
44.961
44.941
44.931
44.761
44.837
44.967
44.804
44.999
44.997
44.949
44.836
44.999
44.964
44.998
44.992
44.994
44.938
44.986
44.996
44.942
44.995
44.94
44.948
44.971
44.659
43.22
44.978
43.138
44.97
44.708
44.997
44.929
44.999
44.948
44.998
44.991
44.962
44.999
44.996
44.977
44.923
44.999
44.851
44.999
44.998
44.986
44.996
44.571
44.522
44.448
44.976
44.995
44.392
44.975
44.998
44.991
44.999
44.922
44.805
44.988
44.941
44.998
44.985
44.99
44.501
44.959
44.937
44.941
44.997
44.968
44.745
44.999
44.912
44.955
44.999
44.993
44.723
44.968
44.969
44.991
44.993
44.795
44.998
44.976
44.998
44.972
44.746
44.842
44.964
44.93
44.703
44.997
44.999
44.999
44.996
44.997
44.866
44.96
44.999
44.958
44.808
44.584
44.974
44.948
44.752
44.979
44.767
44.967
44.919
44.999
44.956
44.997
44.954
44.999
44.992
44.969
44.804
44.995
44.822
44.999
44.859
44.992
44.998
44.963
44.71
44.757
44.997
44.983
44.998
44.999
44.991
44.996
44.995
44.995
44.996
44.721
44.998
44.999
44.942
44.933
44.997
44.744
44.987
43.418
44.998
44.868
44.992
44.924
44.985
44.726
44.765
44.951
44.998
44.802
44.994
44.835
44.999
44.779
43.339
44.999
44.985
44.953
44.991
44.999
44.999
44.744
44.939
44.947
44.998
44.988
44.797
44.999
44.991
44.947
44.998
44.761
44.975
44.838
44.988
44.996
44.96
44.928
44.999
44.978
44.914
44.997
44.997
44.724
44.717
43.102
44.999
44.997
44.957
44.997
44.419
44.582
44.989
44.935
44.977
44.959
44.947
44.765
44.908
44.997
44.957
44.987
44.976
43.529
44.991
44.961
44.994
44.974
44.95
44.999
44.989
44.998
44.764
44.998
44.997
44.599
44.995
44.769
44.998
44.956
44.987
44.976
44.995
44.991
44.95
44.959
44.958
44.999
44.998
44.941
44.993
44.954
44.992
44.97
44.99
44.999
44.97
44.988
44.987
44.84
44.994
44.99
44.566
44.982
44.598
44.993
44.808
44.994
44.975
44.999
44.998
44.991
44.907
44.962
44.604
44.999
44.997
44.924
44.846
44.826
44.977
44.999
44.997
44.998
44.732
44.999
44.593
44.735
44.998
44.973
44.975
44.998
44.99
44.975
44.997
44.975
44.998
44.983
44.971
44.987
44.981
44.998
44.916
44.796
44.96
44.992
44.731
44.999
44.999
44.979
44.999
44.997
43.424
44.996
44.967
44.962
44.755
44.989
44.998
44.997
44.997
44.972
44.526
44.367
44.589
44.991
44.999
44.808
44.716
44.977
44.877
44.961
44.948
44.977
44.999
44.973
44.998
44.986
44.941
44.465
44.994
44.961
44.981
44.701
43.158
44.78
44.972
44.99
44.969
44.958
44.997
44.986
44.998
44.984
44.976
44.996
44.527
44.96
44.976
44.999
44.996
44.796
44.975
44.956
44.736
44.627
44.698
44.967
44.998
44.967
44.999
44.999
44.552
44.994
44.993
44.854
43.052
44.956
44.606
44.986
44.994
44.722
44.827
44.999
44.984
44.579
44.985
44.997
45
44.789
44.831
44.924
44.838
44.997
43.617
43.198
44.945
44.536
44.979
44.747
44.997
44.947
44.952
44.998
44.457
44.963
44.999
44.98
44.942
44.906
44.976
44.998
44.998
44.999
44.784
43.229
44.952
44.856
44.999
43.656
44.967
44.795
44.992
44.974
44.997
44.934
45
44.993
44.962
44.967
44.999
44.999
44.975
43.226
44.91
44.825
44.993
44.969
44.981
44.94
44.997
44.99
44.998
44.998
44.992
44.957
44.749
44.978
44.989
44.98
44.993
44.999
44.961
44.952
44.997
44.999
44.963
44.997
44.972
44.856
44.952
44.732
44.99
44.791
44.987
44.973
44.998
44.959
44.999
44.952
44.956
43.378
44.985
44.822
44.961
44.992
44.959
44.96
44.975
44.992
44.996
44.973
44.996
44.967
44.951
44.982
44.999
44.97
44.993
44.976
44.959
44.997
44.977
44.988
44.769
44.953
44.998
44.976
44.978
44.96
44.988
44.999
44.992
44.99
44.991
44.974
44.999
44.82
44.723
44.984
44.988
43.38
44.994
44.999
44.973
44.99
44.97
44.999
44.934
44.956
44.987
44.999
44.582
44.962
44.938
44.999
44.999
44.943
44.984
44.994
44.999
44.999
44.975
44.749
44.84
44.997
44.957
44.994
44.994
