34.948
34.972
34.813
34.94
34.999
34.993
34.963
34.791
34.748
34.982
34.946
34.952
34.999
34.999
34.991
34.954
34.994
34.976
34.762
34.997
34.962
34.774
34.911
34.71
34.954
34.597
32.774
34.997
34.806
34.947
34.787
34.929
34.987
34.97
34.999
34.951
34.998
34.816
34.729
34.983
34.937
34.787
34.974
34.997
34.739
34.977
34.994
34.997
34.39
32.898
34.993
34.997
34.997
34.971
34.99
34.977
34.824
34.992
33.565
34.998
34.992
34.694
34.998
34.979
34.445
34.953
34.831
34.989
34.977
34.946
34.997
34.949
34.998
34.997
34.852
34.954
34.772
34.988
34.977
34.949
34.92
34.998
34.998
34.998
34.976
34.992
34.997
34.904
34.996
34.864
34.93
34.997
34.998
34.959
34.992
34.997
34.909
34.997
35
34.952
34.999
34.997
34.999
34.944
34.797
34.825
32.465
34.971
34.967
34.958
34.999
34.692
34.941
34.989
34.99
34.955
34.982
34.701
34.788
34.825
34.998
34.987
34.996
34.987
34.932
34.855
34.996
33.401
34.819
34.997
34.927
34.967
34.995
34.958
34.705
34.998
34.989
34.993
34.983
34.999
34.979
34.964
34.613
34.999
34.619
34.969
34.997
34.949
34.973
34.961
34.922
33.378
34.926
34.996
34.82
34.978
34.99
34.779
34.961
34.997
34.952
34.983
34.999
34.998
34.928
34.76
34.964
34.851
34.999
32.769
34.989
33.725
34.999
34.99
34.974
34.862
34.999
34.999
34.97
34.994
34.998
34.927
34.958
34.973
34.998
34.731
34.989
34.969
34.999
34.998
34.7
33.196
34.79
33.485
34.804
34.996
34.745
34.967
34.997
34.998
34.98
34.64
32.959
34.988
34.99
34.981
34.982
34.985
34.574
34.35
34.999
34.996
34.996
32.886
34.988
34.968
34.577
34.958
34.975
34.948
34.93
34.836
34.998
34.924
34.624
34.999
34.981
34.96
34.937
34.999
34.991
34.966
34.96
34.981
34.998
34.952
34.698
34.997
34.997
34.982
34.966
34.995
34.998
34.842
34.994
34.959
34.999
34.987
34.991
34.852
34.601
34.749
34.998
34.941
34.998
34.967
34.971
34.999
32.582
33.448
34.759
34.998
34.999
34.995
34.955
34.928
34.999
34.999
34.998
34.999
34.966
34.998
34.751
34.991
34.999
34.77
34.837
34.967
34.962
34.997
34.967
34.999
34.746
34.99
34.718
34.986
34.871
34.97
34.999
34.695
34.98
34.999
34.991
34.988
34.997
34.948
34.975
34.999
34.956
34.984
34.989
34.838
34.956
34.988
34.711
34.969
34.993
34.998
34.995
34.767
34.977
34.999
34.998
34.967
34.997
34.863
34.951
34.99
34.994
34.982
34.992
34.93
34.644
34.999
34.976
33.111
34.977
34.965
34.996
34.512
34.996
34.963
34.437
34.95
34.977
34.814
34.992
34.978
34.916
34.954
34.975
34.423
34.753
34.999
34.99
34.997
34.943
34.993
34.979
34.957
34.979
34.999
34.988
34.999
34.99
34.968
34.97
34.995
34.998
34.996
34.979
34.974
34.998
34.997
34.964
34.991
34.999
34.999
34.962
34.998
34.914
34.776
33.119
34.998
34.458
34.993
34.997
34.996
34.995
34.997
34.993
33.041
33.377
34.997
34.991
34.977
34.756
34.995
34.942
34.999
34.801
34.969
34.966
34.998
34.959
34.999
34.973
34.969
34.772
34.999
34.937
34.752
34.963
34.961
34.997
34.963
34.998
34.925
34.924
34.961
34.971
34.999
34.983
34.998
34.956
34.988
32.964
34.721
34.798
34.98
34.999
34.818
34.729
34.784
34.962
33.412
34.834
34.967
34.99
34.975
34.93
34.999
34.96
34.998
34.962
32.625
34.991
34.953
34.972
34.834
34.977
34.591
34.959
34.949
34.988
34.977
34.95
34.965
34.992
34.972
34.98
34.968
34.943
34.813
34.967
34.694
34.988
34.896
34.997
34.998
34.998
34.998
34.972
34.93
34.993
34.973
34.926
34.945
34.968
34.96
34.854
34.998
34.739
34.96
34.968
34.99
34.915
34.95
34.962
34.966
34.956
34.968
34.925
34.999
34.999
34.999
34.999
34.999
34.975
34.998
34.972
34.991
34.999
34.999
34.913
34.934
34.998
34.997
34.773
34.973
34.955
34.921
34.916
34.968
34.931
35
33.316
34.955
34.94
34.997
34.965
34.845
34.994
34.799
34.954
34.386
34.966
34.947
34.998
34.953
34.998
34.958
34.936
34.809
34.997
34.805
34.986
34.954
34.998
34.95
34.94
34.998
34.676
34.678
34.966
34.998
34.999
34.961
34.974
34.794
34.989
34.61
34.992
33.28
34.994
34.991
34.955
34.992
34.993
34.986
34.999
34.962
34.991
34.998
34.998
34.975
34.942
34.971
34.998
34.957
34.999
34.953
34.976
34.965
34.933
34.976
34.999
34.988
34.969
34.871
34.969
34.986
34.966
33.355
34.997
34.96
34.965
34.818
34.959
34.965
34.999
34.999
34.998
34.971
34.739
34.97
34.96
34.759
34.998
34.98
34.953
34.998
34.914
33.099
34.998
34.961
34.853
35
34.996
34.856
33.525
34.939
34.989
34.723
33.427
34.998
34.996
34.987
34.976
34.968
34.985
33.139
34.927
32.174
34.998
34.976
34.72
34.85
34.999
34.997
34.996
34.972
34.951
34.961
34.999
34.871
34.952
34.96
34.928
34.998
33.437
34.991
34.755
34.998
34.956
35
34.999
34.845
34.998
34.689
34.991
34.974
34.999
34.83
33.483
34.99
34.998
34.981
34.998
34.937
34.895
34.836
34.861
34.997
34.827
34.833
34.404
34.929
32.943
34.999
33.436
34.998
34.858
34.994
34.97
34.832
34.962
34.96
33.662
34.924
34.972
34.418
34.999
34.856
34.936
34.999
34.997
34.82
33.4
34.942
34.942
34.959
34.995
34.999
34.993
34.968
34.992
34.957
34.998
34.988
34.999
34.965
34.969
34.998
34.972
34.956
34.947
34.751
34.991
34.999
34.724
34.786
34.999
34.999
34.931
34.971
34.998
34.974
34.978
34.686
34.989
34.998
34.999
34.999
34.993
34.997
34.44
34.951
34.865
34.955
34.999
34.964
34.993
34.95
34.998
34.979
34.989
34.979
34.959
34.969
34.991
34.941
34.97
34.996
34.999
34.966
34.99
34.999
34.996
34.95
34.994
34.95
34.916
34.797
33.372
34.96
34.967
34.954
33.601
34.999
34.977
34.989
34.721
34.929
34.946
34.732
34.327
34.634
34.997
34.97
34.968
34.931
34.611
34.991
34.953
34.998
34.997
34.998
34.998
34.968
34.848
34.949
34.944
34.976
33.213
34.998
34.933
34.973
34.999
34.717
34.992
34.956
34.962
34.83
34.996
34.817
34.925
34.975
34.971
34.999
33.648
34.991
34.973
34.997
34.946
34.972
34.923
34.998
34.998
34.998
34.971
34.804
34.944
34.949
34.998
32.875
34.998
32.547
34.947
34.998
34.952
34.998
34.797
34.998
34.811
34.999
34.789
34.961
34.956
34.999
34.991
34.998
33.293
34.992
34.844
34.987
34.957
34.929
34.939
34.977
34.999
34.905
34.964
34.996
34.991
33.042
34.967
34.858
34.996
34.945
34.988
34.999
34.987
34.965
34.96
34.996
34.84
34.997
34.778
34.777
34.999
34.999
34.958
32.859
34.997
34.949
34.998
34.455
34.93
34.998
33.555
34.96
34.832
34.989
34.975
34.997
34.995
34.965
34.929
34.991
34.942
33.199
34.596
34.965
34.941
34.997
34.998
34.994
34.99
34.997
34.996
34.997
34.941
34.993
34.998
34.789
34.998
34.988
34.952
34.997
34.939
34.974
34.952
34.994
34.966
34.934
34.97
34.998
34.99
34.978
34.957
34.999
34.974
34.97
34.959
34.827
34.992
34.802
34.974
34.928
34.986
34.999
34.908
34.997
34.829
34.978
34.863
34.965
34.946
34.783
34.963
34.998
34.951
34.999
34.99
34.995
34.743
34.991
34.92
34.999
34.999
34.83
34.985
34.958
34.998
34.95
34.957
34.907
32.959
34.998
34.964
34.94
34.999
33.132
34.903
34.991
32.232
34.996
34.928
34.994
34.998
34.376
34.962
34.714
34.967
34.997
34.988
34.998
34.999
34.964
34.939
34.873
34.977
34.999
34.992
34.478
33.595
34.976
32.853
34.798
34.967
34.957
34.999
34.974
34.679
34.979
34.999
32.374
34.945
34.994
34.961
34.91
34.913
34.992
34.997
34.973
34.994
34.719
34.999
34.997
34.98
34.753
34.661
33.32
34.997
34.939
34.94
34.823
34.787
34.984
