19.997
19.824
19.951
19.725
19.998
19.958
19.998
19.997
19.992
19.606
19.993
19.743
18.358
19.994
19.997
19.998
19.973
19.999
19.999
19.966
19.988
19.842
19.965
19.999
19.949
19.859
19.979
19.947
19.959
19.769
19.999
17.918
19.941
19.975
19.95
19.952
19.999
19.993
19.776
19.955
19.857
19.998
19.93
19.972
19.957
19.976
19.993
19.997
19.958
19.999
18.586
19.999
19.999
19.958
18.5
19.95
19.987
19.998
19.896
19.978
19.974
19.739
19.982
19.96
19.743
19.609
19.791
19.763
19.968
19.792
18.331
19.943
19.999
19.997
19.961
19.955
19.947
19.948
19.997
19.999
19.57
19.999
19.973
19.738
19.997
19.973
19.931
19.998
19.997
19.997
19.967
19.997
19.732
19.941
19.967
19.961
19.993
19.948
19.998
19.968
19.987
19.999
19.954
19.806
19.946
19.998
19.999
19.971
19.959
19.553
19.998
19.953
19.905
19.997
19.999
19.977
19.824
19.998
19.964
19.828
19.955
19.936
17.867
19.745
19.944
19.961
19.998
19.722
19.961
19.985
19.947
19.96
19.988
19.701
19.991
19.991
19.737
19.976
19.974
19.737
19.999
19.998
19.814
19.737
19.936
19.992
19.995
19.947
19.98
19.975
19.99
19.972
19.993
19.526
19.988
17.891
19.973
19.825
19.975
19.962
19.665
19.948
19.937
19.743
19.8
19.967
19.993
19.791
19.987
19.943
19.99
19.544
19.766
19.937
19.989
17.718
19.998
19.981
18.777
19.998
19.973
19.937
19.965
19.995
19.732
19.992
19.998
19.998
19.736
19.99
19.983
19.785
19.737
19.992
19.992
19.99
17.43
19.999
18.188
19.934
19.931
19.997
18.263
19.97
19.993
19.969
19.93
19.972
19.996
19.848
19.98
19.85
19.967
19.999
19.998
19.999
19.971
19.998
19.964
19.997
19.993
19.999
19.997
19.952
19.975
19.995
19.965
19.987
19.932
19.909
19.931
19.99
19.963
19.943
19.98
18.164
19.927
18.288
19.997
19.999
19.998
19.992
19.854
18.44
19.861
19.996
19.989
19.979
19.944
19.998
19.801
19.997
19.999
19.99
19.998
19.959
19.933
19.793
19.996
19.995
19.999
19.958
19.993
19.961
19.954
19.992
19.975
19.999
19.964
19.811
19.998
19.999
19.998
19.955
19.737
19.928
19.985
19.983
19.96
19.96
19.998
19.768
19.786
19.958
19.943
19.826
19.996
19.978
19.916
19.95
19.929
19.925
18.1
19.964
19.99
18.472
19.867
19.999
19.998
18.09
19.974
19.959
19.997
19.995
19.968
19.991
19.965
19.984
19.999
19.974
20
19.973
19.99
19.557
19.926
19.885
19.831
19.985
19.982
19.975
19.964
19.576
19.995
19.997
19.997
19.997
19.999
19.987
19.788
19.998
19.846
19.997
19.997
19.728
19.992
19.997
19.999
19.998
19.938
19.97
19.869
19.992
19.999
19.999
19.999
19.997
19.99
19.997
19.814
19.938
19.993
19.997
19.985
19.994
19.946
19.823
19.999
19.985
19.945
19.993
19.999
19.71
19.694
19.998
19.942
19.999
19.831
19.979
19.637
19.865
18.738
19.975
19.984
19.589
19.659
19.966
19.747
19.682
19.857
19.997
19.671
19.991
19.997
19.794
19.952
19.991
19.999
19.995
19.96
19.942
19.4
19.998
19.998
19.997
19.967
19.997
17.365
19.998
19.973
19.994
19.757
19.962
19.98
17.984
19.982
19.978
19.998
18.427
19.86
18.385
19.984
19.997
19.82
19.997
19.998
19.937
19.803
19.999
18.238
19.963
19.942
19.998
19.966
19.998
19.989
19.999
19.999
19.967
19.383
19.964
19.997
19.959
19.745
19.745
19.962
19.787
19.999
19.976
19.735
19.79
19.696
19.844
19.993
19.993
19.934
19.698
19.865
19.998
19.999
19.999
19.992
19.986
19.983
17.308
19.958
19.693
19.869
19.972
18.75
19.785
19.819
19.997
19.578
19.997
19.997
19.932
19.937
19.824
19.625
19.987
19.998
19.992
19.837
19.961
19.973
19.996
19.989
19.95
19.998
19.977
19.97
19.999
19.994
19.999
19.996
19.949
19.9
19.95
19.946
19.96
19.99
19.801
19.945
19.952
19.999
19.998
19.959
19.836
19.983
19.752
19.966
19.998
19.362
19.934
19.958
19.928
19.793
19.975
19.941
19.997
19.605
19.966
19.999
19.686
19.999
19.997
19.92
19.963
17.281
19.956
19.99
19.759
19.974
19.97
19.995
19.956
19.933
19.984
17.879
19.996
19.745
19.817
19.998
19.998
19.964
19.991
19.942
19.932
19.991
19.979
19.998
19.996
19.992
19.941
18.346
19.998
19.497
19.957
19.794
19.989
19.993
19.998
19.994
19.95
19.982
19.615
19.997
19.911
19.99
19.965
19.991
19.99
19.999
19.997
19.993
19.998
19.999
19.995
19.993
19.757
19.974
19.997
17.856
19.999
19.979
19.838
19.989
19.999
19.99
19.995
19.798
19.998
19.593
19.966
19.999
19.804
19.998
19.97
18.43
19.956
19.965
19.999
19.978
19.99
19.862
18.394
19.961
19.999
19.999
19.997
19.999
19.624
19.75
19.751
19.999
19.968
19.957
19.923
19.956
19.966
19.997
19.998
19.973
19.72
19.975
19.909
19.999
19.741
18.457
19.952
19.999
19.983
19.992
19.992
19.758
19.998
19.956
19.954
19.94
19.97
19.75
19.758
19.975
19.986
19.953
19.958
19.93
19.967
19.95
19.953
19.999
19.693
19.96
19.978
19.972
19.954
19.963
19.935
19.996
19.721
19.901
19.741
19.988
19.945
19.985
19.998
19.999
19.993
19.972
19.993
19.832
19.996
19.998
19.743
19.973
19.974
19.947
19.999
19.993
19.992
17.959
19.962
19.967
19.788
19.981
19.999
19.976
19.992
19.968
19.996
19.96
19.599
19.991
19.916
19.992
19.992
19.986
19.998
19.997
19.999
19.997
19.975
19.971
19.992
19.759
19.443
19.961
19.852
19.967
19.97
19.993
19.761
19.949
19.999
19.988
19.847
19.957
19.719
19.999
19.971
19.973
19.972
19.979
19.947
19.996
19.992
19.993
19.993
19.804
19.996
19.999
19.999
19.95
18.054
19.991
19.994
19.999
19.951
19.993
19.711
19.999
19.947
19.583
19.999
19.975
19.643
18.2
19.987
19.999
19.608
19.945
19.992
19.998
19.98
19.836
19.931
19.999
19.723
19.99
19.991
19.897
19.586
19.723
19.989
19.81
19.982
19.961
19.99
19.749
19.999
19.934
19.982
18.419
19.856
19.999
19.927
18.754
19.998
19.999
19.946
19.983
19.909
19.953
19.976
19.998
19.794
19.99
19.999
19.863
19.99
18.307
19.934
19.97
19.943
19.997
19.954
19.999
20
19.996
19.877
19.43
19.949
19.755
19.962
19.97
19.929
19.927
19.988
19.999
19.947
19.991
19.98
19.863
19.99
19.953
19.934
19.997
19.665
19.992
19.961
19.934
19.722
19.983
19.982
19.779
19.968
19.952
19.978
19.79
19.945
19.974
19.948
18.449
19.962
19.987
19.943
19.849
19.573
19.998
19.954
19.989
19.636
19.993
19.999
19.999
19.993
19.997
19.988
19.998
19.997
19.957
19.773
19.987
19.738
19.992
19.751
19.999
19.99
19.963
17.322
19.739
19.811
19.973
19.935
19.963
18.336
19.716
19.998
19.97
19.952
19.987
19.988
17.304
19.743
19.717
19.997
19.967
19.993
19.841
20
19.915
19.991
19.999
19.997
19.999
19.978
19.725
19.992
19.834
19.936
19.986
19.748
19.855
19.999
19.999
19.858
19.999
19.82
19.999
19.994
19.822
19.999
19.93
19.828
19.92
19.997
19.963
19.996
19.971
19.904
19.928
19.803
19.357
19.821
19.944
19.991
19.957
19.973
19.979
19.987
19.968
19.999
19.999
19.998
19.992
19.997
19.624
19.992
18.179
19.769
19.945
19.75
19.948
19.948
19.971
18.373
19.556
19.996
19.595
19.96
19.96
19.998
19.948
19.999
19.997
19.99
19.743
19.974
19.975
19.999
19.96
19.999
19.764
19.617
19.998
19.941
19.725
19.809
19.998
19.95
19.999
19.971
19.944
19.969
19.992
19.997
19.987
19.844
19.938
19.943
19.942
19.972
19.996
18.02
19.997
19.952
19.972
19.94
19.935
19.972
19.952
19.967
18.392
19.997
19.957
19.997
19.846
19.96
19.996
19.962
19.99
19.999
20
19.999
19.955
19.997
19.721
19.694
19.943
19.992
19.963
19.78
19.603
19.957
19.998
19.845
19.996
19.797
19.98
19.852
