5.972
5.997
5.552
5.996
5.997
5.999
5.989
5.956
5.573
5.85
5.998
5.951
5.998
5.979
5.997
5.974
5.998
5.849
5.949
4.418
5.989
5.96
5.798
6
5.993
5.99
5.998
5.734
5.971
5.972
5.847
5.929
5.948
5.992
4.086
5.414
5.992
5.991
3.987
5.999
5.825
5.994
5.972
5.963
5.998
4.394
5.987
5.991
5.963
5.999
4.185
5.99
5.992
5.991
5.974
5.978
5.998
5.936
5.962
5.832
5.97
5.996
5.635
5.999
5.722
5.957
5.996
5.874
5.997
5.997
5.998
5.978
5.959
5.998
5.551
5.957
5.996
5.999
5.999
5.998
5.95
5.962
5.981
5.94
5.618
5.978
4.331
3.974
5.997
4.143
5.71
5.986
5.992
5.998
5.928
5.828
5.997
5.999
5.998
5.952
5.997
5.946
5.983
4.265
5.941
5.936
5.997
5.832
5.961
5.807
5.998
5.923
5.797
5.853
5.911
5.96
5.963
5.745
5.998
5.944
5.912
5.958
5.962
5.99
5.998
5.97
3.441
5.827
5.762
5.962
5.999
5.911
5.981
5.927
5.931
5.957
5.929
5.965
5.957
5.797
5.952
5.732
5.958
5.971
5.996
5.672
5.992
5.972
5.994
5.996
5.925
5.967
5.97
5.825
5.999
5.997
5.999
5.84
5.999
5.953
5.987
5.998
5.83
5.967
5.976
5.846
5.999
5.993
5.919
5.991
5.996
5.964
5.936
5.959
5.981
5.998
5.998
5.696
5.989
5.986
5.781
5.985
5.492
5.816
5.951
3.281
5.926
5.936
5.942
5.984
5.989
5.996
5.928
5.85
5.967
5.992
5.999
5.952
5.978
5.974
5.96
5.998
5.996
5.945
5.97
5.816
5.961
5.825
5.996
5.823
4.425
5.949
5.825
5.958
5.734
5.998
5.955
5.957
5.969
5.994
5.995
5.976
4.545
5.997
5.94
5.955
4.439
5.975
4.553
5.984
5.767
5.982
5.997
5.834
5.943
5.998
5.995
5.97
5.999
5.97
5.995
5.975
5.999
5.755
5.99
5.972
4.458
5.81
5.999
5.982
5.985
5.992
5.959
5.974
5.992
5.866
5.975
5.951
5.571
5.992
5.98
5.61
5.999
5.993
5.941
5.974
5.601
5.993
5.404
5.828
5.961
5.838
5.948
5.997
5.962
5.955
5.893
5.999
5.95
5.998
5.95
5.959
5.999
5.986
5.997
5.998
5.93
5.741
5.959
3.259
5.862
5.99
5.998
5.783
5.572
5.719
5.998
5.994
5.965
5.988
5.8
5.667
5.774
5.999
5.909
5.808
5.999
5.792
5.991
5.954
5.971
5.917
5.918
5.996
5.998
5.962
5.98
5.998
5.988
5.939
5.999
5.996
5.969
5.915
5.999
5.971
5.99
5.807
5.998
5.998
5.949
5.992
5.697
5.983
5.999
5.96
5.648
5.763
5.961
5.962
5.987
5.999
5.946
5.52
5.644
5.912
5.931
5.996
5.998
5.996
5.616
5.99
5.803
5.998
5.997
5.775
5.439
5.924
5.938
5.517
5.998
5.999
5.959
5.998
5.909
5.806
5.993
5.997
5.997
5.992
5.977
5.976
5.982
5.999
5.952
5.924
5.986
5.998
5.997
3.495
5.997
5.83
5.998
5.993
5.992
5.919
4.248
5.999
5.997
5.573
3.183
5.997
5.943
5.936
5.718
5.999
5.999
5.977
5.961
5.932
5.973
5.999
5.837
5.996
5.965
5.964
5.998
5.999
5.949
5.961
4.526
5.999
5.999
5.998
3.72
3.588
5.999
5.973
5.948
5.988
5.999
3.675
3.379
5.984
5.999
5.976
5.998
5.837
5.824
5.999
5.689
5.975
5.969
5.96
5.992
5.942
5.949
5.999
5.971
5.967
5.999
5.779
5.704
5.932
5.999
5.998
5.934
5.963
5.926
5.99
5.998
5.998
5.999
5.739
5.989
5.945
5.984
5.761
5.998
5.997
5.99
5.998
5.984
3.511
5.97
5.962
5.992
5.717
5.913
5.833
5.999
3.968
5.991
5.998
5.999
5.949
5.984
5.96
5.986
5.96
5.822
5.628
5.927
5.376
5.992
5.998
5.991
5.998
5.998
5.998
5.956
5.997
5.997
5.998
5.998
5.968
5.99
5.955
5.999
5.939
5.743
5.989
5.933
5.956
5.948
5.922
5.997
5.992
5.945
5.997
5.996
5.935
5.992
5.997
5.987
5.991
5.999
5.794
5.756
5.999
5.992
5.996
5.999
5.952
5.976
5.886
5.964
5.965
5.942
5.868
5.973
5.979
5.988
5.957
5.814
5.997
5.952
5.999
5.842
5.963
5.386
5.981
5.756
4.287
5.706
5.821
5.992
5.996
5.999
5.988
5.992
5.998
6
5.999
5.94
5.851
5.929
5.692
4.678
5.776
5.827
5.999
5.993
5.997
5.857
5.859
5.999
5.999
5.998
5.924
5.96
5.998
5.86
5.996
5.857
5.673
5.991
5.958
5.933
5.936
5.998
5.987
5.794
5.975
5.999
5.99
5.7
5.975
5.976
5.974
5.984
5.999
5.953
5.987
5.95
5.998
5.997
5.988
5.953
5.999
5.991
5.999
5.982
5.998
5.715
5.991
5.996
5.999
5.999
5.961
5.996
3.941
5.993
5.99
5.991
5.755
5.564
5.742
5.997
5.969
5.565
5.965
5.856
5.941
5.773
5.997
5.993
5.989
5.999
5.985
5.961
5.727
5.73
5.995
5.991
5.998
5.998
5.975
5.927
5.997
4.019
5.772
5.939
5.999
5.719
5.967
5.909
5.741
5.981
5.986
5.998
5.999
5.938
5.997
5.739
5.96
5.848
5.956
5.999
5.964
5.999
5.991
5.996
5.676
5.978
5.948
5.999
5.974
5.934
5.978
5.997
5.785
2.891
5.926
5.556
5.985
5.958
5.968
5.999
4.003
5.991
5.663
5.983
3.765
5.96
5.762
5.629
5.739
5.738
5.993
5.831
5.964
5.997
5.948
5.919
5.996
5.998
5.806
5.763
5.988
5.977
5.994
5.834
5.868
5.941
5.92
5.755
5.904
5.976
5.997
5.697
5.98
5.99
5.963
5.941
5.966
5.992
5.946
5.924
5.999
5.947
5.998
5.91
5.982
5.967
5.786
5.772
4.582
5.972
5.977
5.968
5.989
5.843
5.961
5.677
5.979
5.616
5.969
3.354
5.999
5.999
5.973
5.998
5.999
5.963
5.973
5.749
5.955
5.96
5.94
5.957
5.997
5.997
5.99
5.968
5.975
5.999
4.322
5.629
5.978
5.921
5.962
5.96
4.375
5.812
5.331
5.862
5.917
4.59
5.926
4.453
5.991
5.959
5.766
5.936
5.953
5.981
5.984
5.988
5.968
5.962
4.58
5.941
5.714
5.941
5.686
5.989
5.677
5.997
5.999
5.992
5.947
5.987
5.997
5.72
5.978
5.966
5.993
5.724
5.999
5.999
5.999
5.996
5.998
5.991
5.966
5.978
5.953
5.988
5.719
5.992
5.994
5.999
5.595
5.983
5.486
6
5.999
5.796
5.999
5.958
5.956
5.998
5.991
5.953
5.997
5.998
5.994
5.993
4.505
5.994
5.916
5.997
5.958
5.945
5.765
5.998
5.819
5.969
5.973
5.998
5.937
5.999
5.992
5.945
5.986
5.975
5.99
5.983
5.955
5.999
5.951
5.975
5.414
5.938
5.998
5.978
5.978
5.979
5.938
5.968
5.998
5.999
5.959
5.999
5.984
5.904
5.749
5.974
5.999
5.92
5.931
5.999
5.997
5.998
5.999
5.999
5.937
5.963
5.999
5.924
5.741
5.941
5.999
5.999
5.971
5.999
5.96
5.488
5.997
5.715
5.961
5.958
5.726
5.945
5.955
5.999
5.969
5.956
5.969
5.999
5.781
5.997
5.999
5.968
4.008
2.984
6
5.716
5.984
5.487
5.699
5.969
5.77
5.979
5.974
5.999
6
5.981
5.993
5.916
5.978
5.991
5.994
5.97
5.971
5.973
5.999
5.934
5.999
5.999
2.959
5.759
5.554
3.058
5.999
5.797
5.977
5.958
5.992
5.715
5.996
5.387
5.762
5.964
5.972
5.982
5.999
5.968
5.998
5.937
5.983
5.953
5.753
3.428
5.993
5.957
5.976
5.302
5.999
5.747
5.849
4.417
5.957
5.963
5.944
5.996
4.346
5.955
5.991
4.018
5.836
5.821
5.798
5.965
5.991
5.993
5.994
5.999
5.953
5.711
5.991
5.749
5.802
5.683
5.997
5.683
5.97
5.943
5.969
5.969
5.957
5.998
5.977
5.984
5.946
5.998
5.766
5.999
5.992
