0
34.526
0.123
0.975
1.718
3.09
0.865
0.284
2.749
12.92
2.75
8.737
10.5
6.543
2.75
2.248
2.923
2.445
0.978
8.178
1.594
2.954
44.706
12.556
44.953
10.5
0.233
0.895
1.748
45
3.475
35
6.729
2.982
0.9
0
8.107
8.247
44.996
10.001
44.876
1.798
0.479
5.503
5.99
0
5.313
2.247
2.25
2.75
44.775
5.928
54.963
4.933
1.626
2.58
45.447
13.453
10.5
5.978
0.9
2.972
16.199
0
5.247
54.974
1.37
8.113
16.5
13.235
0
8.236
0
1.8
0
13.465
13.744
19.991
44.719
2.479
0.985
37.34
5.966
43.712
6.747
54.248
5.998
19.97
0.875
54.944
55
44.495
5.957
10.066
19.734
8.245
0.079
2.747
0
44.211
0.101
34.997
2.212
2.343
0.694
5.966
38.897
39.245
5.999
0.3
1.766
2.209
5.758
1.779
12.59
5.996
2.063
34.995
0
19.774
5.25
0.021
2.249
1.721
45.669
0.454
2.15
8.22
13.144
0.898
5.997
2.538
10.247
5.802
0
1.242
0.951
34.665
0.728
1.735
2.334
5.623
34.383
5.21
5.999
6.747
6.723
0.298
16.252
2.248
19.275
1.798
2.998
44.608
54.996
19.969
10.496
5.998
2.968
2.596
45
49.066
20
0.326
19.428
5.606
44.976
13.473
5.998
1.716
9.315
0
13.483
10.344
5.248
0
0
4.995
0
1.215
5.998
8.25
10.5
1.887
19.974
44.765
2.25
10.459
2.714
2.995
34.747
6
16.496
0
0.006
1.933
3.247
2.25
19.925
1.286
0.988
0.65
1.77
6
19.95
0.184
12.902
2.365
1
1.546
0.979
0
16.329
1.712
6.437
8.25
16.482
16.335
2.299
5.974
2.746
54.996
34.721
2.43
1.455
16.463
2.531
6.748
0
6.748
8.219
0.297
5.25
0
0.9
0.9
0
44.557
2.96
16.497
0.272
2.414
1.759
0.866
1.75
2.819
34.996
5.25
0
2.247
10.452
0
13.498
35
5.761
0.299
34.96
35
8.945
5.964
10.308
1.902
3.934
34.554
0
5.996
54.753
5.93
10.473
19.666
54.997
0
0
45
5.204
6.014
16.262
19.976
0
1.576
0.9
1.691
2.246
13.5
6
13.5
13.456
2.247
14.508
10.193
5.122
6.374
1.118
1.549
34.74
2.996
0
2.95
6.698
1.746
2.749
34.393
10.496
0
6.531
1.256
13.28
0.092
1.738
0
10.5
44.658
13.496
54.873
44.364
34.798
16.497
1.158
6.746
6.305
13.491
1.956
34.955
2.998
2.89
13.5
5.82
34.845
6.73
8.25
13.5
0
2.742
6
10.186
0.854
5.86
5.703
12.111
6.705
0.159
0.331
0.297
6
5.236
1.764
5.949
10.285
4.13
5.997
13.157
19.695
10.216
10.43
19.54
5.708
10.483
0.934
6
54.764
0.968
13.497
0.3
5.25
1.289
0.35
5.922
0.266
20
19.872
6.75
44.794
2.75
0
44.814
10.089
34.999
10.208
54.998
4.356
0.955
2.11
5.997
0
0
54.933
32.424
54.957
55
0.296
20
1.771
1.679
0
5.954
45
0.9
16.498
6
54.302
16.498
44.947
5.823
0.576
19.338
2.248
4.998
5.78
0
1.8
2.687
0
5.791
2.747
1.21
0
13.066
10.092
1.479
16.497
10.5
9.638
54.64
34.706
1.708
5.25
55
54.741
19.997
1.702
2.233
1.72
2.581
6.09
5.947
19.982
2.973
0.062
0.245
1.435
19.655
16.443
48.284
2.817
10.495
9.766
0.399
7.966
13.377
0.9
5.205
10.5
0.698
44.997
5.963
1.576
34.999
0.746
0
0.966
2.975
19.764
34.997
13.249
1
8.225
8.436
35
6
34.446
2.962
1.75
19.852
0.856
6
5.995
5.236
1.945
0.9
54.36
2.247
1
34.682
13.497
10.245
5.247
55
6.44
10.496
2.491
10.485
49.707
10.07
2.747
5.759
1.389
2.725
0
13.475
5.996
2.999
16.823
0.848
5.322
0.829
0.3
5.076
16.227
0.962
5.247
1.733
1.613
19.936
16.463
13.5
10.497
5.225
1.507
2.75
1.75
7.99
5.528
2.25
10.497
0.272
2.748
9.851
34.97
6.313
54.997
34.754
10.274
1.748
15.992
2.009
5.974
10.084
1.729
2.608
2.976
1
2.631
2.983
8.213
8.905
0.953
16.497
1.799
1.797
0.408
5.997
2.917
16.46
0
5.711
5.246
2.047
0
0
19.923
0
6.664
2.246
5.997
0.997
2.709
5.995
5.424
6.485
5.246
44.725
10.468
6.704
0.997
5.956
1.75
6.47
6.434
19.563
2.01
5.996
0
5.999
1.756
54.96
6
0
13.466
5.783
0.902
0.864
2.698
0
5.246
7.919
0
0.947
3
7.748
0.245
19.998
5.25
16.5
19.955
1.724
44.97
5.745
2.971
0.589
2.957
2.837
5.808
0.297
2.25
4.345
0.967
6
10.497
5.223
5.998
34.954
13.472
34.996
5.611
15.845
34.858
44.974
2.25
6.727
4.906
0.994
34.955
5.911
20
0.86
2.747
0
7.779
2.996
19.863
16.496
3.117
8.197
5.973
6.416
6
0.22
8.101
10.272
16.466
2.865
54.68
7.652
2.502
0.586
2.804
0.67
7.693
15.619
13.496
2.75
49.593
8.22
0.944
1.194
10.308
5.356
19.958
10.5
6
0.631
2.553
0.3
54.998
5.25
6.747
54.709
45
16.496
0.822
1.013
2.334
2.191
42.554
4.446
0.897
5.959
16.351
16.25
19.71
0.038
54.097
44.42
1.918
44.998
44.976
44.969
5.25
1.8
0
44.975
16.47
0.976
0.682
5.817
4.723
2.998
34.743
0
2.07
2.22
0.994
19.972
55
5.099
54.388
2.007
5.249
6
0
0.3
6
2.688
6
1
8.213
0.293
10.252
5.246
44.981
0.267
0
1.757
0
12.933
44.999
42.856
0.896
2.733
6.748
0.896
1.462
0.997
16.496
0.9
1.861
26.751
44.824
4.92
8.246
16.471
1.465
2.75
11.35
19.96
44.3
1.71
0.53
45.257
54.948
7.916
19.984
0.973
5.967
16.499
2.991
6
6.747
13.496
12.212
2.363
6.704
10.351
5.975
0.9
10.445
44.968
15.439
5.25
8.776
10.032
1.544
8.298
6.507
5.249
0.816
34.083
1
0.669
35
8.248
37.749
53.085
5.209
7.888
0.9
7.907
10.414
10.497
4.575
34.259
6
5.641
8.235
0.998
0.358
1.377
6.75
8.093
1.746
0.037
1.984
13.467
0
6.352
6.718
8.194
0.724
1.8
54.996
54.627
10.455
5.999
3.849
4.541
8.204
34.978
6
0
1.797
34.732
5.701
2.203
13.292
2.705
0.262
55
6.75
0.864
6.546
6.474
6.75
6
0.825
1.8
0.298
1.8
2.712
2.996
2.944
1.988
13.495
10.177
13.302
19.539
3.4
5.209
12.693
1.797
1.8
10.146
0.9
1.73
0.2
0
5.973
1
5.998
12.516
10.436
5.25
5.73
2.25
34.819
2.168
2.356
13.5
34.999
5.654
0.232
2.28
2.248
19.519
0
13.5
0.983
8.25
8.205
8.223
35
0.3
34.967
16.468
3
19.803
0.833
2.086
0.996
2.965
44.703
16.449
0.758
5.997
1.75
2.748
0.999
5.248
5.717
5.998
0
8.248
34.996
8.23
0.721
9.806
7.767
5.25
0
2.443
5.998
8.187
10.158
16.499
44.954
8.246
1.471
1.842
8.25
0
1.597
16.454
0.552
44.989
0.9
1.732
13.242
5.714
5.655
0.964
0
0.666
0
0
5.227
35
45
0
0.475
2.976
0
2.701
16.039
6.728
2.731
13.5
54.84
2.494
19.98
0.998
19.738
10.483
8.22
44.998
0.939
5.424
6.745
5.972
5.598
0
10.466
44.844
8.197
19.782
5.964
13.5
34.365
2.701
5.25
0
17.953
8.247
0
13.486
19.998
5.777
34.996
0.845
54.994
2.616
10.453
0
18.83
6.501
13.497
0.3
1.495
2.691
34.885
54.946
5.951
0
8.164
0.956
2.748
5.838
0
0.3
0.433
2.218
5.802
0.079
1.719
6.747
5.226
6
2.624
5.995
16.5
1.746
9.05
5.43
34.392
1.799
2.532
10.56
54.935
54.82
16.475
16.5
1.601
0.3
1.709
5.429
11.152
5.715
5.755
0.248
5.973
0
5.836
3
54.746
0
48.136
34.743
0
2.75
2.966
8.25
34.997
2.746
2.903
0.897
54.812
3.39
13.5
10.239
19.786
0
6.438
1.504
0
0
13.496
2.698
5.996
19.945
19.413
1.558
55
54.997
2.738
54.335
10.498
34.996
2.25
44.963
10.49
1.531
0
20
2.546
4.102
2.189
7.986
8.176
0.896
2.473
5.955
7.923
19.955
8.205
19.659
0.997
54.985
2.644
16.447
0.897
13.469
0.798
1.72
8.222
0
0.248
2.675
6
8.246
0.297
34.737
5.999
6.748
2.75
0
13.498
8.095
5.9
19.997
11.031
8.055
0
1.153
10.287
19.941
7.817
11.727
1.796
0.9
5.967
5.875
10.469
0.998
45
10.5
8.664
0
34.962
5.516
7.572
0.997
0
16.444
1.75
2.72
34.997
1.716
13.474
0.933
13.19
0
2.247
4.954
20
2.181
16.445
1.798
19.414
0.974
55
10.497
2.681
1.753
0.625
8.206
8.225
0.259
1
10.5
5.998
2.218
19.981
54.998
0.556
1.585
1.232
10.157
10.497
2.954
16.459
10.175
10.011
0.969
2.981
19.741
2.75
44.979
16.454
0
0
8.246
18.213
2.248
53.851
5.998
0
4.022
13.457
0
2.718
8.248
5.833
6.312
16.197
13.497
6.472
6.568
54.782
2.566
10.5
12.876
16.443
44.988
0
1
2.25
0.886
0
2.498
0
2.217
0.88
2.117
7.949
5.994
0
5.867
2.248
34.959
2.734
0.05
0.296
16.47
18.634
1
13.499
34.964
6.391
54.961
16.468
6
13.021
34.997
1.75
10.5
44.997
2.733
2.997
6.715
6.215
1
1.746
54.945
6
34.955
5.25
19.996
0.838
54.685
1.75
8.179
5.25
0.947
0.178
12.9
3
16.5
2.709
13.446
2.455
4.965
0.898
35
1.551
2.235
19.933
2.997
10.333
1.904
8.23
5.999
34.945
0.9
5.959
1.722
0.9
44.43
34.938
1.478
54.874
1.748
1.746
19.964
44.431
0.965
5.976
10.45
54.94
5.924
39.32
0.298
0.9
2.199
4.915
19.76
1
2.997
1.771
0
8.247
5.442
2.996
54.856
44.757
0.297
6
10.012
5.938
0.874
5.245
44.998
0.897
5.656
4.332
6.75
6
54.965
5.977
19.795
6.022
10.476
10.496
10.472
0.998
0.218
54.999
13.463
19.369
13.496
1.976
0
2.482
0
54.997
16.484
0
49.549
16.322
0.997
54.847
2.119
0
6.672
5.998
54.961
13.354
1.75
0
5.985
1.696
0.996
44.981
34.998
34.948
19.973
8.216
0.998
1.719
54.964
54.43
5.218
12.693
33.092
10.265
0.867
8.214
8.247
8.011
2.25
8.217
0.866
2.967
5.631
16.411
41.76
8.035
5.207
54.917
5.134
1.4
34.476
16.5
54.499
0.634
0
5.998
2.427
54.93
13.229
1.722
6.748
2.4
2.717
0.272
16.45
5.247
34.823
54.229
1
5.243
2.75
5.739
44.325
0.998
2.097
6.685
1.724
6.75
45
44.008
1.796
44.966
13.255
1.589
16.498
0.974
34.996
2.056
0.864
13.446
44.956
1.749
14.483
1.728
0.259
44.624
1.745
2.998
54.969
1.408
13.499
2.216
13.463
34.953
0.9
6.175
0.265
4.148
44.791
2.231
5.006
1.769
3
17.089
0.39
55
0.996
2.805
29.011
1
5.238
16.5
2.81
0.259
1.796
5.96
1.53
44.999
34.956
7.944
0.934
34.998
8.246
8.206
2.449
55
0.829
5.997
44.581
1.734
1.04
6.589
1.575
0
5.996
2.247
13.149
6
3
6.75
1.151
5.875
2.355
0.226
5.958
0.9
16.448
8.042
1.467
44.994
1.8
0.555
16.497
1.712
1.288
2.486
1.696
1.75
35
16.427
2.747
16.361
44.58
2.998
54.997
0.608
5.997
0.221
1.731
10.496
5.998
31.241
0.274
7.862
2.09
34.997
1.796
1
1.41
17.267
1.747
16.26
0.847
10.5
8.223
8.25
6
0
0.587
0.312
4.638
54.999
16.497
2.828
8.22
11.931
0
35
2.967
8.25
6.408
44.967
2.976
1.726
6.508
8.25
16.496
19.997
0.058
19.384
5.429
1.748
0.702
11.42
19.604
0.268
13.038
0.996
3
1.489
0.48
55
19.882
26.481
6.556
0.258
34.954
5.953
13.362
13.451
3
0.364
13.462
8.215
3
7.888
4.816
2.75
1
6.13
1.785
34.998
2.197
2.726
4.717
5.951
6.75
8.25
54.956
44.778
0.9
1.717
8.25
2.25
1.097
13.495
45
5.956
10.496
19.998
1.561
35
6.714
5.991
10.497
10.5
19.731
5.247
54.838
2.997
8.059
19.762
6.748
44.936
6.75
28.11
13.158
0
13.495
54.806
1.8
13.498
44.95
1.746
0.873
5.809
0.621
1.747
5.972
0
5.987
6.482
44.211
44.815
1.8
0.3
55
43.557
13.477
12.861
44.907
6.749
34.996
34.999
1.954
19.753
0.478
45
2.25
5.999
8.25
50.323
0
0
1.386
0.982
3
2.502
7.651
10.454
0.298
16.407
5.996
44.783
0.643
1.797
27.794
2.997
5.777
5.718
0.7
44.979
3
1.242
0.576
19.204
6.564
1.617
19.533
7.922
13.157
1.8
13.5
0.261
12.883
1.748
2.25
7.931
0.594
5.97
0.3
0
10.224
1.14
0
54.547
1.8
6
6.631
44.488
35
7.767
5.975
44.916
10.497
13.144
6.75
2.451
1.749
1.509
5.996
1.572
5.226
6.726
0.5
44.385
6
54.93
19.936
10.317
2.97
0
34.998
0.298
2.25
14.355
8.196
2.738
6
8.998
16.5
1.8
0.981
1.747
0
1.428
2.214
54.504
6
6.75
14.675
2.747
10.484
6.75
2.964
1.742
0
13.256
5.462
34.997
7.865
0.866
0
1.64
5.023
0.858
1.75
47.237
2.25
1.222
2.466
2.974
19.96
44.79
7.608
42.693
10.43
8.203
6.725
5.011
3
6
0.717
0.868
35
6.747
3
14.946
34.999
0.3
13.015
6.537
10.232
0.296
13.44
44.987
1.866
2.997
10.497
9.522
0
2.996
44.752
34.521
34.998
13.297
2.248
8.168
16.483
3
34.996
0.686
4.831
55
34.713
19.817
5.066
1.75
54.97
1.8
1.8
5.697
10.498
2.213
5.131
0
6.077
4.665
19.76
1.615
5.996
6.571
0.713
0.898
5.946
5.152
15.845
5.963
1.119
2.552
0.897
5.978
16.5
13.478
2.481
10.498
0
0
5.998
13.5
5.211
6.765
1.708
13.5
2.491
8.114
16.452
13.109
19.967
6.483
0.724
4.086
0.967
0.898
5.988
5.748
0
42.181
1.398
0.9
44.997
5.078
13.5
10.416
2.937
8.19
5.603
1.8
1.844
54.96
0
44.833
6.291
2.999
1.734
0.882
2.705
7.913
19.791
2.766
19.973
1.59
19.332
19.956
19.644
0.243
13.491
13.466
34.98
44.971
16.497
12.968
8.25
30.624
34.831
1.799
0.265
6.581
2.247
5.95
10.279
5.996
6
0.898
5.25
34.958
19.999
13.246
37.817
19.615
19.999
13.295
10.128
16.291
45
34.712
16.499
2.25
8.205
0.085
44.92
0.266
1.75
6
5.983
2.539
34.975
0.869
16.465
10.424
5.248
44.633
2.693
0.136
5.999
8.208
0.3
44.995
35
3
36.162
8.25
5.4
13.5
0.859
0
16.464
16.499
54.996
8.23
0
5.998
19.847
34.992
6.193
2.999
2.727
1.747
2.995
0
8.248
4.59
5.724
2.75
13.151
19.873
1.36
5.197
54.97
1.748
2.659
0.763
1.747
0.946
5.316
0.725
2.662
0.536
34.806
5.681
54.379
0
6.306
0.996
39.343
2.43
2.818
1.758
44.968
5.785
0.965
10.482
5.219
54.92
2.939
44.974
0.206
14.625
10.185
3
0.515
5.383
13.5
0
1.949
0
0.98
2.998
2.746
2.558
18.104
19.954
0
55
13.073
16.498
8.086
1.799
0.249
0.297
0
16.343
9.795
0.3
0.137
16.438
5.044
0.298
0.897
16.421
54.945
6.746
0.102
5.654
13.5
1.76
44.382
6
45
0
54.832
34.959
1
16.482
5.25
2.998
0
54.964
5.976
1.76
10.149
6
13.293
5.998
2.703
55
0.944
13.5
0.95
4.978
8.214
1.698
1.421
0.976
10.128
8.25
8.168
1.794
6.702
1.621
1.386
6.395
5.973
16.497
12.946
0
34.69
8.25
16.497
2.249
5.223
1.795
1.617
19.71
7.846
2.729
2.932
19.421
19.997
16.124
6.747
5.011
5.788
5.949
32.137
2.996
44.996
2.654
1.713
0
16.466
5.698
5.25
4.714
4.959
16.192
1.779
1.737
5.25
6.722
0.661
3
44.998
5.999
8.23
1.795
5.529
5.25
5.386
6.12
10.896
1.66
5.996
2.75
2.21
13.267
54.742
2.748
5.996
0.273
0.895
0.267
2.495
16.259
2.192
1.747
6.728
5.682
4.75
0.565
34.544
0.241
19.744
8.248
4.398
8.25
1.797
19.958
0.69
1.541
6.522
10.277
0
1.556
2.228
7.534
1.657
0
0.839
54.794
2.353
2.976
8.246
2.713
7.143
5.197
19.802
0.998
2.719
5.01
0
2.431
0
0.912
8.148
10.497
8.246
27.59
0
5.681
5.453
16.5
1.748
1.382
44.997
54.997
5.235
19.568
34.964
1.177
19.97
20
8.227
2.202
44.956
34.973
2.691
34.997
0.201
19.696
10.123
2.202
44.997
8.247
10.39
44.997
10.5
54.942
2.247
19.998
1.797
5.943
1.506
2.75
54.837
0.633
5.189
35
34.816
2.477
1.427
0.065
5.733
54.753
0.579
34.837
1.781
44.999
16.44
2.248
16.497
5.976
5.997
52.603
24.081
8.23
5.414
16.118
8.246
2.405
16.448
34.749
1.708
7.559
47.924
0
1.749
0.875
1.797
1
6.748
54.838
34.953
5.649
9.939
6.75
10.499
2.207
13.457
16.5
1.799
0.593
2.279
19.997
16.5
0.763
0
0
54.997
5.219
1.117
5.144
10.5
10.49
13.5
10.46
5.427
5.203
2.25
4.822
10.451
5.213
10.5
44.999
0
5.25
5.964
1.708
53.016
54.882
2.495
19.698
0
10.5
0.273
3
5.94
10.5
34.506
44.996
5.25
1.8
13.459
19.863
48.514
0.592
2.25
1.4
2.7
0
8.033
1.796
0.9
5.913
5.368
1.456
3
3.318
20
2.739
0.786
2.908
13.314
0.268
19.319
0
0
1.456
0.923
52.591
5.248
34.67
0.442
4.925
7.587
5.995
2.997
1.786
8.981
1.715
19.854
19.963
2.961
1.16
7.651
10.5
0
7.828
1.394
0.149
1.587
54.782
10.5
2.248
7.911
0.466
0
0
0.689
1.747
54.997
0
0.784
54.535
1.462
5.928
44.873
2.978
44.412
0.26
44.823
13.138
1.769
2.247
1.75
10.5
0.842
54.998
15.998
44.963
34.401
7.46
2.747
2.25
2.75
1.35
5.977
55
1.75
44.965
18.365
2.246
0.852
54.771
5.989
16.161
0.823
16.495
6.718
34.5
10.483
6
44.62
10.335
0.844
1.386
7.973
0
45
19.962
0
16.498
0.53
1.685
5.793
1
0.09
5.996
44.759
0
0.277
5.777
2.173
10.495
5.956
0
10.039
0.966
0
0.954
5.247
54.583
1
19.945
1.702
1.922
16.497
16.499
54.95
2.039
0.839
8.271
5.226
16.251
13.497
54.968
6.178
1.777
4.773
44.941
6.75
1.631
2.72
2.288
13.286
19.672
16.426
0.226
34.362
10.469
34.896
0
8.247
44.963
34.957
5.246
54.955
44.838
0.047
10.21
5.932
5.979
6.578
0
0.234
45
0
0.059
6.397
45
2.563
54.965
13.05
13.121
0.897
3.997
2.25
5.996
0.595
3.686
19.998
54.955
13.5
2.25
5.23
34.712
19.791
5.216
0
0.562
0.459
34.728
44.557
2.963
2.601
0
1.277
2.624
1.999
5.957
1.057
1.429
2.984
0.804
1.525
54.996
0.858
1.707
10.5
0
1.534
6
5.481
54.747
0.967
2.653
5.533
0.721
5.953
20
0.896
54.957
13.498
0.945
6.75
5.975
34.997
44.931
34.373
0.9
5.22
44.998
0.896
0.829
54.774
0.948
1.438
42.845
0
6.745
5.692
0
1.73
5.191
34.616
2.707
0
5.25
1.346
0.9
2.974
8.197
1.043
19.134
0.845
0
19.952
0.298
0.296
0.817
0.898
5.646
2.748
0
54.94
8.228
1.848
54.971
6.566
19.435
1
10.184
0.872
0.871
34.954
44.967
16.497
13.497
16.5
7.922
44.968
6.731
0.898
5.994
6.667
54.998
1.779
1
2.213
0
5.905
8.206
0
5.221
0.193
5.25
1.088
2.933
44.709
5.25
54.969
5.996
1.733
0.67
2.617
0.979
44.931
10.25
2.082
6.748
5.248
3.185
0.897
4.596
2.228
54.815
0
10.497
1.796
13.497
8.249
5.997
0.635
4.676
5.492
34.966
16.5
5.47
3.802
1.863
34.466
1.747
0.515
2.721
0.591
5.875
48.481
0.389
5.363
2.971
0
34.935
2.876
5.975
34.989
13.058
9.812
19.81
2.696
8.25
0.876
8.218
6.505
16.474
2.998
2.997
0.883
34.965
1.722
2.247
2.949
1.612
5.604
6.737
0.856
5.957
1.582
5.996
6.703
16.497
5.963
0.3
0
0.27
2.497
16.497
0
34.999
1.798
34.828
13.5
2.218
5.957
4.517
0
6.707
4.951
5.997
3.164
0
2.674
1.756
8.25
0.896
54.709
1.75
54.929
0
0.856
2.75
10.478
8.25
5.219
0
9.344
6.75
0.898
1.685
0.261
16.025
0.801
44.998
6
7.817
44.966
0.872
16.24
34.997
44.992
3
0
34.95
0.299
12.768
1.448
45
0
13.45
54.953
2.25
0
0
4.373
8.209
1.8
1.755
0.979
0
0
2.804
5.664
5.246
5.996
0.9
13.471
6.711
55
8.214
2.747
1.797
13.469
0.273
5.998
2.747
5.086
2.976
6.75
0
5.215
1.748
6.7
20
5.746
1.797
2.102
2.606
2.951
10.5
0.965
5.957
5.946
2.785
5.946
16.5
8.05
34.952
34.73
10.5
54.786
2.248
6
16.498
5.557
1
1.8
2.784
13.212
0.858
10.218
34.957
44.607
1.555
44.773
1.319
0.998
0.789
47.073
10.497
54.615
1.705
16.069
6.024
2.772
6
5.248
4.986
5.339
5.998
1.944
5.715
1.8
5.974
2.95
16.849
2.75
1.709
5.959
19.967
1.798
54.962
18.059
0.277
6.713
54.508
1.778
10.47
5.954
1.974
6.747
2.212
3
6.589
16.474
5.191
0.872
8.21
5.943
19.585
34.994
0.743
4.453
44.749
6.21
2.235
16.446
1.925
1.488
0.872
2.779
17.458
13.428
16.428
6
13.5
13.497
1.489
0.62
1.711
5.917
0.297
13.65
16.5
1.263
10.161
0.225
12.732
2.246
8.204
2.213
54.998
1.8
5.791
5.978
2.729
16.481
1.609
5.873
0.709
13.498
0.299
5.999
2.231
0
5.997
10.495
34.44
6.746
15.935
8.492
1.712
0.899
10.018
16.498
5.996
48.108
1.723
9.732
13.45
1.405
0.9
1.391
15.833
2.748
5.968
1.693
2.347
12.452
1
3
9.811
54.942
8.245
6.465
15.611
0
2.75
1.691
5.249
2.997
6
2.719
5.35
19.777
6
8.195
34.999
13.445
5.744
8.212
1.747
2.225
54.439
0
1.764
1.517
0.15
16.348
1.799
1.596
16.477
2.109
5.2
2.574
0.873
7.793
0.256
44.276
19.765
10.118
19.998
16.457
0
34.996
44.998
16.449
0.897
0.997
37.722
13.055
13.495
2.228
5.25
4.718
0
19.997
54.998
6.308
10.24
45
0.433
5.997
0.495
5.766
2.134
0.297
1.387
5.938
55
2.935
5.827
0.005
3
6.75
2.703
0
3.311
44.976
10.158
2.033
10.496
0
54.999
13.469
2.25
6.73
6
2.997
32.917
1.747
15.962
0
5.441
12.036
5.995
44.997
6.748
10.499
2.248
5.996
1.687
16.5
0
1.796
2.852
10.5
5.836
16.329
34.724
0.282
44.714
0.715
6.662
2.979
6
13.471
6.75
2.747
6.718
44.432
5.996
0
19.998
6.457
1.518
1.626
34.963
6.748
19.785
6.75
20
13.5
0.716
44.978
35
0
10.5
54.672
13.497
1.568
2.705
8.246
1.758
0.897
5.588
19.996
5.374
0.897
0.259
13.042
11.295
0.023
19.998
16.264
2.665
6.252
45
16.164
44.966
5.246
20
2.746
6
34.269
5.138
0
0.977
7.862
2.678
16.38
10.468
44.945
0.98
5.25
6.705
16.499
1.736
13.476
1.508
7.987
2.783
0.712
3.542
34.696
1.8
6.334
2.247
16.007
2.562
0
34.903
14.701
2.806
2.224
7.891
0
0
2.75
19.936
5.569
8.249
0.981
1.837
2.75
7.626
6.749
0.219
10.46
8.047
2.73
2.717
1.535
1.1
45
2.376
6.855
0.84
2.206
5.947
54.661
4.367
9.725
13.449
0.87
1.273
2.961
6.715
0.853
5.815
5.952
43.594
5.246
10.496
0.866
5.996
6.078
2.748
2.997
5.041
2.087
5.997
4.464
5.917
0.616
10.5
54.415
1.797
0.9
44.966
2.75
0.995
5.23
6.481
1.718
34.917
0
4.403
0.514
44.959
5.075
0.898
10.5
1.75
6.457
6
19.959
2.085
2.248
1
34.939
5.185
5.954
5.963
13.46
5.973
0.102
5.25
19.967
34.918
0.896
1.75
32.878
32.743
0.898
19.719
4.557
1
0.091
2.019
5.998
5.522
1.629
0
0.3
1.643
13.5
1.748
6.45
1.555
7.369
0.9
16.474
5.995
4.97
8.215
1.258
5.997
10.19
2.75
43.685
1.903
19.998
0.296
8.207
13.302
37.581
5.752
2.728
16.14
5.249
0
16.496
1.674
5.956
44.965
34.77
37.211
1.374
0
2.747
6
13.456
6.676
5.937
16.497
0
13.272
44.652
2.363
1.737
1
0.28
2.715
0
1.502
5.967
5.172
1.795
4.836
5.209
0
34.97
34.997
5.963
6
5.972
0
14.849
16.445
10.463
0.855
6.748
0.964
54.498
45
5.743
19.998
13.191
0.283
2.75
2.208
5.347
2.973
8.247
0
1.789
19.778
0.3
19.986
0.875
0.297
4.544
6.747
18.034
0.85
44.914
2.75
6.529
4.9
1.797
10.435
1.746
2.521
5.04
1.462
1.8
5.809
5.997
6
10.468
52.764
13.224
32.768
1.747
1
0
16.463
0.967
0.705
5.979
1.8
19.938
5.935
2.692
4.974
0.569
5.996
0
5.851
16.166
5.995
0
2.25
0.997
1.797
16.465
0.351
13.5
1
5.382
0.9
1.748
0.199
5.977
5.979
34.942
8.221
2.208
0.947
6
34.664
0
5.195
54.952
6.575
8.249
34.998
5.359
43.461
34.205
54.795
5.957
5.245
16.435
6.115
54.515
5.234
2.247
1.8
6.586
5.752
0.85
54.999
13.497
5.248
31.448
16.499
34.642
5.997
5.997
4.671
6.748
6.273
5.25
0
9.423
13.379
2.404
35
13.308
34.96
13.471
34.871
5.958
6
5.25
0.016
0.812
13.495
0.273
10.468
5.998
1.759
34.998
0.287
1.576
5.933
1.776
8.015
5.249
1.261
1.898
5.222
1.586
6
19.719
0.846
1.75
55
1.798
49.141
2.711
45
5.808
5.721
0
5.391
6.605
11.653
6.705
44.999
34.987
19.746
15.67
5.997
3.39
9.719
1.758
34.959
54.97
5.809
2.746
0
0.977
0.3
0.982
13.5
2.71
0.3
1
2.226
0.962
0.866
0
0.3
2.645
2.248
0.239
0.297
54.973
2.998
12.827
0.283
54.965
1
54.703
19.965
5.574
13.358
2.176
8.25
2.675
44.997
2.99
5.782
8.211
16.497
0.298
0
5.776
13.455
6
0
7.893
5.352
19.524
2.51
16.47
0.996
13.5
0.945
10.5
2.506
6.525
0
13.5
1.746
16.469
26.564
5.463
11.334
1.746
13.497
0
29.449
5.997
0
0
0.669
34.921
2.662
19.948
34.958
0.941
0
11.117
1.748
16.101
16.306
2.961
10.328
0.297
19.705
8.25
35
1.838
6.083
6.722
0
16.5
2.749
19.428
6.252
19.997
5.676
5.643
1.746
54.945
0.944
15.906
5.218
2.878
6.521
0.297
16.073
16.035
5.331
5.753
10.468
2.858
1.761
54.686
0.827
13.467
10.459
7.628
13.496
13.5
5.963
0.734
55
1.562
13.154
19.456
10.481
0.382
16.5
7.726
16.451
6.729
1.749
0.3
34.808
2.553
0.998
1.731
0
5.799
54.996
14.505
5.799
0.532
55
2.787
3.526
0
2.838
8.197
4.703
8
5.009
16.5
5.609
2.549
10.49
6
19.998
13.497
15.878
13.47
5.968
2.248
12.864
44.972
15.947
2.631
44.934
13.233
54.998
8.25
44.997
16.471
8.247
1.798
5.762
0.088
0
55
2.702
0
2.204
2.965
44.996
2.75
0.768
0.295
5.247
0.701
1.799
2.718
0.788
10.343
10.099
8.25
0.898
34.718
54.962
0
6.709
0
19.956
16.497
0.981
1.927
19.998
35.188
0
0
34.979
9.155
54.996
0.884
4.918
8.187
1.608
0
0.9
19.483
0
8.247
10.487
0.446
5.218
0
0.269
6.747
44.996
0.865
19.96
5.6
54.962
2.478
54.39
19.967
2.25
34.752
7.476
34.998
2.75
10.463
0.3
34.971
1.747
0.281
1.75
16.5
16.497
1.359
8.25
2.735
5.25
5.979
1
0.024
6.122
5.208
18.046
2.952
44.64
1.547
2.974
1.797
5.76
5.219
19.957
5.25
6.75
44.802
5.693
2.718
13.45
1.77
35
0.407
1.867
1
5.25
3.943
0.873
1.771
10.5
1.515
2.997
5.657
6.748
1.575
5.87
0
0.299
0.868
54.977
12.949
32.557
2.099
13.176
10.001
19.663
4.893
8.248
6
2.182
0
13.468
1.797
13.467
0.609
1.755
0.9
0.984
2.475
5.997
45
1.797
34.324
44.477
44.984
0
5.248
0.298
12.876
34.996
31.123
2.744
16.498
0.255
2.996
13.273
1.748
13.475
13.464
2.748
5.235
6
1.999
2.656
2.728
5.247
0
2.25
0
5.768
1.75
2.175
1.709
10.161
2.25
19.725
45
5.206
0.64
1.609
2.489
54.836
1.75
54.973
0
6.701
2.25
0
19.972
5.79
0
15.834
7.81
2.704
8.25
2.246
5.216
5.997
6.75
34.71
0.897
6.531
34.826
0.296
5.218
8.235
5.953
8.25
0.499
1.932
2.695
1.463
6.748
0.898
40.903
1.332
0
8.166
5.99
13.5
0
2.692
3
6
54.961
19.944
44.788
5.035
6.128
42.404
2.75
0.857
1.204
2.249
19.997
2.747
9.897
54.998
54.998
2.105
1.611
8.248
5.997
0
2.997
34.964
1.7
2.75
10.499
0
0.963
1.772
5.954
2.339
5.907
0.841
13.472
1.711
2.25
34.996
0
16.101
19.941
2.1
5.977
34.948
0.297
0
2.723
0
2.65
6.402
54.97
0
19.971
44.996
2.528
3
0.971
1.283
0
4.974
1.714
1.658
2.25
1.531
0
19.784
2.746
13.498
10.47
19.646
2.995
6
5.257
3.443
1.635
6.748
16.109
13.5
0
2.685
0.898
5.25
54.43
6
5.212
1.75
10.231
0.272
8.004
5.22
13.5
19.948
2.219
4.646
5.996
10.497
54.996
4.74
0.298
10.5
35
2.956
0.933
13.497
10.22
8.032
19.777
35
0.431
5.767
0
6.542
13.162
0.9
5.938
6.58
2.742
44.953
12.743
0.9
34
8.247
6.096
2.997
0
0
8.016
0
10.417
0
16.075
10.246
16.498
5.075
0.103
0.298
5.016
41.813
10.487
0.086
20
0.796
0.948
2.793
4.466
10.453
19.848
5.764
16.178
44.607
1.552
5.18
19.785
6.261
1.488
6
3.292
1.748
55
0
6.75
0
54.817
5.779
2.748
0.793
8.246
0.272
10.478
0.279
46.629
6.674
1.675
1.798
54.943
2.732
19.997
0.161
0
10.497
19.973
19.999
2.25
2.684
5.336
0
2.25
1.59
2.408
34.967
55
10.175
4.936
44.996
6.444
1.183
6.75
1.403
13.176
2.719
2.547
54.171
2.247
5.223
5.186
1.8
1.798
6.747
0
3.049
54.634
19.971
10.495
6.709
4.55
0
8.177
19.523
5.219
5.946
8.25
54.982
0.347
1.352
0
1.951
5.999
5.246
8.25
0.727
8.247
35
5.997
4.022
11.111
0
2.213
6
2.054
5.998
0
1.63
6.733
5.225
1.744
13.302
0
1.968
0
16.5
0
9.957
0.613
2.971
6.7
34.521
44.947
2.747
1.778
0
54.997
6.697
5.657
0.644
0.212
6.593
0.994
5.602
0.962
19.817
19.969
44.997
0
1.747
0.27
0.956
13.498
1.67
5.775
4.011
0.342
34.998
6.745
6.75
2.256
54.996
16.471
1.399
8.248
10.495
0.896
54.96
16.456
16.451
8.248
16.465
6
16.448
14.857
5.232
2.247
19.998
34.998
0.597
19.755
5.896
1.755
0.897
16.286
0.898
1.575
4.831
4.437
13.496
1.13
54.998
1.667
5.403
13.271
54.797
0
45
6.027
6.729
54.998
4.87
5.713
19.713
19.597
8.248
1.8
10.498
0.331
0.696
6.692
1.796
5.997
0
54.737
1.857
5.773
0.9
2.512
1.8
20
0.953
2.997
2.454
0.342
54.956
13.391
5.084
8.247
8.25
27.875
6.264
16.285
6
19.482
19.359
7.866
5.207
5.998
34.964
7.975
9.883
2.969
0
34.946
10.5
1.478
6
0.9
0.651
55
6.747
6.321
12.858
12.958
54.273
34.826
4.877
35
0.3
0.851
1.746
0.163
3.451
13.499
0
35
16.496
2.061
4.965
2.218
2.748
0.757
2.247
6.717
35.931
5.246
5.998
0.717
3
24.763
2.976
1.415
14.592
0.866
44.951
5.239
3
5.515
13.485
0
5.949
2.25
0.397
15.483
0.296
5.246
0
7.982
20
0.3
0.945
13.498
0
5.688
0.264
47.462
16.5
10.499
1.277
8.144
0.967
54.654
5.974
6.745
0.836
5.97
3
2.24
5.204
44.436
1.723
20
2.326
1.8
19.606
6.739
5.685
5.416
3.631
0.296
3.285
0
2.595
0.278
2.765
5.25
1.78
5.706
1.484
28.872
8.198
5.706
34.998
34.997
34.698
16.5
10.207
1.575
20
19.997
1.385
0.3
0
1.305
6.747
0.998
0.206
6.488
1.297
3
5.954
19.509
2.513
0
10.496
2.224
5.987
2.717
8.197
5.964
1.747
34.984
0
0.996
6
10.463
54.789
42.638
5.206
8.458
35
0.595
8.25
1.816
1.407
8.247
13.466
1.505
1.562
1.475
2.748
6.534
6.746
3
1.959
5.25
19.997
5.246
0.672
0
43.938
13.498
13.459
6.747
10.469
19.484
1.728
2.213
6.701
34.998
2.53
19.855
6.438
2.245
8.25
8.024
0.696
0
0.297
2.844
2.054
44.771
0.997
19.997
8.074
0.9
10.323
13.203
13.497
5.693
0.514
0
0
54.998
16.498
0.296
5.773
0
1.648
10.495
6
6.703
0.87
44.964
4.638
0
2.472
54.97
2.217
13.483
1.617
1.707
54.958
1.753
2.747
16.292
11.347
34.81
2.25
13.263
2.214
5.248
54.999
34.973
5.751
2.059
7.806
2.665
10.301
5.248
4.716
5.25
10.464
1.474
6
16.496
5.985
0.209
34.957
6.712
5.247
2.749
5.423
2.75
34.434
44.998
44.685
13.497
8.246
8.095
22.347
1.732
2.586
8.234
0.297
1.357
6.694
10.324
7.95
54.862
2.945
1.8
1.575
0
5.999
11.015
9.237
1.716
2.355
5.25
5.971
0
2.035
0.805
19.997
13.39
10.461
2.638
8.25
34.606
5.643
8.113
2.029
0
0.282
16.463
10.432
54.608
5.997
44.931
1.521
10.474
2.25
34.998
10.496
19.943
13.467
2.792
19.308
0.749
3
6.75
16.497
1.665
19.945
44.959
2.71
5.969
16.356
0
1.737
0.683
0.873
6.695
0.047
16.131
7.641
5.129
44.956
8.01
0.402
0.4
2.75
2.75
1.795
0.809
5.949
7.63
44.998
44.459
55
13.497
1.537
0
1.704
54.976
2.996
44.61
0
0.365
34.855
19.996
0.9
13.09
5.923
13.5
19.975
10.459
0
5.997
19.997
32.407
1.383
2.726
10.103
0
19.953
5.964
0.497
2.998
7.932
0.998
12.057
16.5
1.453
16.05
6.701
5.224
0.3
54.997
0.213
13.5
7.986
10.237
13.477
15.683
6.536
0.842
6.746
5.25
8.25
6.463
1.798
0.297
5.997
0.898
44.969
2.212
5.586
6.541
54.997
19.996
1.728
5.07
44.997
0.3
0.737
10.311
2.997
10.296
19.996
0
55
1.8
0.9
10.027
27.383
6.749
10.433
2.75
6.736
19.795
5.785
34.627
34.954
5.218
2.659
0.861
6.45
35.415
34.997
55
19.942
2.202
26.404
2
0
19.998
0.313
0.05
1.841
25.263
8.399
0.897
0.271
16.451
16.237
16.107
53.429
10.11
10.471
20
1.58
2.747
35.801
1.772
5.999
44.94
2.238
13.425
5.559
6.345
0.296
10.5
0
6.559
0
2.75
44.631
1.739
0
5.225
2.75
5.983
2.572
1.486
1.974
5.246
0
0.3
5.227
1.72
19.732
0.229
54.718
5.943
1.35
0.148
13.442
0.269
2.536
0.841
10.497
13.49
1.443
54.995
55
0
5.587
2.719
5.807
0.996
54.961
8.25
2.057
5.82
35
5.942
10.308
2.22
13.481
6.689
3
44.507
45
34.508
16.294
6
0.884
5.965
44.962
6.75
13.426
7.62
2.035
0
49.752
0
16.46
7.885
34.92
5.944
35
13.5
6
5.955
34.795
46.331
1.768
54.846
44.965
0.331
2.748
4.806
4.813
0.9
10.415
44.726
0.897
1.884
2.747
10.5
5.968
54.671
5.999
0.232
2.669
16.448
0
5.997
0
16.423
1.773
0.629
8.25
1.58
13.394
0
44.36
0.095
19.996
19.996
47.148
0.268
15.835
19.846
6.75
55
13.499
5.304
34.276
0.3
13.497
16.48
0.259
27.618
4.709
5.97
8.214
5.964
0.276
0.447
54.154
8.041
16.238
19.994
2.367
0
1.75
8.25
0
5.214
1.308
1.955
0.663
0
10.451
2.198
0.997
5.965
0.61
2.745
2.675
2.976
44.978
10.5
2.248
5.965
13.477
6.439
19.998
5.247
0.265
0
12.952
1.748
19.973
0.9
2.495
5.973
5.97
0.296
5.199
44.871
6.746
1.554
4.901
8.212
2.794
0
16.465
0.943
54.969
16.449
2.75
0
19.974
34.993
6.544
45
54.37
2.578
9.672
5.998
0
54.93
0
0
0
10.158
19.114
9.274
3
16.5
0.897
4.494
1.704
4.39
34.717
6
3
10.278
2.311
0
10.499
10.497
1.4
13.472
16.091
1.609
13.498
0.867
1.8
2.946
0
16.5
0.253
0
13.498
2.708
15.426
2.424
5.247
10.257
2.973
0.764
0.3
19.74
2.803
6.178
5.43
0.243
2.322
16.5
44.26
2.999
1
0.3
6.747
1.797
1.709
2.514
1
8.221
5.062
5.795
34.959
44.964
10.498
46.016
0
2.044
0.9
16.471
4.176
0
34.782
2.561
5.09
0.297
0.869
0.191
55
6.747
0
2.96
0.273
39.882
54.659
10.498
34.997
0
0.867
2.288
19.777
0.896
8.25
2.464
0.322
10.454
34.714
0
44.372
4.807
6
5.992
2.443
1.797
20
0.77
6
54.915
0.846
0.873
8.25
44.971
5.241
5.226
8.247
5.25
44.996
5.192
19.742
0.998
1.75
2.46
10.449
5.212
50.371
5.966
1.784
35
1.983
2.246
6.477
1.747
0.298
4.796
0.3
13.5
34.997
12.563
10.496
5.462
55
